-1000 -0.0344643
-959.184 -0.0367765
-918.367 -0.0358806
-877.551 -0.032018
-836.735 -0.026152
-795.918 -0.0195053
-755.102 -0.0131058
-714.286 -0.00757542
-673.469 -0.00315238
-632.653 0.000181154
-591.837 0.00257045
-551.02 0.00420028
-510.204 0.00524794
-469.388 0.00586413
-428.571 0.00616875
-387.755 0.00625355
-346.939 0.00618703
-306.122 0.00601941
-265.306 0.00578711
-224.49 0.00551616
-183.673 0.00522502
-142.857 0.00492655
-102.041 0.00462957
-61.2245 0.00434
-20.4082 0.00406164
20.4082 0.00379678
61.2245 0.00354668
102.041 0.00331183
142.857 0.00309223
183.673 0.00288753
224.49 0.00269715
265.306 0.00252039
306.122 0.00235645
346.939 0.00220454
387.755 0.00206381
428.571 0.00193349
469.388 0.00181278
510.204 0.00170097
551.02 0.00159736
591.837 0.00150131
632.653 0.00141222
673.469 0.00132954
714.286 0.00125276
755.102 0.0011814
795.918 0.00111504
836.735 0.00105327
877.551 0.000995742
918.367 0.000942114
959.184 0.000892083
1000 0.00084537
