-1000 0.00570728
-959.184 0.00626707
-918.367 0.00690438
-877.551 0.00763336
-836.735 0.00847139
-795.918 0.00944005
-755.102 0.0105662
-714.286 0.0118839
-673.469 0.013436
-632.653 0.0152777
-591.837 0.0174806
-551.02 0.0201379
-510.204 0.0233725
-469.388 0.0273479
-428.571 0.0322822
-387.755 0.038467
-346.939 0.0462881
-306.122 0.0562397
-265.306 0.0689015
-224.49 0.0847886
-183.673 0.103818
-142.857 0.123754
-102.041 0.136434
-61.2245 0.121746
-20.4082 0.0511726
20.4082 -0.065384
61.2245 -0.140377
102.041 -0.148186
142.857 -0.143686
183.673 -0.118558
224.49 -0.102316
265.306 -0.089912
306.122 -0.0723849
346.939 -0.0717925
387.755 -0.0589341
428.571 -0.0589436
469.388 -0.0574026
510.204 -0.0523142
551.02 -0.060882
591.837 -0.0561528
632.653 -0.0664334
673.469 -0.0720263
714.286 -0.0789148
755.102 -0.0984396
795.918 -0.107251
836.735 -0.133259
877.551 -0.147263
918.367 -0.148327
959.184 -0.11354
1000 -0.00563526
