-1000 0.000498049
-959.184 0.00050793
-918.367 0.000515513
-877.551 0.000520161
-836.735 0.00052112
-795.918 0.000517511
-755.102 0.000508319
-714.286 0.000492382
-673.469 0.000468391
-632.653 0.000434891
-591.837 0.000390298
-551.02 0.000332928
-510.204 0.000261047
-469.388 0.000172945
-428.571 6.70366e-05
-387.755 -5.80006e-05
-346.939 -0.00020306
-306.122 -0.000368406
-265.306 -0.000553459
-224.49 -0.000756572
-183.673 -0.000974831
-142.857 -0.00120392
-102.041 -0.00143808
-61.2245 -0.00167018
-20.4082 -0.00189199
20.4082 -0.00209463
61.2245 -0.00226911
102.041 -0.00240707
142.857 -0.0025015
183.673 -0.00254739
224.49 -0.00254226
265.306 -0.00248637
306.122 -0.00238277
346.939 -0.00223688
387.755 -0.00205607
428.571 -0.00184887
469.388 -0.0016243
510.204 -0.00139116
551.02 -0.00115749
591.837 -0.000930154
632.653 -0.000714625
673.469 -0.000514934
714.286 -0.000333728
755.102 -0.000172423
795.918 -3.14123e-05
836.735 8.97112e-05
877.551 0.000191942
918.367 0.000276667
959.184 0.000345507
1000 0.000400184
