-1000 0.00100631
-959.184 0.00105445
-918.367 0.00110462
-877.551 0.00115675
-836.735 0.00121071
-795.918 0.00126633
-755.102 0.00132331
-714.286 0.0013813
-673.469 0.00143979
-632.653 0.00149812
-591.837 0.00155545
-551.02 0.0016107
-510.204 0.00166251
-469.388 0.00170919
-428.571 0.00174867
-387.755 0.00177841
-346.939 0.00179538
-306.122 0.00179594
-265.306 0.00177583
-224.49 0.00173012
-183.673 0.00165323
-142.857 0.00153893
-102.041 0.00138052
-61.2245 0.00117101
-20.4082 0.000903439
20.4082 0.00057139
61.2245 0.000169567
102.041 -0.000305449
142.857 -0.000854365
183.673 -0.00147433
224.49 -0.00215817
265.306 -0.00289391
306.122 -0.00366454
346.939 -0.00444841
387.755 -0.00522006
428.571 -0.00595152
469.388 -0.00661407
510.204 -0.00718012
551.02 -0.00762512
591.837 -0.0079292
632.653 -0.00807857
673.469 -0.00806638
714.286 -0.00789319
755.102 -0.00756693
795.918 -0.00710238
836.735 -0.00652019
877.551 -0.00584549
918.367 -0.00510617
959.184 -0.00433095
1000 -0.00354752
