-1000 0.00118093
-959.184 0.00119125
-918.367 0.00118969
-877.551 0.00117299
-836.735 0.00113727
-795.918 0.001078
-755.102 0.000989994
-714.286 0.000867423
-673.469 0.000703928
-632.653 0.000492826
-591.837 0.000227475
-551.02 -9.81788e-05
-510.204 -0.000488826
-469.388 -0.000946781
-428.571 -0.00147074
-387.755 -0.00205445
-346.939 -0.00268539
-306.122 -0.00334386
-265.306 -0.0040028
-224.49 -0.00462869
-183.673 -0.00518394
-142.857 -0.00563063
-102.041 -0.00593512
-61.2245 -0.00607294
-20.4082 -0.00603261
20.4082 -0.00581752
61.2245 -0.00544536
102.041 -0.00494529
142.857 -0.00435347
183.673 -0.00370823
224.49 -0.00304571
265.306 -0.00239671
306.122 -0.00178503
346.939 -0.00122706
387.755 -0.000732356
428.571 -0.000304775
469.388 5.61701e-05
510.204 0.000354005
551.02 0.000594144
591.837 0.000782989
632.653 0.000927254
673.469 0.00103351
714.286 0.0011079
755.102 0.00115597
795.918 0.00118261
836.735 0.00119206
877.551 0.0011879
918.367 0.00117315
959.184 0.00115033
1000 0.0011215
