-1000 0.000845526
-959.184 0.000726815
-918.367 0.000551036
-877.551 0.00030605
-836.735 -1.95321e-05
-795.918 -0.000434195
-755.102 -0.000940501
-714.286 -0.00153141
-673.469 -0.0021866
-632.653 -0.00287003
-591.837 -0.00353028
-551.02 -0.00410525
-510.204 -0.00453144
-469.388 -0.00475634
-428.571 -0.00475045
-387.755 -0.00451455
-346.939 -0.00407953
-306.122 -0.00349876
-265.306 -0.00283593
-224.49 -0.00215281
-183.673 -0.00150011
-142.857 -0.00091307
-102.041 -0.000411274
-61.2245 -1.18959e-06
-20.4082 0.000320126
20.4082 0.000561368
61.2245 0.000734006
102.041 0.000850176
142.857 0.000921378
183.673 0.000957791
224.49 0.00096801
265.306 0.000959052
306.122 0.00093649
346.939 0.000904657
387.755 0.000866859
428.571 0.000825573
469.388 0.000782625
510.204 0.000739332
551.02 0.000696624
591.837 0.000655139
632.653 0.000615297
673.469 0.000577354
714.286 0.000541449
755.102 0.000507637
795.918 0.000475913
836.735 0.00044623
877.551 0.000418515
918.367 0.000392675
959.184 0.00036861
1000 0.000346215
