-1000 0.000867817
-959.184 0.000905264
-918.367 0.000943509
-877.551 0.000982307
-836.735 0.00102134
-795.918 0.00106019
-755.102 0.00109834
-714.286 0.00113513
-673.469 0.00116972
-632.653 0.00120112
-591.837 0.00122807
-551.02 0.00124906
-510.204 0.00126228
-469.388 0.00126554
-428.571 0.00125629
-387.755 0.00123152
-346.939 0.00118776
-306.122 0.00112107
-265.306 0.00102703
-224.49 0.000900814
-183.673 0.000737308
-142.857 0.000531277
-102.041 0.00027766
-61.2245 -2.80342e-05
-20.4082 -0.000389202
20.4082 -0.0008075
61.2245 -0.00128209
102.041 -0.00180887
142.857 -0.00237971
183.673 -0.00298188
224.49 -0.00359789
265.306 -0.00420573
306.122 -0.00477984
346.939 -0.0052927
387.755 -0.00571707
428.571 -0.00602856
469.388 -0.00620822
510.204 -0.00624473
551.02 -0.00613577
591.837 -0.00588826
632.653 -0.00551757
673.469 -0.00504567
714.286 -0.0044987
755.102 -0.00390436
795.918 -0.00328943
836.735 -0.00267786
877.551 -0.00208947
918.367 -0.00153937
959.184 -0.00103793
1000 -0.000591194
