-1000 0.00233179
-959.184 0.00248346
-918.367 0.0026454
-877.551 0.00281782
-836.735 0.00300073
-795.918 0.00319384
-755.102 0.00339645
-714.286 0.00360725
-673.469 0.00382417
-632.653 0.00404406
-591.837 0.00426235
-551.02 0.00447268
-510.204 0.00466632
-469.388 0.00483165
-428.571 0.00495344
-387.755 0.00501228
-346.939 0.00498399
-306.122 0.00483939
-265.306 0.00454462
-224.49 0.00406232
-183.673 0.00335416
-142.857 0.00238485
-102.041 0.00112793
-61.2245 -0.000427366
-20.4082 -0.00226917
20.4082 -0.00435787
61.2245 -0.00662494
102.041 -0.00897701
142.857 -0.0113052
183.673 -0.0134974
224.49 -0.015451
265.306 -0.0170814
306.122 -0.018326
346.939 -0.0191438
387.755 -0.0195114
428.571 -0.0194192
469.388 -0.0188698
510.204 -0.0178775
551.02 -0.0164725
591.837 -0.0147041
632.653 -0.0126437
673.469 -0.010384
714.286 -0.00803274
755.102 -0.00570222
795.918 -0.00349652
836.735 -0.00149994
877.551 0.000230377
918.367 0.00166634
959.184 0.00280588
1000 0.00366692
