-1000 0.259024
-959.184 0.360561
-918.367 0.527362
-877.551 0.827541
-836.735 1.39154
-795.918 1.45832
-755.102 -5.21667
-714.286 1.58521
-673.469 -0.434127
-632.653 -1.807
-591.837 2.69609
-551.02 -4.44616
-510.204 2.6225
-469.388 -1.0892
-428.571 -0.568464
-387.755 2.45247
-346.939 -4.28758
-306.122 2.92402
-265.306 -2.15711
-224.49 0.296441
-183.673 1.75223
-142.857 -4.10897
-102.041 2.59245
-61.2245 -3.94206
-20.4082 -0.295281
20.4082 1.66054
61.2245 1.01443
102.041 0.625355
142.857 0.416894
183.673 0.294199
224.49 0.216294
265.306 0.164123
306.122 0.127763
346.939 0.101597
387.755 0.082258
428.571 0.0676347
469.388 0.0563574
510.204 0.0475096
551.02 0.0404623
591.837 0.0347735
632.653 0.0301263
673.469 0.0262894
714.286 0.0230909
755.102 0.0204015
795.918 0.0181222
836.735 0.0161767
877.551 0.0145051
918.367 0.0130602
959.184 0.0118043
1000 0.010707
