-1000 -0.00537718
-959.184 -0.00928535
-918.367 -0.0137068
-877.551 -0.0183922
-836.735 -0.0229622
-795.918 -0.0269432
-755.102 -0.0298464
-714.286 -0.0312737
-673.469 -0.0310173
-632.653 -0.0291152
-591.837 -0.0258406
-551.02 -0.0216303
-510.204 -0.0169792
-469.388 -0.0123387
-428.571 -0.00805114
-387.755 -0.00432612
-346.939 -0.00125322
-306.122 0.00116774
-265.306 0.00299287
-224.49 0.00430593
-183.673 0.00519842
-142.857 0.00575756
-102.041 0.00606025
-61.2245 0.00617092
-20.4082 0.00614166
20.4082 0.00601347
61.2245 0.00581792
102.041 0.00557889
142.857 0.00531415
183.673 0.00503669
224.49 0.00475586
265.306 0.00447821
306.122 0.00420822
346.939 0.00394881
387.755 0.00370181
428.571 0.00346817
469.388 0.0032483
510.204 0.00304217
551.02 0.00284949
591.837 0.00266975
632.653 0.00250235
673.469 0.00234661
714.286 0.00220183
755.102 0.0020673
795.918 0.00194231
836.735 0.00182619
877.551 0.00171829
918.367 0.00161799
959.184 0.00152474
1000 0.00143798
