-1000 0.00742016
-959.184 0.00767147
-918.367 0.00789839
-877.551 0.00809013
-836.735 0.00823325
-795.918 0.00831116
-755.102 0.00830356
-714.286 0.00818587
-673.469 0.0079287
-632.653 0.00749746
-591.837 0.00685216
-551.02 0.00594775
-510.204 0.00473513
-469.388 0.00316322
-428.571 0.0011826
-387.755 -0.00124907
-346.939 -0.00415957
-306.122 -0.00755275
-265.306 -0.0113983
-224.49 -0.0156224
-183.673 -0.0201014
-142.857 -0.0246623
-102.041 -0.029091
-61.2245 -0.0331491
-20.4082 -0.0365963
20.4082 -0.0392158
61.2245 -0.0408365
102.041 -0.0413504
142.857 -0.040723
183.673 -0.0389964
224.49 -0.0362856
265.306 -0.0327669
306.122 -0.0286608
346.939 -0.0242084
387.755 -0.0196466
428.571 -0.0151861
469.388 -0.0109951
510.204 -0.00719226
551.02 -0.00384663
591.837 -0.000984661
632.653 0.00140035
673.469 0.00333802
714.286 0.00487171
755.102 0.00605123
795.918 0.00692757
836.735 0.00754951
877.551 0.00796164
918.367 0.00820339
959.184 0.00830884
1000 0.00830685
