-1000 0.00193422
-959.184 0.00210461
-918.367 0.00229443
-877.551 0.0025063
-836.735 0.00274323
-795.918 0.00300866
-755.102 0.00330652
-714.286 0.00364128
-673.469 0.00401798
-632.653 0.00444221
-591.837 0.00492016
-551.02 0.00545841
-510.204 0.00606373
-469.388 0.00674257
-428.571 0.00750016
-387.755 0.00833901
-346.939 0.00925636
-306.122 0.0102399
-265.306 0.0112611
-224.49 0.0122636
-183.673 0.0131458
-142.857 0.0137323
-102.041 0.0137313
-61.2245 0.0126724
-20.4082 0.00983188
20.4082 0.0041763
61.2245 -0.00555908
102.041 -0.0204008
142.857 -0.039939
183.673 -0.0606061
224.49 -0.075323
265.306 -0.0771658
306.122 -0.0651634
346.939 -0.0452276
387.755 -0.0249179
428.571 -0.00876945
469.388 0.00217529
510.204 0.008729
551.02 0.0121642
591.837 0.0135891
632.653 0.0138019
673.469 0.0133291
714.286 0.0125008
755.102 0.0115165
795.918 0.0104933
836.735 0.00949682
877.551 0.00856127
918.367 0.00770224
959.184 0.00692442
1000 0.00622631
