-1000 -0.00112737
-959.184 -0.00132077
-918.367 -0.00149998
-877.551 -0.0016549
-836.735 -0.00177585
-795.918 -0.00185471
-755.102 -0.00188589
-714.286 -0.00186712
-673.469 -0.00179978
-632.653 -0.00168867
-591.837 -0.00154138
-551.02 -0.00136729
-510.204 -0.00117651
-469.388 -0.00097882
-428.571 -0.000782875
-387.755 -0.000595705
-346.939 -0.000422497
-306.122 -0.000266619
-265.306 -0.000129831
-224.49 -1.25744e-05
-183.673 8.56981e-05
-142.857 0.000166218
-102.041 0.000230632
-61.2245 0.000280793
-20.4082 0.000318601
20.4082 0.000345892
61.2245 0.000364377
102.041 0.000375596
142.857 0.000380908
183.673 0.000381485
224.49 0.00037833
265.306 0.000372282
306.122 0.000364041
346.939 0.00035418
387.755 0.00034317
428.571 0.000331387
469.388 0.000319134
510.204 0.000306651
551.02 0.000294124
591.837 0.000281699
632.653 0.000269486
673.469 0.000257566
714.286 0.000245998
755.102 0.000234826
795.918 0.000224075
836.735 0.000213761
877.551 0.000203891
918.367 0.000194466
959.184 0.00018548
1000 0.000176925
