-1000 0.000760078
-959.184 0.000800751
-918.367 0.000843975
-877.551 0.000889898
-836.735 0.000938665
-795.918 0.00099042
-755.102 0.0010453
-714.286 0.00110341
-673.469 0.00116487
-632.653 0.00122973
-591.837 0.00129801
-551.02 0.00136966
-510.204 0.00144456
-469.388 0.00152247
-428.571 0.00160297
-387.755 0.00168549
-346.939 0.00176919
-306.122 0.00185292
-265.306 0.0019351
-224.49 0.00201368
-183.673 0.00208596
-142.857 0.0021485
-102.041 0.00219692
-61.2245 0.00222576
-20.4082 0.00222829
20.4082 0.0021964
61.2245 0.00212043
102.041 0.00198925
142.857 0.00179033
183.673 0.00151014
224.49 0.00113486
265.306 0.000651474
306.122 4.92529e-05
346.939 -0.000678225
387.755 -0.00153084
428.571 -0.00249961
469.388 -0.00356483
510.204 -0.004695
551.02 -0.0058472
591.837 -0.00696918
632.653 -0.00800301
673.469 -0.00889009
714.286 -0.00957673
755.102 -0.0100195
795.918 -0.0101897
836.735 -0.010076
877.551 -0.00968596
918.367 -0.00904502
959.184 -0.00819399
1000 -0.0071849
