-1000 0.00733728
-959.184 0.00778512
-918.367 0.00826285
-877.551 0.00877181
-836.735 0.00931314
-795.918 0.00988762
-755.102 0.0104955
-714.286 0.0111363
-673.469 0.0118086
-632.653 0.0125093
-591.837 0.0132335
-551.02 0.0139733
-510.204 0.0147171
-469.388 0.0154481
-428.571 0.0161425
-387.755 0.0167666
-346.939 0.0172737
-306.122 0.0175993
-265.306 0.0176548
-224.49 0.0173202
-183.673 0.0164336
-142.857 0.0147814
-102.041 0.0120884
-61.2245 0.00801531
-20.4082 0.00217328
20.4082 -0.00582751
61.2245 -0.0162742
102.041 -0.0291838
142.857 -0.044102
183.673 -0.0599667
224.49 -0.0751695
265.306 -0.0878658
306.122 -0.0964057
346.939 -0.0996742
387.755 -0.0972505
428.571 -0.0894462
469.388 -0.0772783
510.204 -0.0623337
551.02 -0.0464555
591.837 -0.0313123
632.653 -0.0180585
673.469 -0.00723415
714.286 0.00111963
755.102 0.00726165
795.918 0.0115745
836.735 0.0144514
877.551 0.0162406
918.367 0.017227
959.184 0.0176329
1000 0.0176273
