-1000 0.00362923
-959.184 0.00389872
-918.367 0.00417067
-877.551 0.00443502
-836.735 0.00467676
-795.918 0.00487412
-755.102 0.00499651
-714.286 0.00500213
-673.469 0.0048359
-632.653 0.00442821
-591.837 0.00369607
-551.02 0.0025485
-510.204 0.000898606
-469.388 -0.00131599
-428.571 -0.00410495
-387.755 -0.00739466
-346.939 -0.0110063
-306.122 -0.014656
-265.306 -0.0179864
-224.49 -0.0206248
-183.673 -0.0222529
-142.857 -0.0226667
-102.041 -0.0218137
-61.2245 -0.0198018
-20.4082 -0.0168808
20.4082 -0.0133956
61.2245 -0.00972134
102.041 -0.00619515
142.857 -0.00306601
183.673 -0.000474578
224.49 0.00153792
265.306 0.00300312
306.122 0.00399485
346.939 0.00460331
387.755 0.00491768
428.571 0.00501659
469.388 0.00496455
510.204 0.0048118
551.02 0.00459592
591.837 0.00434418
632.653 0.00407575
673.469 0.00380373
714.286 0.00353677
755.102 0.00328033
795.918 0.0030376
836.735 0.00281024
877.551 0.00259887
918.367 0.00240339
959.184 0.0022233
1000 0.00205781
