-1000 0.00244582
-959.184 0.00267508
-918.367 0.00293128
-877.551 0.00321787
-836.735 0.00353863
-795.918 0.00389767
-755.102 0.00429927
-714.286 0.00474765
-673.469 0.00524664
-632.653 0.00579895
-591.837 0.00640511
-551.02 0.00706169
-510.204 0.0077586
-469.388 0.00847482
-428.571 0.00917219
-387.755 0.00978647
-346.939 0.0102153
-306.122 0.0103039
-265.306 0.00983072
-224.49 0.00850188
-183.673 0.00596842
-142.857 0.00188835
-102.041 -0.00394897
-61.2245 -0.0114493
-20.4082 -0.0200661
20.4082 -0.0288
61.2245 -0.0364119
102.041 -0.0417543
142.857 -0.044035
183.673 -0.0429277
224.49 -0.0385897
265.306 -0.0316558
306.122 -0.0231712
346.939 -0.014381
387.755 -0.00640244
428.571 4.86052e-05
469.388 0.00473148
510.204 0.00777079
551.02 0.00948003
591.837 0.0102157
632.653 0.0102949
673.469 0.00996434
714.286 0.00940094
755.102 0.00872367
795.918 0.00800859
836.735 0.00730182
877.551 0.00662952
918.367 0.00600505
959.184 0.0054338
1000 0.00491637
