-1000 -0.0041482
-959.184 -0.00632421
-918.367 -0.00841778
-877.551 -0.010346
-836.735 -0.0120486
-795.918 -0.0134925
-755.102 -0.0146703
-714.286 -0.0155959
-673.469 -0.0162972
-632.653 -0.0168096
-591.837 -0.0171702
-551.02 -0.0174139
-510.204 -0.0175706
-469.388 -0.0176635
-428.571 -0.0177092
-387.755 -0.0177164
-346.939 -0.0176868
-306.122 -0.0176143
-265.306 -0.0174856
-224.49 -0.0172799
-183.673 -0.01697
-142.857 -0.0165228
-102.041 -0.0159015
-61.2245 -0.0150695
-20.4082 -0.0139952
20.4082 -0.0126582
61.2245 -0.0110566
102.041 -0.00921285
142.857 -0.00717659
183.673 -0.00502251
224.49 -0.00284276
265.306 -0.000734924
306.122 0.00121145
346.939 0.0029262
387.755 0.00436518
428.571 0.00551125
469.388 0.00637073
510.204 0.0069672
551.02 0.00733465
591.837 0.00751143
632.653 0.00753579
673.469 0.00744291
714.286 0.00726339
755.102 0.00702277
795.918 0.0067416
836.735 0.006436
877.551 0.00611825
918.367 0.00579748
959.184 0.00548031
1000 0.00517138
