-1000 0.0013155
-959.184 0.00131975
-918.367 0.00131414
-877.551 0.00129659
-836.735 0.00126472
-795.918 0.00121585
-755.102 0.001147
-714.286 0.00105493
-673.469 0.000936153
-632.653 0.000787042
-591.837 0.00060392
-551.02 0.000383231
-510.204 0.000121756
-469.388 -0.000183115
-428.571 -0.000533047
-387.755 -0.000928387
-346.939 -0.00136775
-306.122 -0.0018476
-265.306 -0.00236192
-224.49 -0.00290192
-183.673 -0.00345597
-142.857 -0.00400973
-102.041 -0.00454659
-61.2245 -0.00504835
-20.4082 -0.00549624
20.4082 -0.00587211
61.2245 -0.00615976
102.041 -0.0063462
142.857 -0.00642275
183.673 -0.00638579
224.49 -0.00623707
265.306 -0.00598357
306.122 -0.00563687
346.939 -0.0052122
387.755 -0.00472716
428.571 -0.00420046
469.388 -0.00365062
510.204 -0.00309491
551.02 -0.00254853
591.837 -0.00202408
632.653 -0.00153134
673.469 -0.00107729
714.286 -0.000666281
755.102 -0.000300416
795.918 2.0096e-05
836.735 0.000296503
877.551 0.000531126
918.367 0.000727005
959.184 0.000887603
1000 0.00101658
