-1000 0.0017492
-959.184 0.00182701
-918.367 0.00190696
-877.551 0.00198866
-836.735 0.0020716
-795.918 0.00215509
-755.102 0.00223821
-714.286 0.00231983
-673.469 0.00239849
-632.653 0.00247238
-591.837 0.00253925
-551.02 0.0025963
-510.204 0.00264015
-469.388 0.00266668
-428.571 0.00267093
-387.755 0.00264698
-346.939 0.00258787
-306.122 0.00248546
-265.306 0.00233038
-224.49 0.00211204
-183.673 0.00181872
-142.857 0.00143778
-102.041 0.000956169
-61.2245 0.000361069
-20.4082 -0.000358997
20.4082 -0.00121273
61.2245 -0.00220415
102.041 -0.00333038
142.857 -0.00457917
183.673 -0.00592663
224.49 -0.00733547
265.306 -0.00875459
306.122 -0.0101205
346.939 -0.0113612
387.755 -0.0124021
428.571 -0.0131742
469.388 -0.0136226
510.204 -0.0137141
551.02 -0.0134415
591.837 -0.0128256
632.653 -0.0119111
673.469 -0.0107612
714.286 -0.00944857
755.102 -0.00804745
795.918 -0.00662625
836.735 -0.00524257
877.551 -0.00394065
918.367 -0.00275093
959.184 -0.00169121
1000 -0.000768768
