-1000 0.0797072
-959.184 0.089507
-918.367 0.0898067
-877.551 0.0635976
-836.735 -0.017452
-795.918 -0.164838
-755.102 -0.308887
-714.286 -0.364093
-673.469 -0.356499
-632.653 -0.273125
-591.837 -0.115842
-551.02 0.0143085
-510.204 0.0757904
-469.388 0.0914808
-428.571 0.0870926
-387.755 0.0761823
-346.939 0.0643741
-306.122 0.0536654
-265.306 0.0445802
-224.49 0.0370896
-183.673 0.0309859
-142.857 0.0260289
-102.041 0.0219983
-61.2245 0.018709
-20.4082 0.0160111
20.4082 0.0137857
61.2245 0.0119388
102.041 0.0103969
142.857 0.00910167
183.673 0.00800737
224.49 0.00707758
265.306 0.00628328
306.122 0.00560123
346.939 0.00501267
387.755 0.00450242
428.571 0.00405809
469.388 0.00366955
510.204 0.00332842
551.02 0.00302778
591.837 0.00276188
632.653 0.0025259
673.469 0.00231579
714.286 0.00212813
755.102 0.00196003
795.918 0.00180904
836.735 0.00167304
877.551 0.00155024
918.367 0.00143908
959.184 0.00133823
1000 0.00124653
