-1000 0.00137229
-959.184 0.00149879
-918.367 0.00164065
-877.551 0.00180014
-836.735 0.00197992
-795.918 0.0021831
-755.102 0.00241329
-714.286 0.00267476
-673.469 0.00297244
-632.653 0.00331208
-591.837 0.00370032
-551.02 0.00414471
-510.204 0.00465372
-469.388 0.00523653
-428.571 0.00590262
-387.755 0.00666079
-346.939 0.00751738
-306.122 0.00847294
-265.306 0.00951639
-224.49 0.0106148
-183.673 0.0116963
-142.857 0.0126215
-102.041 0.0131383
-61.2245 0.0128149
-20.4082 0.0109544
20.4082 0.00652401
61.2245 -0.00178551
102.041 -0.0151054
142.857 -0.0331934
183.673 -0.0526897
224.49 -0.0667157
265.306 -0.0684784
306.122 -0.0570226
346.939 -0.0381547
387.755 -0.0192455
428.571 -0.00461889
469.388 0.00486362
510.204 0.0101357
551.02 0.0125282
591.837 0.0131582
632.653 0.0128022
673.469 0.0119498
714.286 0.0108908
755.102 0.00978782
795.918 0.00872637
836.735 0.00774716
877.551 0.00686556
918.367 0.00608322
959.184 0.00539488
1000 0.00479213
