-1000 -0.00580201
-959.184 -0.00634176
-918.367 -0.00673896
-877.551 -0.00696352
-836.735 -0.00699758
-795.918 -0.0068384
-755.102 -0.00649875
-714.286 -0.00600488
-673.469 -0.0053925
-632.653 -0.00470181
-591.837 -0.00397267
-551.02 -0.00324076
-510.204 -0.00253518
-469.388 -0.0018774
-428.571 -0.0012815
-387.755 -0.000754981
-346.939 -0.000300113
-306.122 8.47347e-05
-265.306 0.000403829
-224.49 0.000663031
-183.673 0.000868978
-142.857 0.0010285
-102.041 0.00114823
-61.2245 0.00123434
-20.4082 0.00129242
20.4082 0.00132741
61.2245 0.00134362
102.041 0.00134475
142.857 0.00133392
183.673 0.00131376
224.49 0.00128645
265.306 0.00125381
306.122 0.0012173
346.939 0.00117814
387.755 0.00113727
428.571 0.00109549
469.388 0.0010534
510.204 0.00101149
551.02 0.000970127
591.837 0.000929592
632.653 0.000890098
673.469 0.000851798
714.286 0.000814798
755.102 0.000779165
795.918 0.000744938
836.735 0.000712132
877.551 0.000680744
918.367 0.000650755
959.184 0.000622137
1000 0.000594855
