-1000 0.00126062
-959.184 0.00133391
-918.367 0.00141282
-877.551 0.00149788
-836.735 0.00158969
-795.918 0.0016889
-755.102 0.00179625
-714.286 0.00191256
-673.469 0.00203874
-632.653 0.00217584
-591.837 0.002325
-551.02 0.00248753
-510.204 0.00266488
-469.388 0.00285873
-428.571 0.00307092
-387.755 0.00330359
-346.939 0.00355913
-306.122 0.00384028
-265.306 0.00415015
-224.49 0.0044923
-183.673 0.0048708
-142.857 0.00529032
-102.041 0.00575622
-61.2245 0.0062747
-20.4082 0.0068529
20.4082 0.00749913
61.2245 0.00822301
102.041 0.00903579
142.857 0.00995061
183.673 0.0109829
224.49 0.0121508
265.306 0.0134757
306.122 0.0149827
346.939 0.0167013
387.755 0.0186655
428.571 0.0209138
469.388 0.0234867
510.204 0.0264211
551.02 0.0297338
591.837 0.033383
632.653 0.037174
673.469 0.0405298
714.286 0.041927
755.102 0.0375345
795.918 0.0182597
836.735 -0.0342644
877.551 -0.14112
918.367 -0.275932
959.184 -0.319236
1000 -0.217865
