-1000 0.000225074
-959.184 0.000232341
-918.367 0.00023927
-877.551 0.000245699
-836.735 0.000251436
-795.918 0.000256245
-755.102 0.000259847
-714.286 0.000261909
-673.469 0.000262041
-632.653 0.000259785
-591.837 0.000254613
-551.02 0.000245922
-510.204 0.000233031
-469.388 0.000215184
-428.571 0.00019156
-387.755 0.000161285
-346.939 0.000123461
-306.122 7.72056e-05
-265.306 2.17066e-05
-224.49 -4.37058e-05
-183.673 -0.000119468
-142.857 -0.000205675
-102.041 -0.000301964
-61.2245 -0.000407395
-20.4082 -0.000520344
20.4082 -0.00063843
61.2245 -0.000758495
102.041 -0.000876668
142.857 -0.00098851
183.673 -0.00108927
224.49 -0.00117423
265.306 -0.00123907
306.122 -0.00128033
346.939 -0.00129571
387.755 -0.00128433
428.571 -0.00124684
469.388 -0.00118533
510.204 -0.00110313
551.02 -0.00100445
591.837 -0.000893962
632.653 -0.000776445
673.469 -0.0006564
714.286 -0.000537798
755.102 -0.000423908
795.918 -0.000317227
836.735 -0.000219491
877.551 -0.000131736
918.367 -5.44036e-05
959.184 1.25405e-05
1000 6.94884e-05
