-1000 0.000561656
-959.184 -0.000185525
-918.367 -0.00117813
-877.551 -0.00241484
-836.735 -0.00384853
-795.918 -0.00537117
-755.102 -0.0068126
-714.286 -0.00796379
-673.469 -0.00862649
-632.653 -0.00867457
-591.837 -0.00809852
-551.02 -0.00700904
-510.204 -0.00559742
-469.388 -0.00407476
-428.571 -0.00261924
-387.755 -0.00134862
-346.939 -0.000318407
-306.122 0.000464399
-265.306 0.00102286
-224.49 0.00139409
-183.673 0.00161825
-142.857 0.00173227
-102.041 0.00176723
-61.2245 0.0017477
-20.4082 0.00169232
20.4082 0.00161478
61.2245 0.00152486
102.041 0.00142935
142.857 0.00133283
183.673 0.00123832
224.49 0.00114768
265.306 0.00106202
306.122 0.000981874
346.939 0.000907436
387.755 0.000838656
428.571 0.000775338
469.388 0.000717195
510.204 0.000663893
551.02 0.00061508
591.837 0.000570401
632.653 0.000529511
673.469 0.000492082
714.286 0.000457808
755.102 0.000426403
795.918 0.000397606
836.735 0.00037118
877.551 0.000346905
918.367 0.000324585
959.184 0.000304041
1000 0.000285111
