-1000 0.00199383
-959.184 0.00143559
-918.367 0.000629406
-877.551 -0.000470891
-836.735 -0.00189714
-795.918 -0.00364992
-755.102 -0.00567778
-714.286 -0.00785811
-673.469 -0.00999042
-632.653 -0.0118143
-591.837 -0.0130591
-551.02 -0.0135155
-510.204 -0.0131019
-469.388 -0.0118924
-428.571 -0.0100913
-387.755 -0.00796785
-346.939 -0.00578453
-306.122 -0.00374548
-265.306 -0.0019772
-224.49 -0.000534297
-183.673 0.000581723
-142.857 0.00140158
-102.041 0.00197104
-61.2245 0.00233927
-20.4082 0.00255212
20.4082 0.00264905
61.2245 0.00266221
102.041 0.00261689
142.857 0.00253235
183.673 0.00242298
224.49 0.00229926
265.306 0.00216868
306.122 0.00203649
346.939 0.00190627
387.755 0.00178036
428.571 0.00166022
469.388 0.00154669
510.204 0.00144016
551.02 0.00134072
591.837 0.00124824
632.653 0.00116249
673.469 0.00108312
714.286 0.00100977
755.102 0.000942037
795.918 0.00087952
836.735 0.00082183
877.551 0.00076859
918.367 0.000719445
959.184 0.000674062
1000 0.000632131
