-1000 0.00181112
-959.184 0.00194564
-918.367 0.00209339
-877.551 0.00225599
-836.735 0.00243529
-795.918 0.00263341
-755.102 0.00285278
-714.286 0.0030962
-673.469 0.00336693
-632.653 0.0036687
-591.837 0.00400587
-551.02 0.00438351
-510.204 0.00480751
-469.388 0.00528478
-428.571 0.0058234
-387.755 0.00643281
-346.939 0.00712417
-306.122 0.00791056
-265.306 0.00880741
-224.49 0.00983289
-183.673 0.0110084
-142.857 0.0123591
-102.041 0.0139145
-61.2245 0.0157088
-20.4082 0.0177812
20.4082 0.0201755
61.2245 0.0229378
102.041 0.026111
142.857 0.0297205
183.673 0.0337402
224.49 0.0380127
265.306 0.0420561
306.122 0.0445919
346.939 0.0423988
387.755 0.0277389
428.571 -0.015761
469.388 -0.110786
510.204 -0.246939
551.02 -0.318737
591.837 -0.240426
632.653 -0.104644
673.469 -0.012533
714.286 0.0289768
755.102 0.0427126
795.918 0.0445382
836.735 0.041874
877.551 0.0377985
918.367 0.033531
959.184 0.0295297
1000 0.0259421
