-1000 0.0009868
-959.184 0.00105987
-918.367 0.00114022
-877.551 0.00122877
-836.735 0.00132659
-795.918 0.00143488
-755.102 0.00155507
-714.286 0.0016888
-673.469 0.00183798
-632.653 0.00200487
-591.837 0.0021921
-551.02 0.00240279
-510.204 0.00264062
-469.388 0.00290995
-428.571 0.00321602
-387.755 0.00356506
-346.939 0.00396458
-306.122 0.00442362
-265.306 0.00495316
-224.49 0.00556651
-183.673 0.00627992
-142.857 0.00711323
-102.041 0.00809077
-61.2245 0.00924234
-20.4082 0.0106044
20.4082 0.0122216
61.2245 0.0141478
102.041 0.0164473
142.857 0.0191945
183.673 0.0224712
224.49 0.0263562
265.306 0.0309013
306.122 0.0360714
346.939 0.0416059
387.755 0.0466885
428.571 0.0491561
469.388 0.0436557
510.204 0.0180227
551.02 -0.0494945
591.837 -0.17236
632.653 -0.290175
673.469 -0.278219
714.286 -0.151447
755.102 -0.0357515
795.918 0.023916
836.735 0.0453595
877.551 0.0491083
918.367 0.0460164
959.184 0.0407749
1000 0.0352623
