-1000 0.000417478
-959.184 0.000441777
-918.367 0.000467848
-877.551 0.000495837
-836.735 0.000525897
-795.918 0.000558197
-755.102 0.000592913
-714.286 0.000630233
-673.469 0.000670355
-632.653 0.000713484
-591.837 0.000759828
-551.02 0.000809597
-510.204 0.000862993
-469.388 0.000920202
-428.571 0.000981383
-387.755 0.00104664
-346.939 0.00111602
-306.122 0.00118945
-265.306 0.00126672
-224.49 0.0013474
-183.673 0.00143077
-142.857 0.00151574
-102.041 0.00160067
-61.2245 0.00168324
-20.4082 0.00176023
20.4082 0.00182722
61.2245 0.00187834
102.041 0.00190582
142.857 0.0018997
183.673 0.00184736
224.49 0.00173333
265.306 0.0015392
306.122 0.00124401
346.939 0.000825393
387.755 0.000261693
428.571 -0.000464568
469.388 -0.00136177
510.204 -0.0024231
551.02 -0.00362032
591.837 -0.00489907
632.653 -0.00617808
673.469 -0.00735455
714.286 -0.00831661
755.102 -0.0089613
795.918 -0.00921419
836.735 -0.0090449
877.551 -0.00847385
918.367 -0.00756767
959.184 -0.00642513
1000 -0.00515789
