-1000 0.00321706
-959.184 0.00359196
-918.367 0.00402775
-877.551 0.00453734
-836.735 0.00513715
-795.918 0.00584815
-755.102 0.00669753
-714.286 0.00772089
-673.469 0.00896548
-632.653 0.0104949
-591.837 0.0123964
-551.02 0.0147913
-510.204 0.0178523
-469.388 0.0218307
-428.571 0.0271022
-387.755 0.0342449
-346.939 0.044181
-306.122 0.0584426
-265.306 0.0797019
-224.49 0.112897
-183.673 0.167802
-142.857 0.265362
-102.041 0.454198
-61.2245 0.848456
-20.4082 1.55174
20.4082 -0.307055
61.2245 -3.90857
102.041 2.58605
142.857 -4.20165
183.673 1.4823
224.49 -0.298457
265.306 -3.38768
306.122 1.65568
346.939 1.06826
387.755 0.56001
428.571 0.31713
469.388 0.19545
510.204 0.128906
551.02 0.0896029
591.837 0.0648989
632.653 0.0485753
673.469 0.0373429
714.286 0.0293513
755.102 0.0235044
795.918 0.0191244
836.735 0.015776
877.551 0.0131709
918.367 0.0111128
959.184 0.00946451
1000 0.00812848
