-1000 -0.00332558
-959.184 -0.00374163
-918.367 -0.00413947
-877.551 -0.00451097
-836.735 -0.00484836
-795.918 -0.00514454
-755.102 -0.00539329
-714.286 -0.00558938
-673.469 -0.00572875
-632.653 -0.0058085
-591.837 -0.005827
-551.02 -0.00578388
-510.204 -0.00568002
-469.388 -0.00551755
-428.571 -0.00529984
-387.755 -0.00503143
-346.939 -0.00471797
-306.122 -0.00436604
-265.306 -0.00398305
-224.49 -0.00357693
-183.673 -0.00315591
-142.857 -0.00272824
-102.041 -0.00230183
-61.2245 -0.00188402
-20.4082 -0.00148131
20.4082 -0.00109921
61.2245 -0.0007421
102.041 -0.000413203
142.857 -0.000114607
183.673 0.000152654
224.49 0.000388472
265.306 0.00059352
306.122 0.00076909
346.939 0.00091694
387.755 0.00103914
428.571 0.00113796
469.388 0.00121574
510.204 0.00127481
551.02 0.00131744
591.837 0.00134577
632.653 0.0013618
673.469 0.00136735
714.286 0.00136408
755.102 0.00135345
795.918 0.00133677
836.735 0.00131518
877.551 0.00128967
918.367 0.0012611
959.184 0.0012302
1000 0.00119759
