-1000 0.00196004
-959.184 0.00208987
-918.367 0.00222547
-877.551 0.00236557
-836.735 0.00250819
-795.918 0.00265037
-755.102 0.0027879
-714.286 0.00291481
-673.469 0.00302294
-632.653 0.00310118
-591.837 0.00313475
-551.02 0.00310425
-510.204 0.00298471
-469.388 0.00274476
-428.571 0.00234606
-387.755 0.00174379
-346.939 0.000888558
-306.122 -0.000268747
-265.306 -0.00176817
-224.49 -0.00362669
-183.673 -0.00581912
-142.857 -0.00825699
-102.041 -0.0107727
-61.2245 -0.0131208
-20.4082 -0.0150083
20.4082 -0.0161562
61.2245 -0.0163762
102.041 -0.0156306
142.857 -0.014045
183.673 -0.011867
224.49 -0.00939248
265.306 -0.00689388
306.122 -0.00457556
346.939 -0.00256036
387.755 -0.000899407
428.571 0.000407891
469.388 0.00139326
510.204 0.00210312
551.02 0.00258753
591.837 0.00289377
632.653 0.0030632
673.469 0.00313031
714.286 0.00312286
755.102 0.00306263
795.918 0.00296638
836.735 0.00284675
877.551 0.00271315
918.367 0.00257244
959.184 0.00242959
1000 0.00228806
