-1000 0.00626875
-959.184 0.00709825
-918.367 0.00806656
-877.551 0.0091987
-836.735 0.0105227
-795.918 0.012068
-755.102 0.0138619
-714.286 0.0159212
-673.469 0.0182365
-632.653 0.0207416
-591.837 0.0232585
-551.02 0.0254044
-510.204 0.0264506
-469.388 0.0251558
-428.571 0.0196929
-387.755 0.00798319
-346.939 -0.0111391
-306.122 -0.0361105
-265.306 -0.0619944
-224.49 -0.0829425
-183.673 -0.0954718
-142.857 -0.0985761
-102.041 -0.0921393
-61.2245 -0.0764578
-20.4082 -0.0532234
20.4082 -0.0269563
61.2245 -0.00362446
102.041 0.0129041
142.857 0.0222123
183.673 0.0259781
224.49 0.0262746
265.306 0.0247319
306.122 0.0223945
346.939 0.0198511
387.755 0.0173995
428.571 0.01517
469.388 0.0132044
510.204 0.0115002
551.02 0.0100356
591.837 0.00878212
632.653 0.00771037
673.469 0.00679332
714.286 0.0060071
755.102 0.00533125
795.918 0.00474843
836.735 0.00424414
877.551 0.00380626
918.367 0.00342469
959.184 0.00309101
1000 0.00279818
