-1000 0.00295588
-959.184 0.0030047
-918.367 0.00301202
-877.551 0.00296304
-836.735 0.00283957
-795.918 0.00261986
-755.102 0.00227862
-714.286 0.00178768
-673.469 0.00111745
-632.653 0.000239622
-591.837 -0.000868619
-551.02 -0.0022187
-510.204 -0.00380333
-469.388 -0.00558863
-428.571 -0.00750772
-387.755 -0.00945812
-346.939 -0.011306
-306.122 -0.0128992
-265.306 -0.0140875
-224.49 -0.0147485
-183.673 -0.0148099
-142.857 -0.0142651
-102.041 -0.0131737
-61.2245 -0.01165
-20.4082 -0.00984062
20.4082 -0.00789918
61.2245 -0.00596452
102.041 -0.00414597
142.857 -0.00251752
183.673 -0.0011192
224.49 3.69801e-05
265.306 0.000959332
306.122 0.00166892
346.939 0.00219335
387.755 0.0025622
428.571 0.00280409
469.388 0.00294495
510.204 0.00300726
551.02 0.00300992
591.837 0.00296836
632.653 0.00289497
673.469 0.00279951
714.286 0.00268955
755.102 0.00257088
795.918 0.00244787
836.735 0.00232374
877.551 0.00220084
918.367 0.00208084
959.184 0.00196489
1000 0.00185371
