-1000 0.0170391
-959.184 0.019956
-918.367 0.0236104
-877.551 0.028261
-836.735 0.0342867
-795.918 0.0422607
-755.102 0.0530785
-714.286 0.0681979
-673.469 0.0901074
-632.653 0.123303
-591.837 0.176475
-551.02 0.267804
-510.204 0.438632
-469.388 0.786945
-428.571 1.46266
-387.755 0.883486
-346.939 -5.1472
-306.122 2.53909
-265.306 -2.28361
-224.49 0.32724
-183.673 1.91612
-142.857 -3.78539
-102.041 3.13282
-61.2245 -2.99964
-20.4082 1.2862
20.4082 1.27435
61.2245 -3.03821
102.041 3.05686
142.857 -3.92339
183.673 1.6603
224.49 -0.177354
265.306 -3.30128
306.122 1.71967
346.939 1.11707
387.755 0.598164
428.571 0.347563
469.388 0.220142
510.204 0.149234
551.02 0.10655
591.837 0.0791842
632.653 0.0607347
673.469 0.0477824
714.286 0.0383837
755.102 0.031374
795.918 0.0260242
836.735 0.0218604
877.551 0.0185644
918.367 0.0159169
959.184 0.0137627
1000 0.0119898
