-1000 0.00249591
-959.184 0.00245039
-918.367 0.00237615
-877.551 0.00226827
-836.735 0.00212143
-795.918 0.00192998
-755.102 0.00168809
-714.286 0.00138995
-673.469 0.00103004
-632.653 0.000603447
-591.837 0.000106302
-551.02 -0.00046378
-510.204 -0.00110718
-469.388 -0.00182176
-428.571 -0.00260242
-387.755 -0.00344074
-346.939 -0.00432477
-306.122 -0.00523909
-265.306 -0.00616505
-224.49 -0.00708138
-183.673 -0.00796495
-142.857 -0.00879178
-102.041 -0.00953815
-61.2245 -0.0101818
-20.4082 -0.0107028
20.4082 -0.0110849
61.2245 -0.0113159
102.041 -0.0113883
142.857 -0.0112998
183.673 -0.0110533
224.49 -0.0106567
265.306 -0.0101226
306.122 -0.00946779
346.939 -0.00871233
387.755 -0.00787875
428.571 -0.00699083
469.388 -0.00607252
510.204 -0.0051468
551.02 -0.00423472
591.837 -0.00335462
632.653 -0.00252159
673.469 -0.00174721
714.286 -0.00103958
755.102 -0.000403461
795.918 0.000159273
836.735 0.000649227
877.551 0.00106895
918.367 0.00142245
959.184 0.00171471
1000 0.0019513
