-1000 -0.00722999
-959.184 -0.00845489
-918.367 -0.00956158
-877.551 -0.0104959
-836.735 -0.0112107
-795.918 -0.0116699
-755.102 -0.01185
-714.286 -0.0117417
-673.469 -0.0113507
-632.653 -0.0106968
-591.837 -0.0098133
-551.02 -0.00874485
-510.204 -0.00754417
-469.388 -0.00626822
-428.571 -0.00497351
-387.755 -0.00371171
-346.939 -0.00252595
-306.122 -0.00144854
-265.306 -0.000500178
-224.49 0.000309404
-183.673 0.00097977
-142.857 0.00151758
-102.041 0.00193431
-61.2245 0.00224414
-20.4082 0.00246228
20.4082 0.00260379
61.2245 0.00268268
102.041 0.00271155
142.857 0.00270131
183.673 0.0026612
224.49 0.0025989
265.306 0.00252066
306.122 0.0024315
346.939 0.00233536
387.755 0.00223535
428.571 0.00213384
469.388 0.0020326
510.204 0.00193298
551.02 0.00183592
591.837 0.0017421
632.653 0.00165196
673.469 0.00156577
714.286 0.00148367
755.102 0.00140571
795.918 0.00133185
836.735 0.00126201
877.551 0.00119607
918.367 0.00113387
959.184 0.00107527
1000 0.00102007
