-1000 0.00151581
-959.184 0.00169821
-918.367 0.00190929
-877.551 0.00215442
-836.735 0.00244
-795.918 0.00277369
-755.102 0.00316448
-714.286 0.00362275
-673.469 0.00416002
-632.653 0.00478826
-591.837 0.0055181
-551.02 0.00635511
-510.204 0.00729243
-469.388 0.00829649
-428.571 0.00928102
-387.755 0.0100613
-346.939 0.0102806
-306.122 0.00930826
-265.306 0.00614968
-224.49 -0.000485422
-183.673 -0.0116307
-142.857 -0.0266957
-102.041 -0.0418355
-61.2245 -0.0504695
-20.4082 -0.0478102
20.4082 -0.0354065
61.2245 -0.0195893
102.041 -0.00603545
142.857 0.00301452
183.673 0.00792037
224.49 0.0099479
265.306 0.010284
306.122 0.00975319
346.939 0.00884921
387.755 0.00784027
428.571 0.00685952
469.388 0.00596522
510.204 0.00517656
551.02 0.00449356
591.837 0.00390771
632.653 0.00340746
673.469 0.00298093
714.286 0.00261703
755.102 0.00230602
795.918 0.00203951
836.735 0.00181044
877.551 0.00161287
918.367 0.00144187
959.184 0.00129333
1000 0.00116385
