-1000 -0.0025752
-959.184 -0.00288438
-918.367 -0.00316122
-877.551 -0.00339377
-836.735 -0.00357131
-795.918 -0.00368526
-755.102 -0.00372994
-714.286 -0.00370307
-673.469 -0.00360603
-632.653 -0.00344369
-591.837 -0.00322396
-551.02 -0.0029571
-510.204 -0.00265485
-469.388 -0.0023295
-428.571 -0.00199304
-387.755 -0.00165642
-346.939 -0.00132908
-306.122 -0.0010186
-265.306 -0.000730631
-224.49 -0.000468931
-183.673 -0.000235577
-142.857 -3.12172e-05
-102.041 0.000144636
-61.2245 0.000293316
-20.4082 0.000416736
20.4082 0.00051716
61.2245 0.000597023
102.041 0.000658788
142.857 0.000704843
183.673 0.000737434
224.49 0.000758626
265.306 0.000770278
306.122 0.000774039
346.939 0.00077135
387.755 0.000763462
428.571 0.000751443
469.388 0.000736203
510.204 0.000718505
551.02 0.00069899
591.837 0.000678187
632.653 0.000656533
673.469 0.000634386
714.286 0.000612033
755.102 0.000589705
795.918 0.000567588
836.735 0.000545825
877.551 0.000524525
918.367 0.000503774
959.184 0.000483631
1000 0.000464138
