-1000 -0.0417358
-959.184 -0.0478261
-918.367 -0.0524308
-877.551 -0.0550765
-836.735 -0.0554804
-795.918 -0.0535988
-755.102 -0.0496342
-714.286 -0.0440011
-673.469 -0.0372551
-632.653 -0.0299974
-591.837 -0.0227801
-551.02 -0.0160356
-510.204 -0.0100455
-469.388 -0.00494745
-428.571 -0.00076461
-387.755 0.0025565
-346.939 0.00511192
-306.122 0.00701456
-265.306 0.00837752
-224.49 0.00930479
-183.673 0.00988708
-142.857 0.0102008
-102.041 0.0103086
-61.2245 0.0102614
-20.4082 0.0100993
20.4082 0.00985431
61.2245 0.00955126
102.041 0.00920939
142.857 0.00884353
183.673 0.00846494
224.49 0.00808211
265.306 0.00770136
306.122 0.0073273
346.939 0.00696325
387.755 0.00661149
428.571 0.00627352
469.388 0.00595026
510.204 0.00564215
551.02 0.00534931
591.837 0.00507162
632.653 0.00480876
673.469 0.00456028
714.286 0.00432566
755.102 0.0041043
795.918 0.00389558
836.735 0.00369887
877.551 0.00351352
918.367 0.00333891
959.184 0.00317442
1000 0.00301946
