-1000 0.00301273
-959.184 0.00307175
-918.367 0.00311652
-877.551 0.00314307
-836.735 0.00314677
-795.918 0.00312217
-755.102 0.00306301
-714.286 0.00296213
-673.469 0.00281151
-632.653 0.00260224
-591.837 0.00232469
-551.02 0.00196871
-510.204 0.00152396
-469.388 0.000980395
-428.571 0.000328983
-387.755 -0.000437465
-346.939 -0.00132322
-306.122 -0.00232843
-265.306 -0.00344786
-224.49 -0.00466967
-183.673 -0.00597449
-142.857 -0.00733487
-102.041 -0.00871544
-61.2245 -0.0100738
-20.4082 -0.0113626
20.4082 -0.0125317
61.2245 -0.013532
102.041 -0.0143188
142.857 -0.0148551
183.673 -0.0151152
224.49 -0.0150861
265.306 -0.0147693
306.122 -0.0141804
346.939 -0.0133477
387.755 -0.0123099
428.571 -0.0111128
469.388 -0.00980616
510.204 -0.00843966
551.02 -0.00705994
591.837 -0.00570809
632.653 -0.00441793
673.469 -0.0032153
714.286 -0.002118
755.102 -0.00113645
795.918 -0.000274716
836.735 0.000468273
877.551 0.00109747
918.367 0.0016205
959.184 0.00204668
1000 0.00238614
