-1000 0.0130616
-959.184 0.0155456
-918.367 0.0186109
-877.551 0.0223902
-836.735 0.0270177
-795.918 0.0325792
-755.102 0.0389816
-714.286 0.0456267
-673.469 0.0506155
-632.653 0.0488967
-591.837 0.0286097
-551.02 -0.0320962
-510.204 -0.149123
-469.388 -0.268228
-428.571 -0.264293
-387.755 -0.142297
-346.939 -0.0277168
-306.122 0.030367
-265.306 0.0492859
-224.49 0.0504635
-183.673 0.0453095
-142.857 0.0386474
-102.041 0.0322791
-61.2245 0.0267645
-20.4082 0.0221822
20.4082 0.0184418
61.2245 0.0154087
102.041 0.0129505
142.857 0.010953
183.673 0.00932267
224.49 0.00798464
265.306 0.00688001
306.122 0.00596249
346.939 0.00519571
387.755 0.00455106
428.571 0.00400593
469.388 0.00354238
510.204 0.00314609
551.02 0.00280557
591.837 0.00251155
632.653 0.00225651
673.469 0.00203431
714.286 0.00183991
755.102 0.00166917
795.918 0.00151865
836.735 0.00138547
877.551 0.00126724
918.367 0.00116194
959.184 0.00106788
1000 0.000983603
