-1000 -0.00336861
-959.184 -0.00427542
-918.367 -0.00516655
-877.551 -0.00602267
-836.735 -0.00682709
-795.918 -0.00756664
-755.102 -0.00823208
-714.286 -0.00881803
-673.469 -0.0093226
-632.653 -0.00974663
-591.837 -0.0100929
-551.02 -0.0103652
-510.204 -0.0105678
-469.388 -0.0107044
-428.571 -0.0107779
-387.755 -0.0107901
-346.939 -0.0107412
-306.122 -0.0106301
-265.306 -0.0104544
-224.49 -0.0102104
-183.673 -0.00989426
-142.857 -0.00950175
-102.041 -0.00902963
-61.2245 -0.00847617
-20.4082 -0.00784209
20.4082 -0.00713131
61.2245 -0.00635147
102.041 -0.00551421
142.857 -0.00463489
183.673 -0.00373191
224.49 -0.00282559
265.306 -0.00193678
306.122 -0.0010853
346.939 -0.000288618
387.755 0.000439261
428.571 0.00108839
469.388 0.00165307
510.204 0.00213158
551.02 0.00252568
591.837 0.00283983
632.653 0.00308043
673.469 0.00325509
714.286 0.00337197
755.102 0.00343927
795.918 0.00346488
836.735 0.00345611
877.551 0.00341952
918.367 0.00336093
959.184 0.00328534
1000 0.00319702
