-1000 0.00267966
-959.184 0.00299154
-918.367 0.00335116
-877.551 0.00376728
-836.735 0.00425044
-795.918 0.0048132
-755.102 0.0054705
-714.286 0.00623978
-673.469 0.00714095
-632.653 0.00819573
-591.837 0.0094258
-551.02 0.0108487
-510.204 0.012469
-469.388 0.0142617
-428.571 0.0161405
-387.755 0.0179016
-346.939 0.0191298
-306.122 0.0190615
-265.306 0.0164337
-224.49 0.00946247
-183.673 -0.00371033
-142.857 -0.0236812
-102.041 -0.0478709
-61.2245 -0.0700588
-20.4082 -0.0832166
20.4082 -0.0832166
61.2245 -0.0700588
102.041 -0.0478709
142.857 -0.0236812
183.673 -0.00371033
224.49 0.00946247
265.306 0.0164337
306.122 0.0190615
346.939 0.0191298
387.755 0.0179016
428.571 0.0161405
469.388 0.0142617
510.204 0.012469
551.02 0.0108487
591.837 0.0094258
632.653 0.00819573
673.469 0.00714095
714.286 0.00623978
755.102 0.0054705
795.918 0.0048132
836.735 0.00425044
877.551 0.00376728
918.367 0.00335116
959.184 0.00299154
1000 0.00267966
