-1000 0.00305184
-959.184 0.00222821
-918.367 0.00113301
-877.551 -0.00026737
-836.735 -0.0019941
-795.918 -0.00404729
-755.102 -0.00639668
-714.286 -0.00897357
-673.469 -0.0116667
-632.653 -0.0143252
-591.837 -0.0167694
-551.02 -0.0188107
-510.204 -0.0202765
-469.388 -0.0210348
-428.571 -0.021015
-387.755 -0.0202191
-346.939 -0.018721
-306.122 -0.0166552
-265.306 -0.0141958
-224.49 -0.0115315
-183.673 -0.00884086
-142.857 -0.00627307
-102.041 -0.0039372
-61.2245 -0.0018999
-20.4082 -0.000189706
20.4082 0.00119478
61.2245 0.00227553
102.041 0.00308658
142.857 0.00366719
183.673 0.00405702
224.49 0.00429317
265.306 0.00440852
306.122 0.00443117
346.939 0.0043844
387.755 0.00428711
428.571 0.00415431
469.388 0.00399773
510.204 0.00382643
551.02 0.00364724
591.837 0.0034653
632.653 0.00328434
673.469 0.00310703
714.286 0.00293524
755.102 0.00277021
795.918 0.00261269
836.735 0.00246311
877.551 0.00232161
918.367 0.00218817
959.184 0.00206262
1000 0.00194471
