-1000 0.00191545
-959.184 0.00204296
-918.367 0.00218097
-877.551 0.00233041
-836.735 0.00249225
-795.918 0.00266757
-755.102 0.00285745
-714.286 0.00306302
-673.469 0.00328541
-632.653 0.0035257
-591.837 0.00378486
-551.02 0.00406365
-510.204 0.0043625
-469.388 0.00468132
-428.571 0.00501921
-387.755 0.00537415
-346.939 0.00574246
-306.122 0.00611819
-265.306 0.00649218
-224.49 0.00685097
-183.673 0.00717529
-142.857 0.00743823
-102.041 0.00760302
-61.2245 0.0076206
-20.4082 0.0074272
20.4082 0.0069425
61.2245 0.0060695
102.041 0.00469755
142.857 0.00271107
183.673 6.04554e-06
224.49 -0.00348372
265.306 -0.00775209
306.122 -0.012684
346.939 -0.0180295
387.755 -0.0234039
428.571 -0.0283255
469.388 -0.0322877
510.204 -0.0348473
551.02 -0.0357048
591.837 -0.034758
632.653 -0.0321197
673.469 -0.0280981
714.286 -0.0231416
755.102 -0.0177578
795.918 -0.0124249
836.735 -0.00752144
877.551 -0.00329031
918.367 0.000159615
959.184 0.00282669
1000 0.0047798
