-1000 0.0253283
-959.184 0.0310698
-918.367 0.0384815
-877.551 0.0480479
-836.735 0.0602336
-795.918 0.0751001
-755.102 0.0911476
-714.286 0.102332
-673.469 0.0923589
-632.653 0.0325535
-591.837 -0.0871769
-551.02 -0.19758
-510.204 -0.235868
-469.388 -0.253014
-428.571 -0.25228
-387.755 -0.23496
-346.939 -0.193817
-306.122 -0.0805025
-265.306 0.0371307
-224.49 0.0937781
-183.673 0.102082
-142.857 0.0903805
-102.041 0.074305
-61.2245 0.0595578
-20.4082 0.0475106
20.4082 0.038064
61.2245 0.0307468
102.041 0.0250774
142.857 0.0206581
183.673 0.0171833
224.49 0.0144249
265.306 0.0122137
306.122 0.010424
346.939 0.00896221
387.755 0.00775789
428.571 0.00675762
469.388 0.00592049
510.204 0.00521493
551.02 0.00461633
591.837 0.00410532
632.653 0.00366658
673.469 0.00328785
714.286 0.00295928
755.102 0.00267287
795.918 0.00242211
836.735 0.00220164
877.551 0.00200704
918.367 0.00183464
959.184 0.00168138
1000 0.00154467
