-1000 -0.0127331
-959.184 -0.0145727
-918.367 -0.0163151
-877.551 -0.0179127
-836.735 -0.0193211
-795.918 -0.0205016
-755.102 -0.0214219
-714.286 -0.0220573
-673.469 -0.0223911
-632.653 -0.0224145
-591.837 -0.0221269
-551.02 -0.0215359
-510.204 -0.0206569
-469.388 -0.0195136
-428.571 -0.018137
-387.755 -0.0165651
-346.939 -0.0148414
-306.122 -0.0130133
-265.306 -0.0111296
-224.49 -0.00923852
-183.673 -0.00738464
-142.857 -0.00560729
-102.041 -0.00393874
-61.2245 -0.00240334
-20.4082 -0.00101739
20.4082 0.000210459
61.2245 0.00127826
102.041 0.00218961
142.857 0.00295232
183.673 0.00357716
224.49 0.00407674
265.306 0.00446456
306.122 0.00475424
346.939 0.00495901
387.755 0.00509128
428.571 0.00516248
469.388 0.00518286
510.204 0.00516154
551.02 0.00510647
591.837 0.00502451
632.653 0.00492154
673.469 0.00480252
714.286 0.00467163
755.102 0.00453234
795.918 0.00438751
836.735 0.00423949
877.551 0.00409018
918.367 0.00394111
959.184 0.0037935
1000 0.00364828
