-1000 0.000370654
-959.184 1.583e-05
-918.367 -0.000403425
-877.551 -0.000887729
-836.735 -0.0014344
-795.918 -0.00203666
-755.102 -0.00268309
-714.286 -0.00335733
-673.469 -0.00403836
-632.653 -0.00470127
-591.837 -0.00531864
-551.02 -0.00586241
-510.204 -0.00630602
-469.388 -0.00662661
-428.571 -0.00680706
-387.755 -0.00683753
-346.939 -0.00671633
-306.122 -0.00645012
-265.306 -0.00605326
-224.49 -0.00554653
-183.673 -0.00495526
-142.857 -0.00430719
-102.041 -0.00363025
-61.2245 -0.00295053
-20.4082 -0.00229074
20.4082 -0.00166916
61.2245 -0.00109919
102.041 -0.000589408
142.857 -0.000144041
183.673 0.000236304
224.49 0.000553829
265.306 0.000812717
306.122 0.00101839
346.939 0.00117692
387.755 0.00129451
428.571 0.00137721
469.388 0.00143066
510.204 0.00145997
551.02 0.00146967
591.837 0.00146368
632.653 0.00144536
673.469 0.00141754
714.286 0.00138258
755.102 0.00134242
795.918 0.00129864
836.735 0.00125252
877.551 0.00120508
918.367 0.00115712
959.184 0.00110929
1000 0.00106205
