-1000 0.00896124
-959.184 0.00967366
-918.367 0.0104572
-877.551 0.0113192
-836.735 0.0122679
-795.918 0.0133113
-755.102 0.0144578
-714.286 0.015715
-673.469 0.017089
-632.653 0.0185834
-591.837 0.0201965
-551.02 0.0219189
-510.204 0.0237287
-469.388 0.025585
-428.571 0.0274188
-387.755 0.0291214
-346.939 0.030529
-306.122 0.0314073
-265.306 0.0314375
-224.49 0.0302169
-183.673 0.027287
-142.857 0.0222139
-102.041 0.0147323
-61.2245 0.00493154
-20.4082 -0.00660413
20.4082 -0.01883
61.2245 -0.0305103
102.041 -0.0406018
142.857 -0.0485226
183.673 -0.0541868
224.49 -0.0578643
265.306 -0.0599935
306.122 -0.061037
346.939 -0.0614004
387.755 -0.0614017
428.571 -0.061269
469.388 -0.0611499
510.204 -0.0611223
551.02 -0.0612014
591.837 -0.0613411
632.653 -0.0614301
673.469 -0.0612817
714.286 -0.0606237
755.102 -0.0590928
795.918 -0.0562484
836.735 -0.051626
877.551 -0.0448494
918.367 -0.0358034
959.184 -0.0248123
1000 -0.012708
