-1000 0.00156254
-959.184 0.00150866
-918.367 0.00143538
-877.551 0.00134024
-836.735 0.00122078
-795.918 0.00107462
-755.102 0.000899566
-714.286 0.000693748
-673.469 0.000455753
-632.653 0.000184785
-591.837 -0.000119179
-551.02 -0.000455258
-510.204 -0.000821549
-469.388 -0.00121507
-428.571 -0.00163175
-387.755 -0.00206649
-346.939 -0.00251328
-306.122 -0.00296541
-265.306 -0.0034157
-224.49 -0.00385679
-183.673 -0.00428137
-142.857 -0.0046825
-102.041 -0.00505377
-61.2245 -0.00538949
-20.4082 -0.00568477
20.4082 -0.00593558
61.2245 -0.00613868
102.041 -0.00629164
142.857 -0.00639273
183.673 -0.00644085
224.49 -0.00643549
265.306 -0.00637672
306.122 -0.00626515
346.939 -0.006102
387.755 -0.00588914
428.571 -0.00562916
469.388 -0.00532544
510.204 -0.00498219
551.02 -0.00460447
591.837 -0.00419812
632.653 -0.00376966
673.469 -0.00332615
714.286 -0.0028749
755.102 -0.00242327
795.918 -0.00197837
836.735 -0.00154679
877.551 -0.00113437
918.367 -0.000746001
959.184 -0.000385549
1000 -5.57751e-05
