-1000 0.000887874
-959.184 0.000884249
-918.367 0.000872574
-877.551 0.000851227
-836.735 0.000818378
-795.918 0.000771988
-755.102 0.000709823
-714.286 0.000629476
-673.469 0.000528417
-632.653 0.000404069
-591.837 0.000253914
-551.02 7.56437e-05
-510.204 -0.000132654
-469.388 -0.000372259
-428.571 -0.000643546
-387.755 -0.00094568
-346.939 -0.00127631
-306.122 -0.0016313
-265.306 -0.00200449
-224.49 -0.00238761
-183.673 -0.00277037
-142.857 -0.00314076
-102.041 -0.00348553
-61.2245 -0.00379099
-20.4082 -0.00404396
20.4082 -0.00423277
61.2245 -0.00434827
102.041 -0.00438471
142.857 -0.00434022
183.673 -0.00421706
224.49 -0.00402138
265.306 -0.0037626
306.122 -0.00345259
346.939 -0.00310465
387.755 -0.00273244
428.571 -0.00234913
469.388 -0.00196657
510.204 -0.00159487
551.02 -0.00124207
591.837 -0.000914132
632.653 -0.000615004
673.469 -0.000346871
714.286 -0.000110431
755.102 9.47945e-05
795.918 0.000270159
836.735 0.000417624
877.551 0.000539528
918.367 0.0006384
959.184 0.000716817
1000 0.000777299
