-1000 0.00192638
-959.184 0.00207064
-918.367 0.00222958
-877.551 0.00240508
-836.735 0.00259935
-795.918 0.00281492
-755.102 0.00305474
-714.286 0.00332229
-673.469 0.0036216
-632.653 0.00395744
-591.837 0.00433541
-551.02 0.00476217
-510.204 0.00524558
-469.388 0.00579504
-428.571 0.00642172
-387.755 0.00713899
-346.939 0.00796283
-306.122 0.00891232
-265.306 0.0100102
-224.49 0.0112833
-183.673 0.012763
-142.857 0.0144852
-102.041 0.0164891
-61.2245 0.0188144
-20.4082 0.0214944
20.4082 0.0245421
61.2245 0.0279225
102.041 0.0315026
142.857 0.0349647
183.673 0.0376717
224.49 0.0384975
265.306 0.0357201
306.122 0.0272547
346.939 0.0116546
387.755 -0.0101403
428.571 -0.0338862
469.388 -0.0541591
510.204 -0.0679878
551.02 -0.0756415
591.837 -0.0789752
632.653 -0.0800258
673.469 -0.0801811
714.286 -0.0801774
755.102 -0.0801228
795.918 -0.0794511
836.735 -0.076996
877.551 -0.0708634
918.367 -0.0590225
959.184 -0.0405393
1000 -0.0173185
