-1000 0.0370483
-959.184 0.0465792
-918.367 0.0595434
-877.551 0.0776301
-836.735 0.1037
-795.918 0.142984
-755.102 0.206097
-714.286 0.317458
-673.469 0.538877
-632.653 0.977635
-591.837 0.466132
-551.02 -6.64094
-510.204 0.282048
-469.388 1.0032
-428.571 0.554906
-387.755 0.325137
-346.939 0.210216
-306.122 0.145449
-265.306 0.105291
-224.49 0.078713
-183.673 0.0603083
-142.857 0.047135
-102.041 0.0374614
-61.2245 0.0302079
-20.4082 0.024672
20.4082 0.0203814
61.2245 0.0170104
102.041 0.0143292
142.857 0.0121727
183.673 0.0104207
224.49 0.00898404
265.306 0.00779576
306.122 0.00680518
346.939 0.00597335
387.755 0.00527007
428.571 0.00467172
469.388 0.00415965
510.204 0.003719
551.02 0.00333786
591.837 0.0030066
632.653 0.00271739
673.469 0.00246382
714.286 0.0022406
755.102 0.00204336
795.918 0.00186844
836.735 0.00171281
877.551 0.00157389
918.367 0.0014495
959.184 0.00133781
1000 0.00123725
