-1000 0.00045595
-959.184 0.000484392
-918.367 0.000515138
-877.551 0.000548413
-836.735 0.000584464
-795.918 0.000623566
-755.102 0.000666022
-714.286 0.000712169
-673.469 0.000762378
-632.653 0.000817059
-591.837 0.000876662
-551.02 0.00094168
-510.204 0.00101265
-469.388 0.00109016
-428.571 0.00117483
-387.755 0.00126732
-346.939 0.00136832
-306.122 0.00147852
-265.306 0.00159858
-224.49 0.0017291
-183.673 0.00187054
-142.857 0.0020231
-102.041 0.00218661
-61.2245 0.00236026
-20.4082 0.00254237
20.4082 0.00272987
61.2245 0.00291782
102.041 0.00309851
142.857 0.00326049
183.673 0.00338717
224.49 0.00345522
265.306 0.00343271
306.122 0.00327738
346.939 0.00293555
387.755 0.00234278
428.571 0.00142783
469.388 0.000122161
510.204 -0.00162318
551.02 -0.00381301
591.837 -0.00637943
632.653 -0.00915871
673.469 -0.0118881
714.286 -0.0142354
755.102 -0.0158637
795.918 -0.0165142
836.735 -0.0160781
877.551 -0.0146285
918.367 -0.0123993
959.184 -0.00971852
1000 -0.00692532
