-1000 0.0125771
-959.184 0.00699901
-918.367 -0.000976895
-877.551 -0.0113855
-836.735 -0.0237828
-795.918 -0.0371846
-755.102 -0.0502313
-714.286 -0.061535
-673.469 -0.0700054
-632.653 -0.0749757
-591.837 -0.0761389
-551.02 -0.0734338
-510.204 -0.0670093
-469.388 -0.0573017
-428.571 -0.0451479
-387.755 -0.0317856
-346.939 -0.0186369
-306.122 -0.00694623
-265.306 0.00251246
-224.49 0.00950388
-183.673 0.0142057
-142.857 0.0170151
-102.041 0.0183869
-61.2245 0.0187383
-20.4082 0.0184086
20.4082 0.0176536
61.2245 0.0166563
102.041 0.015542
142.857 0.0143935
183.673 0.0132629
224.49 0.0121816
265.306 0.0111667
306.122 0.0102263
346.939 0.00936231
387.755 0.00857324
428.571 0.0078554
469.388 0.00720402
510.204 0.00661379
551.02 0.00607937
591.837 0.00559554
632.653 0.00515738
673.469 0.00476034
714.286 0.00440025
755.102 0.00407333
795.918 0.00377619
836.735 0.00350576
877.551 0.00325933
918.367 0.00303444
959.184 0.00282894
1000 0.00264087
