-1000 0.000753715
-959.184 0.000789681
-918.367 0.00082683
-877.551 0.000864995
-836.735 0.000903946
-795.918 0.000943365
-755.102 0.000982834
-714.286 0.0010218
-673.469 0.00105957
-632.653 0.00109523
-591.837 0.00112766
-551.02 0.00115544
-510.204 0.00117682
-469.388 0.00118966
-428.571 0.00119136
-387.755 0.00117879
-346.939 0.00114822
-306.122 0.0010953
-265.306 0.001015
-224.49 0.000901647
-183.673 0.000749001
-142.857 0.000550432
-102.041 0.000299246
-61.2245 -1.08235e-05
-20.4082 -0.000384893
20.4082 -0.000825979
61.2245 -0.00133381
102.041 -0.00190349
142.857 -0.00252418
183.673 -0.00317802
224.49 -0.00383976
265.306 -0.00447733
306.122 -0.00505386
346.939 -0.00553109
387.755 -0.00587386
428.571 -0.00605499
469.388 -0.00605947
510.204 -0.00588694
551.02 -0.00555169
591.837 -0.0050804
632.653 -0.00450792
673.469 -0.0038725
714.286 -0.00321116
755.102 -0.00255626
795.918 -0.00193343
836.735 -0.00136089
877.551 -0.000849805
918.367 -0.000405343
959.184 -2.79716e-05
1000 0.000285189
