-1000 0.000415251
-959.184 0.000441828
-918.367 0.000470708
-877.551 0.000502142
-836.735 0.000536419
-795.918 0.000573865
-755.102 0.00061485
-714.286 0.000659801
-673.469 0.000709204
-632.653 0.000763619
-591.837 0.000823691
-551.02 0.000890167
-510.204 0.000963915
-469.388 0.00104594
-428.571 0.00113744
-387.755 0.00123977
-346.939 0.00135459
-306.122 0.00148383
-265.306 0.00162977
-224.49 0.00179515
-183.673 0.00198328
-142.857 0.00219809
-102.041 0.00244439
-61.2245 0.00272802
-20.4082 0.00305612
20.4082 0.00343749
61.2245 0.00388301
102.041 0.00440621
142.857 0.00502407
183.673 0.0057579
224.49 0.00663466
265.306 0.0076886
306.122 0.0089633
346.939 0.0105143
387.755 0.012412
428.571 0.014745
469.388 0.0176226
510.204 0.0211732
551.02 0.0255335
591.837 0.0308125
632.653 0.0369929
673.469 0.0436822
714.286 0.0495024
755.102 0.0506403
795.918 0.037765
836.735 -0.00811238
877.551 -0.109102
918.367 -0.240052
959.184 -0.28246
1000 -0.183401
