-1000 0.0164408
-959.184 0.0181008
-918.367 0.0199876
-877.551 0.0221403
-836.735 0.0246068
-795.918 0.0274452
-755.102 0.0307271
-714.286 0.0345411
-673.469 0.0389977
-632.653 0.0442365
-591.837 0.0504352
-551.02 0.0578233
-510.204 0.0667014
-469.388 0.077471
-428.571 0.0906795
-387.755 0.107095
-346.939 0.127828
-306.122 0.154558
-265.306 0.189951
-224.49 0.238517
-183.673 0.308527
-142.857 0.416763
-102.041 0.601565
-61.2245 0.955757
-20.4082 1.55609
20.4082 -0.452512
61.2245 -4.15353
102.041 2.32816
142.857 -4.42671
183.673 1.37375
224.49 -0.16184
265.306 -2.73592
306.122 2.13669
346.939 -5.48049
387.755 0.6947
428.571 1.4382
469.388 0.86405
510.204 0.555202
551.02 0.390714
591.837 0.292192
632.653 0.227432
673.469 0.182
714.286 0.148623
755.102 0.123266
795.918 0.103508
836.735 0.0878098
877.551 0.075142
918.367 0.064789
959.184 0.0562373
1000 0.0491085
