-1000 -0.00525634
-959.184 -0.00634902
-918.367 -0.00744204
-877.551 -0.00849695
-836.735 -0.00947145
-795.918 -0.0103221
-755.102 -0.0110078
-714.286 -0.0114931
-673.469 -0.0117521
-632.653 -0.0117704
-591.837 -0.0115469
-551.02 -0.0110941
-510.204 -0.0104364
-469.388 -0.00960799
-428.571 -0.00864932
-387.755 -0.0076037
-346.939 -0.00651383
-306.122 -0.00541887
-265.306 -0.0043524
-224.49 -0.00334125
-183.673 -0.00240508
-142.857 -0.00155674
-102.041 -0.000803011
-61.2245 -0.000145647
-20.4082 0.000417497
20.4082 0.000891384
61.2245 0.00128284
102.041 0.00159974
142.857 0.00185042
183.673 0.00204316
224.49 0.00218592
265.306 0.00228609
306.122 0.00235039
346.939 0.00238483
387.755 0.0023947
428.571 0.00238459
469.388 0.00235845
510.204 0.00231965
551.02 0.00227103
591.837 0.00221497
632.653 0.00215346
673.469 0.00208812
714.286 0.00202031
755.102 0.00195112
795.918 0.00188142
836.735 0.00181191
877.551 0.00174316
918.367 0.0016756
959.184 0.00160955
1000 0.00154527
