-1000 0.00316269
-959.184 0.00343672
-918.367 0.0037427
-877.551 0.00408531
-836.735 0.00447005
-795.918 0.00490343
-755.102 0.00539317
-714.286 0.00594843
-673.469 0.00658018
-632.653 0.00730155
-591.837 0.00812833
-551.02 0.00907965
-510.204 0.0101786
-469.388 0.0114535
-428.571 0.0129385
-387.755 0.0146759
-346.939 0.0167169
-306.122 0.0191246
-265.306 0.021976
-224.49 0.0253641
-183.673 0.0294008
-142.857 0.0342164
-102.041 0.0399566
-61.2245 0.0467684
-20.4082 0.0547636
20.4082 0.0639306
61.2245 0.0739236
102.041 0.0835601
142.857 0.0896223
183.673 0.0841416
224.49 0.0495945
265.306 -0.0420646
306.122 -0.19871
346.939 -0.344972
387.755 -0.398531
428.571 -0.38763
469.388 -0.295465
510.204 -0.130848
551.02 0.00318773
591.837 0.0685635
632.653 0.0885617
673.469 0.0879826
714.286 0.0798867
755.102 0.0698749
795.918 0.060134
836.735 0.0514198
877.551 0.0439064
918.367 0.03754
959.184 0.0321876
1000 0.0277004
