-1000 0.0545931
-959.184 0.0645018
-918.367 0.0769026
-877.551 0.092637
-836.735 0.112935
-795.918 0.139667
-755.102 0.175832
-714.286 0.226572
-673.469 0.301514
-632.653 0.420781
-591.837 0.631791
-551.02 1.04557
-510.204 1.57632
-469.388 -2.68392
-428.571 -1.64604
-387.755 1.61145
-346.939 -5.06287
-306.122 2.08466
-265.306 -3.24235
-224.49 -1.3026
-183.673 1.54922
-142.857 0.964414
-102.041 0.590899
-61.2245 0.398702
-20.4082 0.288125
20.4082 0.217729
61.2245 0.169638
102.041 0.135147
142.857 0.109535
183.673 0.0900216
224.49 0.074854
265.306 0.0628734
306.122 0.0532825
346.939 0.0455158
387.755 0.0391625
428.571 0.0339184
469.388 0.0295543
510.204 0.0258955
551.02 0.0228069
591.837 0.020183
632.653 0.0179408
673.469 0.0160142
714.286 0.0143501
755.102 0.012906
795.918 0.011647
836.735 0.0105448
877.551 0.00957583
918.367 0.00872085
959.184 0.00796372
1000 0.00729096
