-1000 0.001575
-959.184 0.000835158
-918.367 -0.000121159
-877.551 -0.00131354
-836.735 -0.00274774
-795.918 -0.00440803
-755.102 -0.00624959
-714.286 -0.00819307
-673.469 -0.0101241
-632.653 -0.0119006
-591.837 -0.0133683
-551.02 -0.0143838
-510.204 -0.01484
-469.388 -0.0146865
-428.571 -0.0139404
-387.755 -0.0126825
-346.939 -0.0110413
-306.122 -0.00916853
-265.306 -0.00721496
-224.49 -0.00531027
-183.673 -0.00355166
-142.857 -0.0020008
-102.041 -0.000687071
-61.2245 0.000385524
-20.4082 0.00123056
20.4082 0.00187202
61.2245 0.00233864
102.041 0.00265991
142.857 0.00286365
183.673 0.00297465
224.49 0.00301412
265.306 0.00299971
306.122 0.00294574
346.939 0.00286364
387.755 0.00276234
428.571 0.00264876
469.388 0.00252814
510.204 0.00240442
551.02 0.00228049
591.837 0.00215845
632.653 0.00203975
673.469 0.0019254
714.286 0.00181603
755.102 0.00171199
795.918 0.00161346
836.735 0.00152045
877.551 0.00143288
918.367 0.0013506
959.184 0.0012734
1000 0.00120105
