-1000 0.000779559
-959.184 0.000801766
-918.367 0.000823031
-877.551 0.000842968
-836.735 0.000861119
-795.918 0.000876946
-755.102 0.000889816
-714.286 0.000898997
-673.469 0.000903639
-632.653 0.000902771
-591.837 0.000895288
-551.02 0.000879944
-510.204 0.00085535
-469.388 0.000819977
-428.571 0.000772165
-387.755 0.000710139
-346.939 0.000632047
-306.122 0.000536002
-265.306 0.000420148
-224.49 0.000282745
-183.673 0.000122273
-142.857 -6.24372e-05
-102.041 -0.000272067
-61.2245 -0.000506648
-20.4082 -0.000765408
20.4082 -0.00104662
61.2245 -0.00134747
102.041 -0.00166399
142.857 -0.00199104
183.673 -0.00232233
224.49 -0.00265062
265.306 -0.00296788
306.122 -0.00326565
346.939 -0.00353539
387.755 -0.00376891
428.571 -0.00395879
469.388 -0.00409876
510.204 -0.00418411
551.02 -0.00421191
591.837 -0.0041812
632.653 -0.00409303
673.469 -0.00395043
714.286 -0.00375822
755.102 -0.0035227
795.918 -0.00325136
836.735 -0.00295241
877.551 -0.0026344
918.367 -0.00230578
959.184 -0.00197453
1000 -0.00164787
