-1000 0.00037071
-959.184 0.000391122
-918.367 0.000412923
-877.551 0.000436217
-836.735 0.000461113
-795.918 0.000487726
-755.102 0.000516177
-714.286 0.000546594
-673.469 0.000579105
-632.653 0.000613842
-591.837 0.000650937
-551.02 0.000690516
-510.204 0.000732694
-469.388 0.000777572
-428.571 0.000825223
-387.755 0.000875682
-346.939 0.000928925
-306.122 0.000984855
-265.306 0.00104327
-224.49 0.00110381
-183.673 0.00116593
-142.857 0.00122885
-102.041 0.00129143
-61.2245 0.00135212
-20.4082 0.00140878
20.4082 0.00145861
61.2245 0.00149791
102.041 0.00152186
142.857 0.00152436
183.673 0.00149771
224.49 0.00143246
265.306 0.0013172
306.122 0.00113863
346.939 0.000881814
387.755 0.000530929
428.571 7.06411e-05
469.388 -0.000511647
510.204 -0.00122256
551.02 -0.00205861
591.837 -0.00300157
632.653 -0.00401444
673.469 -0.00503959
714.286 -0.00600096
755.102 -0.0068118
795.918 -0.00738773
836.735 -0.00766276
877.551 -0.00760363
918.367 -0.00721757
959.184 -0.00655063
1000 -0.00567706
