-1000 0.00833343
-959.184 0.00915899
-918.367 0.0100737
-877.551 0.0110814
-836.735 0.0121817
-795.918 0.0133668
-755.102 0.0146164
-714.286 0.0158902
-673.469 0.0171182
-632.653 0.0181863
-591.837 0.0189208
-551.02 0.0190739
-510.204 0.0183218
-469.388 0.0162898
-428.571 0.0126293
-387.755 0.00715409
-346.939 4.11565e-06
-306.122 -0.00825979
-265.306 -0.0167452
-224.49 -0.0245097
-183.673 -0.0308745
-142.857 -0.0355781
-102.041 -0.0387263
-61.2245 -0.0406343
-20.4082 -0.0416736
20.4082 -0.0421737
61.2245 -0.0423768
102.041 -0.0424258
142.857 -0.042365
183.673 -0.0421403
224.49 -0.0415988
265.306 -0.0404886
306.122 -0.0384733
346.939 -0.0351817
387.755 -0.0303117
428.571 -0.0237882
469.388 -0.0159148
510.204 -0.00740717
551.02 0.000781747
591.837 0.0077825
632.653 0.013076
673.469 0.0165613
714.286 0.0184483
755.102 0.0190935
795.918 0.0188688
836.735 0.0180911
877.551 0.0170003
918.367 0.0157635
959.184 0.0144895
1000 0.013245
