-1000 0.00276971
-959.184 0.00290127
-918.367 0.00303136
-877.551 0.00315704
-836.735 0.00327443
-795.918 0.0033784
-755.102 0.00346229
-714.286 0.00351746
-673.469 0.00353284
-632.653 0.00349428
-591.837 0.00338397
-551.02 0.00317962
-510.204 0.00285376
-469.388 0.00237323
-428.571 0.00169902
-387.755 0.000787105
-346.939 -0.000409056
-306.122 -0.00193333
-265.306 -0.00381773
-224.49 -0.00606827
-183.673 -0.00864611
-142.857 -0.0114469
-102.041 -0.0142858
-61.2245 -0.0169005
-20.4082 -0.0189829
20.4082 -0.0202422
61.2245 -0.0204829
102.041 -0.0196662
142.857 -0.0179222
183.673 -0.0155081
224.49 -0.0127337
265.306 -0.00988796
306.122 -0.0071923
346.939 -0.00478621
387.755 -0.00273558
428.571 -0.00105205
469.388 0.000286776
510.204 0.00132084
551.02 0.00209634
591.837 0.00265887
632.653 0.00304987
673.469 0.00330517
714.286 0.00345475
755.102 0.00352313
795.918 0.00353007
836.735 0.00349127
877.551 0.0034191
918.367 0.00332324
959.184 0.00321117
1000 0.00308867
