-1000 0.0022935
-959.184 0.00250463
-918.367 0.00274242
-877.551 0.00301121
-836.735 0.00331622
-795.918 0.00366372
-755.102 0.00406136
-714.286 0.00451849
-673.469 0.00504661
-632.653 0.00566002
-591.837 0.00637655
-551.02 0.00721871
-510.204 0.00821514
-469.388 0.00940263
-428.571 0.0108289
-387.755 0.0125568
-346.939 0.0146695
-306.122 0.0172797
-265.306 0.0205409
-224.49 0.024667
-183.673 0.0299608
-142.857 0.0368591
-102.041 0.0460073
-61.2245 0.0583818
-20.4082 0.0755034
20.4082 0.0998199
61.2245 0.135434
102.041 0.18959
142.857 0.276059
183.673 0.423875
224.49 0.701155
265.306 1.23322
306.122 1.08215
346.939 -5.74375
387.755 1.29624
428.571 -1.79683
469.388 -2.76714
510.204 1.51432
551.02 0.984895
591.837 0.567417
632.653 0.354357
673.469 0.236249
714.286 0.16503
755.102 0.119465
795.918 0.0890167
836.735 0.0679555
877.551 0.0529631
918.367 0.0420249
959.184 0.0338717
1000 0.0276789
