-1000 0.0009907
-959.184 0.000777418
-918.367 0.000510058
-877.551 0.000183337
-836.735 -0.00020668
-795.918 -0.000661828
-755.102 -0.00118101
-714.286 -0.00175938
-673.469 -0.00238767
-632.653 -0.00305172
-591.837 -0.00373257
-551.02 -0.00440691
-510.204 -0.00504826
-469.388 -0.00562858
-428.571 -0.00612036
-387.755 -0.00649881
-346.939 -0.00674401
-306.122 -0.00684268
-265.306 -0.0067894
-224.49 -0.00658711
-183.673 -0.00624681
-142.857 -0.00578661
-102.041 -0.00523005
-61.2245 -0.00460405
-20.4082 -0.00393671
20.4082 -0.0032552
61.2245 -0.0025839
102.041 -0.00194317
142.857 -0.00134864
183.673 -0.000811
224.49 -0.000336371
265.306 7.31094e-05
306.122 0.000418486
346.939 0.000703147
387.755 0.000932045
428.571 0.00111102
469.388 0.00124627
510.204 0.00134394
551.02 0.00140989
591.837 0.00144947
632.653 0.00146747
673.469 0.00146809
714.286 0.00145493
755.102 0.00143107
795.918 0.00139906
836.735 0.00136102
877.551 0.0013187
918.367 0.00127349
959.184 0.00122653
1000 0.00117872
