-1000 -0.0023418
-959.184 -0.00418602
-918.367 -0.00625589
-877.551 -0.00852332
-836.735 -0.0109416
-795.918 -0.0134446
-755.102 -0.0159477
-714.286 -0.0183519
-673.469 -0.0205496
-632.653 -0.0224332
-591.837 -0.0239043
-551.02 -0.0248822
-510.204 -0.0253115
-469.388 -0.0251677
-428.571 -0.024459
-387.755 -0.0232259
-346.939 -0.0215371
-306.122 -0.0194833
-265.306 -0.0171688
-224.49 -0.0147021
-183.673 -0.0121874
-142.857 -0.0097173
-102.041 -0.00736737
-61.2245 -0.00519409
-20.4082 -0.00323462
20.4082 -0.00150856
61.2245 -2.0933e-05
102.041 0.00123452
142.857 0.00227196
183.673 0.00311049
224.49 0.00377177
265.306 0.00427823
306.122 0.00465173
346.939 0.00491276
387.755 0.00507998
428.571 0.00516998
469.388 0.00519724
510.204 0.00517422
551.02 0.00511153
591.837 0.00501807
632.653 0.00490127
673.469 0.00476724
714.286 0.004621
755.102 0.00446663
795.918 0.0043074
836.735 0.00414594
877.551 0.00398431
918.367 0.00382412
959.184 0.00366661
1000 0.00351272
