-1000 0.000182088
-959.184 0.000176509
-918.367 0.000168541
-877.551 0.000157802
-836.735 0.000143874
-795.918 0.000126318
-755.102 0.000104674
-714.286 7.84837e-05
-673.469 4.73016e-05
-632.653 1.07259e-05
-591.837 -3.15719e-05
-551.02 -7.98084e-05
-510.204 -0.000134044
-469.388 -0.000194134
-428.571 -0.000259679
-387.755 -0.00032998
-346.939 -0.000404001
-306.122 -0.00048035
-265.306 -0.000557282
-224.49 -0.000632738
-183.673 -0.000704412
-142.857 -0.000769863
-102.041 -0.00082665
-61.2245 -0.0008725
-20.4082 -0.000905471
20.4082 -0.000924108
61.2245 -0.00092757
102.041 -0.000915697
142.857 -0.000889031
183.673 -0.000848762
224.49 -0.000796631
265.306 -0.000734783
306.122 -0.000665604
346.939 -0.000591553
387.755 -0.000515014
428.571 -0.000438166
469.388 -0.000362904
510.204 -0.000290779
551.02 -0.000222988
591.837 -0.000160377
632.653 -0.000103475
673.469 -5.25356e-05
714.286 -7.58392e-06
755.102 3.15318e-05
795.918 6.50948e-05
836.735 9.34785e-05
877.551 0.000117112
918.367 0.00013645
959.184 0.000151955
1000 0.000164076
