-1000 0.0129728
-959.184 0.0144749
-918.367 0.0162109
-877.551 0.0182273
-836.735 0.0205816
-795.918 0.0233458
-755.102 0.0266115
-714.286 0.0304957
-673.469 0.0351501
-632.653 0.0407745
-591.837 0.0476368
-551.02 0.0561034
-510.204 0.0666893
-469.388 0.0801413
-428.571 0.0975846
-387.755 0.120796
-346.939 0.152745
-306.122 0.198758
-265.306 0.269272
-224.49 0.387097
-183.673 0.60774
-142.857 1.05283
-102.041 1.33914
-61.2245 -4.74365
-20.4082 -0.082028
20.4082 -0.082028
61.2245 -4.74365
102.041 1.33914
142.857 1.05283
183.673 0.60774
224.49 0.387097
265.306 0.269272
306.122 0.198758
346.939 0.152745
387.755 0.120796
428.571 0.0975846
469.388 0.0801413
510.204 0.0666893
551.02 0.0561034
591.837 0.0476368
632.653 0.0407745
673.469 0.0351501
714.286 0.0304957
755.102 0.0266115
795.918 0.0233458
836.735 0.0205816
877.551 0.0182273
918.367 0.0162109
959.184 0.0144749
1000 0.0129728
