-1000 0.00115569
-959.184 0.000957169
-918.367 0.000716078
-877.551 0.000429313
-836.735 9.46682e-05
-795.918 -0.000288822
-755.102 -0.000720538
-714.286 -0.00119796
-673.469 -0.00171642
-632.653 -0.002269
-591.837 -0.00284652
-551.02 -0.00343777
-510.204 -0.00402987
-469.388 -0.0046088
-428.571 -0.00516002
-387.755 -0.00566912
-346.939 -0.00612249
-306.122 -0.00650787
-265.306 -0.00681482
-224.49 -0.00703504
-183.673 -0.00716262
-142.857 -0.00719415
-102.041 -0.00712878
-61.2245 -0.00696825
-20.4082 -0.00671688
20.4082 -0.00638142
61.2245 -0.00597095
102.041 -0.0054966
142.857 -0.00497116
183.673 -0.00440858
224.49 -0.0038234
265.306 -0.00323004
306.122 -0.00264221
346.939 -0.00207224
387.755 -0.00153068
428.571 -0.00102591
469.388 -0.000564066
510.204 -0.000149046
551.02 0.000217331
591.837 0.000535037
632.653 0.000805513
673.469 0.00103131
714.286 0.00121578
755.102 0.00136271
795.918 0.00147617
836.735 0.00156019
877.551 0.00161873
918.367 0.00165548
959.184 0.00167384
1000 0.0016769
