-1000 0.000647029
-959.184 0.000688213
-918.367 0.000730719
-877.551 0.000773959
-836.735 0.000817068
-795.918 0.000858814
-755.102 0.000897485
-714.286 0.000930746
-673.469 0.000955473
-632.653 0.000967555
-591.837 0.000961684
-551.02 0.000931145
-510.204 0.000867666
-469.388 0.000761374
-428.571 0.000600995
-387.755 0.000374438
-346.939 6.99583e-05
-306.122 -0.000321904
-265.306 -0.000805518
-224.49 -0.0013766
-183.673 -0.00201847
-142.857 -0.0026991
-102.041 -0.00337068
-61.2245 -0.00397307
-20.4082 -0.00444202
20.4082 -0.00472109
61.2245 -0.00477406
102.041 -0.00459386
142.857 -0.00420431
183.673 -0.00365419
224.49 -0.00300581
265.306 -0.00232247
306.122 -0.00165822
346.939 -0.00105235
387.755 -0.000528187
428.571 -9.51491e-05
469.388 0.000247711
510.204 0.000507962
551.02 0.000696611
591.837 0.000825779
632.653 0.00090721
673.469 0.000951451
714.286 0.000967501
755.102 0.000962762
795.918 0.00094315
836.735 0.000913288
877.551 0.00087672
918.367 0.000836112
959.184 0.000793438
1000 0.000750131
