-1000 0.00267092
-959.184 0.00291335
-918.367 0.0031861
-877.551 0.00349405
-836.735 0.00384309
-795.918 0.00424031
-755.102 0.00469431
-714.286 0.00521562
-673.469 0.00581715
-632.653 0.00651494
-591.837 0.00732898
-551.02 0.00828442
-510.204 0.00941315
-469.388 0.010756
-428.571 0.0123656
-387.755 0.0143107
-346.939 0.0166814
-306.122 0.0195975
-265.306 0.023219
-224.49 0.0277605
-183.673 0.0335098
-142.857 0.0408479
-102.041 0.0502607
-61.2245 0.0623082
-20.4082 0.0774496
20.4082 0.0954436
61.2245 0.113631
102.041 0.12287
142.857 0.101559
183.673 0.021839
224.49 -0.0986278
265.306 -0.169709
306.122 -0.179942
346.939 -0.181034
387.755 -0.163485
428.571 -0.160726
469.388 -0.161059
510.204 -0.162686
551.02 -0.180563
591.837 -0.180162
632.653 -0.171085
673.469 -0.104107
714.286 0.0162318
755.102 0.0991331
795.918 0.122772
836.735 0.114426
877.551 0.0963887
918.367 0.0782895
959.184 0.0629894
1000 0.0507958
