-1000 0.000334399
-959.184 0.000357575
-918.367 0.000382793
-877.551 0.000410258
-836.735 0.000440197
-795.918 0.00047286
-755.102 0.000508517
-714.286 0.000547464
-673.469 0.000590018
-632.653 0.000636514
-591.837 0.000687302
-551.02 0.000742739
-510.204 0.000803172
-469.388 0.000868917
-428.571 0.000940225
-387.755 0.00101724
-346.939 0.00109991
-306.122 0.0011879
-265.306 0.00128046
-224.49 0.00137616
-183.673 0.00147268
-142.857 0.00156637
-102.041 0.00165171
-61.2245 0.0017207
-20.4082 0.00176191
20.4082 0.00175957
61.2245 0.00169245
102.041 0.00153309
142.857 0.00124762
183.673 0.000797112
224.49 0.000141765
265.306 -0.0007509
306.122 -0.00189264
346.939 -0.00325686
387.755 -0.00476107
428.571 -0.00625875
469.388 -0.00755179
510.204 -0.00843039
551.02 -0.00873258
591.837 -0.00839914
632.653 -0.00749533
673.469 -0.00618695
714.286 -0.00468455
755.102 -0.00318438
795.918 -0.00182985
836.735 -0.000700325
877.551 0.000179956
918.367 0.000824183
959.184 0.00126547
1000 0.00154375
