-1000 0.00112533
-959.184 0.00118155
-918.367 0.00124044
-877.551 0.001302
-836.735 0.00136616
-795.918 0.00143278
-755.102 0.00150166
-714.286 0.00157249
-673.469 0.00164482
-632.653 0.00171806
-591.837 0.00179138
-551.02 0.00186372
-510.204 0.00193369
-469.388 0.00199951
-428.571 0.00205889
-387.755 0.00210899
-346.939 0.00214621
-306.122 0.0021661
-265.306 0.00216318
-224.49 0.00213076
-183.673 0.00206075
-142.857 0.00194352
-102.041 0.0017677
-61.2245 0.00152023
-20.4082 0.00118642
20.4082 0.000750336
61.2245 0.000195615
102.041 -0.000493188
142.857 -0.00132847
183.673 -0.00231654
224.49 -0.00345369
265.306 -0.00472157
306.122 -0.00608273
346.939 -0.00747758
387.755 -0.00882461
428.571 -0.0100257
469.388 -0.0109774
510.204 -0.0115872
551.02 -0.0117908
591.837 -0.0115659
632.653 -0.0109372
673.469 -0.00997071
714.286 -0.00875986
755.102 -0.00740822
795.918 -0.00601329
836.735 -0.00465556
877.551 -0.00339351
918.367 -0.00226352
959.184 -0.0012831
1000 -0.000455353
