-1000 0.00469459
-959.184 0.00525077
-918.367 0.00589803
-877.551 0.00665569
-836.735 0.00754823
-795.918 0.00860685
-755.102 0.00987182
-714.286 0.0113956
-673.469 0.0132474
-632.653 0.0155197
-591.837 0.0183376
-551.02 0.0218734
-510.204 0.0263681
-469.388 0.032165
-428.571 0.0397636
-387.755 0.0499078
-346.939 0.0637338
-306.122 0.0830308
-265.306 0.110717
-224.49 0.151764
-183.673 0.215154
-142.857 0.318528
-102.041 0.500672
-61.2245 0.85292
-20.4082 1.44578
20.4082 -0.590209
61.2245 -4.3645
102.041 1.95069
142.857 -5.16411
183.673 0.059252
224.49 1.39152
265.306 0.805786
306.122 0.476933
346.939 0.305554
387.755 0.207411
428.571 0.146847
469.388 0.107451
510.204 0.0807838
551.02 0.0621414
591.837 0.0487505
632.653 0.038904
673.469 0.031514
714.286 0.0258667
755.102 0.0214813
795.918 0.0180268
836.735 0.0152703
877.551 0.0130451
918.367 0.0112298
959.184 0.00973466
1000 0.00849245
