-1000 -0.00172141
-959.184 -0.00210821
-918.367 -0.00250018
-877.551 -0.00288326
-836.735 -0.0032413
-795.918 -0.00355711
-755.102 -0.00381391
-714.286 -0.0039969
-673.469 -0.00409494
-632.653 -0.00410187
-591.837 -0.00401723
-551.02 -0.00384638
-510.204 -0.00359979
-469.388 -0.00329179
-428.571 -0.00293898
-387.755 -0.00255859
-346.939 -0.00216699
-306.122 -0.00177862
-265.306 -0.00140528
-224.49 -0.00105587
-183.673 -0.000736439
-142.857 -0.000450514
-102.041 -0.00019947
-61.2245 1.69805e-05
-20.4082 0.000200338
20.4082 0.00035292
61.2245 0.000477522
102.041 0.000577166
142.857 0.000654901
183.673 0.000713675
224.49 0.000756245
265.306 0.000785126
306.122 0.000802574
346.939 0.000810578
387.755 0.000810867
428.571 0.000804933
469.388 0.000794048
510.204 0.000779288
551.02 0.000761557
591.837 0.000741608
632.653 0.000720065
673.469 0.000697438
714.286 0.000674147
755.102 0.000650529
795.918 0.000626857
836.735 0.000603344
877.551 0.000580161
918.367 0.000557438
959.184 0.000535273
1000 0.000513739
