-1000 0.00103415
-959.184 0.00107027
-918.367 0.00110618
-877.551 0.00114151
-836.735 0.00117578
-795.918 0.0012084
-755.102 0.00123868
-714.286 0.00126578
-673.469 0.00128869
-632.653 0.00130625
-591.837 0.00131705
-551.02 0.00131948
-510.204 0.00131166
-469.388 0.00129145
-428.571 0.0012564
-387.755 0.00120378
-346.939 0.00113055
-306.122 0.00103342
-265.306 0.000908875
-224.49 0.000753255
-183.673 0.000562897
-142.857 0.000334293
-102.041 6.43224e-05
-61.2245 -0.000249464
-20.4082 -0.0006085
20.4082 -0.00101282
61.2245 -0.00146063
102.041 -0.00194795
142.857 -0.00246819
183.673 -0.00301202
224.49 -0.00356724
265.306 -0.00411902
306.122 -0.00465035
346.939 -0.00514284
387.755 -0.00557773
428.571 -0.00593717
469.388 -0.00620549
510.204 -0.00637049
551.02 -0.00642446
591.837 -0.00636483
632.653 -0.00619444
673.469 -0.00592124
714.286 -0.00555764
755.102 -0.00511943
795.918 -0.00462455
836.735 -0.00409177
877.551 -0.00353943
918.367 -0.00298445
959.184 -0.00244153
1000 -0.00192273
