-1000 0.000387395
-959.184 0.000408293
-918.367 0.000429831
-877.551 0.00045183
-836.735 0.000474034
-795.918 0.000496094
-755.102 0.000517541
-714.286 0.000537756
-673.469 0.00055593
-632.653 0.000571028
-591.837 0.000581731
-551.02 0.000586389
-510.204 0.00058296
-469.388 0.00056896
-428.571 0.000541418
-387.755 0.000496863
-346.939 0.000431351
-306.122 0.000340569
-265.306 0.000220043
-224.49 6.54945e-05
-183.673 -0.000126631
-142.857 -0.000358428
-102.041 -0.00062962
-61.2245 -0.000936554
-20.4082 -0.00127126
20.4082 -0.00162081
61.2245 -0.0019674
102.041 -0.00228923
142.857 -0.00256258
183.673 -0.0027648
224.49 -0.00287766
265.306 -0.00289046
306.122 -0.00280196
346.939 -0.00262062
387.755 -0.00236304
428.571 -0.00205109
469.388 -0.00170853
510.204 -0.00135787
551.02 -0.00101804
591.837 -0.000703234
632.653 -0.000422609
673.469 -0.000180824
714.286 2.10991e-05
755.102 0.000184752
795.918 0.0003134
836.735 0.000411198
877.551 0.000482613
918.367 0.000532021
959.184 0.000563471
1000 0.000580558
