-1000 -0.059405
-959.184 -0.0691241
-918.367 -0.0652692
-877.551 -0.0499184
-836.735 -0.0302633
-795.918 -0.0127708
-755.102 -0.000239646
-714.286 0.00740229
-673.469 0.0113681
-632.653 0.0129408
-591.837 0.0131012
-551.02 0.012501
-510.204 0.0115397
-469.388 0.0104488
-428.571 0.00935523
-387.755 0.00832355
-346.939 0.0073825
-306.122 0.0065409
-265.306 0.00579704
-224.49 0.00514403
-183.673 0.0045729
-142.857 0.00407415
-102.041 0.0036387
-61.2245 0.00325821
-20.4082 0.00292526
20.4082 0.00263336
61.2245 0.00237688
102.041 0.00215099
142.857 0.00195155
183.673 0.001775
224.49 0.00161831
265.306 0.00147888
306.122 0.00135451
346.939 0.00124329
387.755 0.00114357
428.571 0.00105396
469.388 0.00097325
510.204 0.000900383
551.02 0.000834456
591.837 0.00077468
632.653 0.000720371
673.469 0.00067093
714.286 0.000625833
755.102 0.000584624
795.918 0.000546898
836.735 0.000512302
877.551 0.000480522
918.367 0.000451282
959.184 0.000424337
1000 0.000399468
