-1000 0.00560702
-959.184 0.0055737
-918.367 0.00546508
-877.551 0.00526347
-836.735 0.00494883
-795.918 0.00449896
-755.102 0.00389011
-714.286 0.00309785
-673.469 0.00209854
-632.653 0.000871328
-591.837 -0.000599206
-551.02 -0.00231996
-510.204 -0.0042859
-469.388 -0.00647687
-428.571 -0.00885507
-387.755 -0.011364
-346.939 -0.0139293
-306.122 -0.0164619
-265.306 -0.0188634
-224.49 -0.0210326
-183.673 -0.0228731
-142.857 -0.0243004
-102.041 -0.0252474
-61.2245 -0.0256694
-20.4082 -0.0255464
20.4082 -0.0248841
61.2245 -0.023714
102.041 -0.0220913
142.857 -0.0200916
183.673 -0.0178055
224.49 -0.0153324
265.306 -0.0127733
306.122 -0.0102232
346.939 -0.00776489
387.755 -0.00546507
428.571 -0.00337179
469.388 -0.00151466
510.204 9.33235e-05
551.02 0.00145292
591.837 0.00257528
632.653 0.00347862
673.469 0.00418533
714.286 0.00471963
755.102 0.00510578
795.918 0.00536693
836.735 0.00552435
877.551 0.00559704
918.367 0.00560161
959.184 0.00555235
1000 0.0054613
