-1000 0.000443588
-959.184 0.000446192
-918.367 0.000445697
-877.551 0.000441421
-836.735 0.000432578
-795.918 0.000418281
-755.102 0.000397532
-714.286 0.000369226
-673.469 0.000332164
-632.653 0.000285068
-591.837 0.000226615
-551.02 0.000155484
-510.204 7.04218e-05
-469.388 -2.9666e-05
-428.571 -0.000145603
-387.755 -0.000277808
-346.939 -0.000426136
-306.122 -0.000589717
-265.306 -0.000766793
-224.49 -0.000954581
-183.673 -0.00114919
-142.857 -0.00134561
-102.041 -0.00153784
-61.2245 -0.00171908
-20.4082 -0.00188215
20.4082 -0.00201993
61.2245 -0.00212593
102.041 -0.00219491
142.857 -0.00222329
183.673 -0.00220958
224.49 -0.00215451
265.306 -0.00206094
306.122 -0.0019336
346.939 -0.0017786
387.755 -0.00160289
428.571 -0.0014137
469.388 -0.00121802
510.204 -0.00102215
551.02 -0.000831476
591.837 -0.000650278
632.653 -0.000481724
673.469 -0.000327916
714.286 -0.000190018
755.102 -6.84097e-05
795.918 3.71494e-05
836.735 0.000127357
877.551 0.000203228
918.367 0.00026597
959.184 0.000316889
1000 0.000357315
