-1000 0.000456606
-959.184 0.000475896
-918.367 0.00049546
-877.551 0.000515133
-836.735 0.000534707
-795.918 0.000553913
-755.102 0.000572414
-714.286 0.000589791
-673.469 0.000605524
-632.653 0.00061898
-591.837 0.000629384
-551.02 0.000635809
-510.204 0.000637141
-469.388 0.000632066
-428.571 0.000619042
-387.755 0.000596287
-346.939 0.00056177
-306.122 0.000513215
-265.306 0.000448129
-224.49 0.000363857
-183.673 0.000257678
-142.857 0.000126949
-102.041 -3.06825e-05
-61.2245 -0.000217009
-20.4082 -0.000432915
20.4082 -0.000677971
61.2245 -0.000950005
102.041 -0.00124469
142.857 -0.00155523
183.673 -0.00187222
224.49 -0.00218382
265.306 -0.00247625
306.122 -0.00273473
346.939 -0.00294474
387.755 -0.00309351
428.571 -0.00317145
469.388 -0.00317337
510.204 -0.00309915
551.02 -0.00295373
591.837 -0.00274649
632.653 -0.0024901
673.469 -0.00219902
714.286 -0.00188804
755.102 -0.00157102
795.918 -0.00125991
836.735 -0.000964248
877.551 -0.000690958
918.367 -0.000444486
959.184 -0.0002271
1000 -3.93057e-05
