-1000 0.00313247
-959.184 0.00311658
-918.367 0.00301715
-877.551 0.00280412
-836.735 0.00244057
-795.918 0.00188286
-755.102 0.00108226
-714.286 -1.09707e-05
-673.469 -0.00143963
-632.653 -0.00322669
-591.837 -0.0053571
-551.02 -0.00775663
-510.204 -0.0102741
-469.388 -0.0126784
-428.571 -0.0146819
-387.755 -0.0159967
-346.939 -0.0164107
-306.122 -0.0158531
-265.306 -0.0144187
-224.49 -0.0123359
-183.673 -0.00989724
-142.857 -0.00738454
-102.041 -0.00501776
-61.2245 -0.00293581
-20.4082 -0.00120272
20.4082 0.0001735
61.2245 0.00121982
102.041 0.00198077
142.857 0.00250634
183.673 0.00284469
224.49 0.0030385
265.306 0.00312364
306.122 0.00312919
346.939 0.00307803
387.755 0.00298786
428.571 0.00287206
469.388 0.00274062
510.204 0.00260089
551.02 0.00245815
591.837 0.00231613
632.653 0.00217742
673.469 0.00204372
714.286 0.00191611
755.102 0.00179519
795.918 0.00168126
836.735 0.00157434
877.551 0.00147432
918.367 0.00138099
959.184 0.00129403
1000 0.00121312
