-1000 0.00475938
-959.184 0.00469604
-918.367 0.00455079
-877.551 0.00430699
-836.735 0.00394783
-795.918 0.00345772
-755.102 0.00282402
-714.286 0.00203907
-673.469 0.00110234
-632.653 2.2192e-05
-591.837 -0.00118308
-551.02 -0.00248545
-510.204 -0.00384879
-469.388 -0.00523188
-428.571 -0.00659231
-387.755 -0.00789058
-346.939 -0.00909362
-306.122 -0.0101771
-265.306 -0.0111261
-224.49 -0.011935
-183.673 -0.0126053
-142.857 -0.0131438
-102.041 -0.0135603
-61.2245 -0.0138656
-20.4082 -0.0140693
20.4082 -0.0141789
61.2245 -0.0141988
102.041 -0.0141299
142.857 -0.0139693
183.673 -0.0137109
224.49 -0.0133457
265.306 -0.0128633
306.122 -0.0122534
346.939 -0.0115075
387.755 -0.0106213
428.571 -0.00959708
469.388 -0.00844541
510.204 -0.00718638
551.02 -0.00584935
591.837 -0.00447129
632.653 -0.00309379
673.469 -0.00175913
714.286 -0.000506158
755.102 0.000633161
795.918 0.00163605
836.735 0.00248973
877.551 0.00319092
918.367 0.00374433
959.184 0.00416062
1000 0.00445429
