-1000 0.0021669
-959.184 0.00036421
-918.367 -0.0020177
-877.551 -0.00500482
-836.735 -0.00854744
-795.918 -0.0124881
-755.102 -0.0165438
-714.286 -0.0203191
-673.469 -0.0233609
-632.653 -0.0252505
-591.837 -0.0257054
-551.02 -0.0246552
-510.204 -0.022261
-469.388 -0.0188713
-428.571 -0.014931
-387.755 -0.0108793
-346.939 -0.00707108
-306.122 -0.00373843
-265.306 -0.000992439
-224.49 0.00115157
-183.673 0.0027405
-142.857 0.00385333
-102.041 0.00457903
-61.2245 0.00500294
-20.4082 0.0051999
20.4082 0.00523179
61.2245 0.00514772
102.041 0.00498546
142.857 0.00477334
183.673 0.00453213
224.49 0.00427674
265.306 0.00401765
306.122 0.00376202
346.939 0.00351456
387.755 0.00327824
428.571 0.00305476
469.388 0.00284494
510.204 0.002649
551.02 0.00246672
591.837 0.00229764
632.653 0.00214111
673.469 0.0019964
714.286 0.00186276
755.102 0.00173938
795.918 0.00162551
836.735 0.00152041
877.551 0.00142337
918.367 0.00133376
959.184 0.00125094
1000 0.00117437
