-1000 -0.0078216
-959.184 -0.00840088
-918.367 -0.00881904
-877.551 -0.0090525
-836.735 -0.00908774
-795.918 -0.00892268
-755.102 -0.00856696
-714.286 -0.00804086
-673.469 -0.0073732
-632.653 -0.00659849
-591.837 -0.00575367
-551.02 -0.00487512
-510.204 -0.00399606
-469.388 -0.00314471
-428.571 -0.00234327
-387.755 -0.00160762
-346.939 -0.000947693
-306.122 -0.000368164
-265.306 0.000130538
-224.49 0.000551218
-183.673 0.00089894
-142.857 0.00118017
-102.041 0.0014021
-61.2245 0.0015721
-20.4082 0.00169736
20.4082 0.00178464
61.2245 0.00184011
102.041 0.00186928
142.857 0.001877
183.673 0.00186746
224.49 0.00184424
265.306 0.00181038
306.122 0.00176839
346.939 0.00172041
387.755 0.00166814
428.571 0.00161301
469.388 0.00155615
510.204 0.00149849
551.02 0.00144074
591.837 0.00138348
632.653 0.00132715
673.469 0.00127208
714.286 0.00121851
755.102 0.00116663
795.918 0.00111655
836.735 0.00106834
877.551 0.00102206
918.367 0.0009777
959.184 0.000935255
1000 0.000894697
