-1000 0.0340126
-959.184 0.0340761
-918.367 0.0328413
-877.551 0.0298488
-836.735 0.0246819
-795.918 0.0171189
-755.102 0.00732022
-714.286 -0.00404934
-673.469 -0.0158906
-632.653 -0.0269685
-591.837 -0.0362931
-551.02 -0.0433559
-510.204 -0.0481318
-469.388 -0.0509235
-428.571 -0.0521777
-387.755 -0.0523506
-346.939 -0.0518372
-306.122 -0.0509476
-265.306 -0.0499103
-224.49 -0.0488859
-183.673 -0.0479835
-142.857 -0.0472741
-102.041 -0.0468018
-61.2245 -0.0465913
-20.4082 -0.0466527
20.4082 -0.046983
61.2245 -0.0475661
102.041 -0.0483692
142.857 -0.0493373
183.673 -0.0503837
224.49 -0.0513781
265.306 -0.0521314
306.122 -0.0523795
346.939 -0.0517735
387.755 -0.0498856
428.571 -0.0462516
469.388 -0.0404689
510.204 -0.0323588
551.02 -0.0221508
591.837 -0.0105842
632.653 0.00119856
673.469 0.0119758
714.286 0.0208194
755.102 0.027297
795.918 0.0314421
836.735 0.0335867
877.551 0.0341819
918.367 0.033673
959.184 0.0324372
1000 0.0307652
