-1000 -0.0214903
-959.184 -0.0241716
-918.367 -0.0255815
-877.551 -0.0255055
-836.735 -0.0239554
-795.918 -0.021166
-755.102 -0.0175312
-714.286 -0.0135051
-673.469 -0.00950416
-632.653 -0.00584249
-591.837 -0.00270812
-551.02 -0.000174978
-510.204 0.00176721
-469.388 0.00317964
-428.571 0.00414683
-387.755 0.00475764
-346.939 0.00509425
-306.122 0.00522706
-265.306 0.0052134
-224.49 0.00509819
-183.673 0.00491569
-142.857 0.00469135
-102.041 0.00444374
-61.2245 0.00418606
-20.4082 0.0039275
20.4082 0.00367429
61.2245 0.00343047
102.041 0.0031985
142.857 0.00297975
183.673 0.00277479
224.49 0.00258367
265.306 0.00240607
306.122 0.00224146
346.939 0.00208916
387.755 0.00194841
428.571 0.00181845
469.388 0.00169848
510.204 0.00158776
551.02 0.00148556
591.837 0.0013912
632.653 0.00130403
673.469 0.00122346
714.286 0.00114895
755.102 0.00107998
795.918 0.00101611
836.735 0.000956891
877.551 0.000901952
918.367 0.000850934
959.184 0.000803517
1000 0.000759405
