-1000 0.00173153
-959.184 0.0017453
-918.367 0.00175001
-877.551 0.00174388
-836.735 0.00172498
-795.918 0.00169119
-755.102 0.00164022
-714.286 0.00156967
-673.469 0.00147707
-632.653 0.00135991
-591.837 0.0012158
-551.02 0.00104252
-510.204 0.000838173
-469.388 0.000601342
-428.571 0.000331218
-387.755 2.77624e-05
-346.939 -0.000308159
-306.122 -0.000674677
-265.306 -0.00106886
-224.49 -0.00148671
-183.673 -0.00192324
-142.857 -0.00237261
-102.041 -0.00282833
-61.2245 -0.00328351
-20.4082 -0.00373111
20.4082 -0.00416424
61.2245 -0.00457642
102.041 -0.00496174
142.857 -0.00531505
183.673 -0.00563201
224.49 -0.00590909
265.306 -0.00614358
306.122 -0.00633342
346.939 -0.00647719
387.755 -0.00657391
428.571 -0.00662301
469.388 -0.00662421
510.204 -0.0065775
551.02 -0.00648315
591.837 -0.00634172
632.653 -0.00615414
673.469 -0.00592185
714.286 -0.00564683
755.102 -0.0053318
795.918 -0.00498021
836.735 -0.00459637
877.551 -0.0041854
918.367 -0.00375316
959.184 -0.00330613
1000 -0.00285116
