-1000 0.0282677
-959.184 0.0332211
-918.367 0.0394426
-877.551 0.0474102
-836.735 0.0578624
-795.918 0.0719955
-755.102 0.0918571
-714.286 0.121196
-673.469 0.167481
-632.653 0.247245
-591.837 0.401353
-551.02 0.72752
-510.204 1.10946
-469.388 -3.43656
-428.571 -2.93814
-387.755 1.11661
-346.939 0.705114
-306.122 0.390678
-265.306 0.241996
-224.49 0.164569
-183.673 0.119412
-142.857 0.0906803
-102.041 0.0711748
-61.2245 0.0572649
-20.4082 0.0469604
20.4082 0.0390949
61.2245 0.0329465
102.041 0.0280471
142.857 0.0240814
183.673 0.0208296
224.49 0.0181339
265.306 0.0158783
306.122 0.0139757
346.939 0.0123594
387.755 0.0109776
428.571 0.00978963
469.388 0.00876295
510.204 0.00787145
551.02 0.0070939
591.837 0.00641297
632.653 0.00581435
673.469 0.00528619
714.286 0.00481862
755.102 0.00440334
795.918 0.00403338
836.735 0.00370284
877.551 0.0034067
918.367 0.00314067
959.184 0.00290109
1000 0.00268481
