-1000 0.00241928
-959.184 0.00262959
-918.367 0.00286342
-877.551 0.00312384
-836.735 0.00341429
-795.918 0.00373864
-755.102 0.0041012
-714.286 0.00450668
-673.469 0.00496016
-632.653 0.00546691
-591.837 0.0060321
-551.02 0.00666025
-510.204 0.00735443
-469.388 0.00811474
-428.571 0.00893607
-387.755 0.00980457
-346.939 0.0106922
-306.122 0.0115491
-265.306 0.0122922
-224.49 0.0127916
-183.673 0.0128547
-142.857 0.0122137
-102.041 0.0105287
-61.2245 0.0074229
-20.4082 0.00257399
20.4082 -0.0041355
61.2245 -0.0124528
102.041 -0.021681
142.857 -0.0307996
183.673 -0.0387557
224.49 -0.0447419
265.306 -0.0482962
306.122 -0.0492283
346.939 -0.0475005
387.755 -0.0431867
428.571 -0.0365457
469.388 -0.028141
510.204 -0.018874
551.02 -0.00982206
591.837 -0.00193376
632.653 0.00422449
673.469 0.00852543
714.286 0.0111663
755.102 0.012499
795.918 0.012896
836.735 0.0126774
877.551 0.0120878
918.367 0.0112994
959.184 0.0104264
1000 0.00954039
