-1000 0.00162045
-959.184 0.00163004
-918.367 0.00163043
-877.551 0.00161986
-836.735 0.00159641
-795.918 0.00155796
-755.102 0.00150225
-714.286 0.00142689
-673.469 0.00132942
-632.653 0.0012074
-591.837 0.00105845
-551.02 0.000880396
-510.204 0.000671415
-469.388 0.000430147
-428.571 0.000155866
-387.755 -0.000151365
-346.939 -0.000490568
-306.122 -0.000859735
-265.306 -0.00125577
-224.49 -0.00167451
-183.673 -0.00211073
-142.857 -0.00255837
-102.041 -0.00301064
-61.2245 -0.00346035
-20.4082 -0.00390011
20.4082 -0.00432265
61.2245 -0.00472107
102.041 -0.00508903
142.857 -0.00542091
183.673 -0.00571192
224.49 -0.00595808
265.306 -0.00615627
306.122 -0.00630411
346.939 -0.00639994
387.755 -0.00644272
428.571 -0.00643201
469.388 -0.00636792
510.204 -0.00625113
551.02 -0.00608292
591.837 -0.00586521
632.653 -0.00560069
673.469 -0.00529281
714.286 -0.00494588
755.102 -0.00456502
795.918 -0.00415615
836.735 -0.00372587
877.551 -0.00328125
918.367 -0.00282963
959.184 -0.00237836
1000 -0.00193451
