-1000 -0.00312466
-959.184 -0.00318011
-918.367 -0.00315897
-877.551 -0.00306265
-836.735 -0.00289752
-795.918 -0.0026741
-755.102 -0.00240574
-714.286 -0.00210715
-673.469 -0.00179298
-632.653 -0.00147658
-591.837 -0.00116922
-551.02 -0.000879664
-510.204 -0.000614059
-469.388 -0.000376162
-428.571 -0.00016767
-387.755 1.13583e-05
-346.939 0.000162069
-306.122 0.000286424
-265.306 0.000386873
-224.49 0.000466094
-183.673 0.000526803
-142.857 0.000571622
-102.041 0.000602995
-61.2245 0.000623136
-20.4082 0.000634015
20.4082 0.000637354
61.2245 0.000634633
102.041 0.000627117
142.857 0.000615869
183.673 0.000601778
224.49 0.000585579
265.306 0.000567876
306.122 0.000549163
346.939 0.000529837
387.755 0.000510215
428.571 0.000490551
469.388 0.000471042
510.204 0.000451842
551.02 0.000433065
591.837 0.000414798
632.653 0.000397101
673.469 0.000380019
714.286 0.000363575
755.102 0.000347784
795.918 0.000332651
836.735 0.000318171
877.551 0.000304334
918.367 0.000291127
959.184 0.000278532
1000 0.00026653
