-1000 0.00698722
-959.184 0.00750598
-918.367 0.00805985
-877.551 0.00864707
-836.735 0.00926334
-795.918 0.00990026
-755.102 0.0105431
-714.286 0.0111669
-673.469 0.0117311
-632.653 0.0121698
-591.837 0.0123771
-551.02 0.0121837
-510.204 0.01132
-469.388 0.00936308
-428.571 0.00566661
-387.755 -0.000699524
-346.939 -0.0109107
-306.122 -0.0260256
-265.306 -0.0459562
-224.49 -0.0677798
-183.673 -0.0848861
-142.857 -0.0897756
-102.041 -0.0799497
-61.2245 -0.0602717
-20.4082 -0.0385361
20.4082 -0.0201415
61.2245 -0.00682293
102.041 0.00190255
142.857 0.00721009
183.673 0.0102073
224.49 0.011721
265.306 0.0123112
306.122 0.0123398
346.939 0.0120361
387.755 0.0115439
428.571 0.0109529
469.388 0.0103187
510.204 0.00967574
551.02 0.00904476
591.837 0.00843795
632.653 0.00786207
673.469 0.00732039
714.286 0.00681401
755.102 0.00634263
795.918 0.00590516
836.735 0.00549997
877.551 0.00512521
918.367 0.00477889
959.184 0.00445902
1000 0.00416363
