-1000 0.00386127
-959.184 0.00429815
-918.367 0.0048041
-877.551 0.00539348
-836.735 0.00608436
-795.918 0.00689982
-755.102 0.00786959
-714.286 0.0090324
-673.469 0.0104395
-632.653 0.0121593
-591.837 0.0142854
-551.02 0.0169471
-510.204 0.0203275
-469.388 0.0246917
-428.571 0.0304331
-387.755 0.0381543
-346.939 0.0488106
-306.122 0.0639801
-265.306 0.0864002
-224.49 0.121103
-183.673 0.178002
-142.857 0.278254
-102.041 0.47081
-61.2245 0.870355
-20.4082 1.5814
20.4082 -0.265544
61.2245 -3.8481
102.041 2.67862
142.857 -4.05075
183.673 1.74832
224.49 0.214343
265.306 -2.36331
306.122 2.48065
346.939 -5.19139
387.755 0.849241
428.571 1.43556
469.388 0.765114
510.204 0.42078
551.02 0.253013
591.837 0.164079
632.653 0.112808
673.469 0.081142
714.286 0.060477
755.102 0.046381
795.918 0.0364126
836.735 0.0291496
877.551 0.0237236
918.367 0.0195827
959.184 0.0163641
1000 0.0138221
