-1000 -0.00851775
-959.184 -0.00904458
-918.367 -0.00931182
-877.551 -0.00929758
-836.735 -0.00900303
-795.918 -0.00845225
-755.102 -0.00768851
-714.286 -0.00676788
-673.469 -0.00575174
-632.653 -0.0046996
-591.837 -0.00366353
-551.02 -0.00268469
-510.204 -0.00179211
-469.388 -0.00100316
-428.571 -0.000325269
-387.755 0.000241952
-346.939 0.000704371
-306.122 0.00107132
-265.306 0.00135392
-224.49 0.00156386
-183.673 0.00171253
-142.857 0.00181052
-102.041 0.0018673
-61.2245 0.00189113
-20.4082 0.00188907
20.4082 0.00186703
61.2245 0.00182991
102.041 0.0017817
142.857 0.00172562
183.673 0.00166425
224.49 0.00159962
265.306 0.00153331
306.122 0.00146656
346.939 0.0014003
387.755 0.00133521
428.571 0.00127181
469.388 0.00121045
510.204 0.00115139
551.02 0.00109476
591.837 0.00104065
632.653 0.000989085
673.469 0.000940056
714.286 0.000893517
755.102 0.000849402
795.918 0.000807631
836.735 0.000768112
877.551 0.000730748
918.367 0.000695438
959.184 0.000662078
1000 0.000630568
