-1000 0.000474414
-959.184 0.000435499
-918.367 0.000386312
-877.551 0.00032557
-836.735 0.000251989
-795.918 0.000164335
-755.102 6.14918e-05
-714.286 -5.7453e-05
-673.469 -0.000193104
-632.653 -0.000345646
-591.837 -0.000514711
-551.02 -0.000699265
-510.204 -0.00089748
-469.388 -0.00110666
-428.571 -0.00132317
-387.755 -0.00154248
-346.939 -0.00175922
-306.122 -0.00196738
-265.306 -0.00216053
-224.49 -0.00233217
-183.673 -0.00247609
-142.857 -0.00258681
-102.041 -0.00265991
-61.2245 -0.0026924
-20.4082 -0.00268293
20.4082 -0.0026319
61.2245 -0.00254141
102.041 -0.00241513
142.857 -0.002258
183.673 -0.00207589
224.49 -0.00187518
265.306 -0.00166238
306.122 -0.00144377
346.939 -0.0012251
387.755 -0.00101138
428.571 -0.000806744
469.388 -0.000614396
510.204 -0.000436636
551.02 -0.000274921
591.837 -0.000129971
632.653 -1.88817e-06
673.469 0.000109715
714.286 0.000205596
755.102 0.00028677
795.918 0.000354416
836.735 0.000409799
877.551 0.000454207
918.367 0.000488906
959.184 0.000515106
1000 0.000533939
