-1000 0.00122298
-959.184 0.00125899
-918.367 0.00129093
-877.551 0.00131729
-836.735 0.0013362
-795.918 0.00134541
-755.102 0.00134224
-714.286 0.00132346
-673.469 0.00128529
-632.653 0.00122334
-591.837 0.00113256
-551.02 0.00100727
-510.204 0.000841211
-469.388 0.000627712
-428.571 0.000359939
-387.755 3.13261e-05
-346.939 -0.000363804
-306.122 -0.000829395
-265.306 -0.00136658
-224.49 -0.00197239
-183.673 -0.0026384
-142.857 -0.0033495
-102.041 -0.00408303
-61.2245 -0.00480881
-20.4082 -0.00549035
20.4082 -0.00608746
61.2245 -0.0065603
102.041 -0.00687426
142.857 -0.00700491
183.673 -0.0069417
224.49 -0.00668977
265.306 -0.00626902
306.122 -0.00571103
346.939 -0.00505439
387.755 -0.00433968
428.571 -0.00360507
469.388 -0.00288316
510.204 -0.00219927
551.02 -0.00157111
591.837 -0.00100932
632.653 -0.000518617
673.469 -9.91548e-05
714.286 0.000252162
755.102 0.000540512
795.918 0.000772233
836.735 0.000954121
877.551 0.00109294
918.367 0.00119513
959.184 0.00126656
1000 0.00131252
