-1000 1.6099
-959.184 -4.56501
-918.367 1.06519
-877.551 0.57019
-836.735 -2.72861
-795.918 2.95839
-755.102 -4.14277
-714.286 2.13937
-673.469 -0.187817
-632.653 -1.81299
-591.837 2.37157
-551.02 -5.29647
-510.204 1.05951
-469.388 1.41036
-428.571 0.752035
-387.755 0.418109
-346.939 0.254296
-306.122 0.166687
-265.306 0.115736
-224.49 0.0840048
-183.673 0.063134
-142.857 0.0487915
-102.041 0.0385774
-61.2245 0.0310858
-20.4082 0.0254538
20.4082 0.0211301
61.2245 0.0177505
102.041 0.0150671
142.857 0.0129072
183.673 0.0111474
224.49 0.0096981
265.306 0.00849293
306.122 0.007482
346.939 0.00662728
387.755 0.00589942
428.571 0.0052755
469.388 0.00473745
510.204 0.00427084
551.02 0.00386412
591.837 0.00350789
632.653 0.00319449
673.469 0.00291764
714.286 0.00267211
755.102 0.00245357
795.918 0.00225839
836.735 0.00208351
877.551 0.00192634
918.367 0.00178468
959.184 0.00165666
1000 0.00154066
