-1000 -0.0066514
-959.184 -0.0359164
-918.367 -0.0592424
-877.551 -0.0740546
-836.735 -0.0810408
-795.918 -0.0823474
-755.102 -0.0802059
-714.286 -0.0762371
-673.469 -0.0715631
-632.653 -0.0668157
-591.837 -0.0623427
-551.02 -0.0583505
-510.204 -0.0548722
-469.388 -0.0519652
-428.571 -0.0495946
-387.755 -0.047742
-346.939 -0.046405
-306.122 -0.0455262
-265.306 -0.0451335
-224.49 -0.0451872
-183.673 -0.0457014
-142.857 -0.0466956
-102.041 -0.0481544
-61.2245 -0.0501403
-20.4082 -0.0526382
20.4082 -0.0556903
61.2245 -0.0593014
102.041 -0.0634197
142.857 -0.0679891
183.673 -0.0727549
224.49 -0.0773317
265.306 -0.0809657
306.122 -0.0824222
346.939 -0.0799212
387.755 -0.0711497
428.571 -0.0541779
469.388 -0.0289657
510.204 0.000926892
551.02 0.0291212
591.837 0.0503243
632.653 0.0628792
673.469 0.0680254
714.286 0.0680312
755.102 0.0649808
795.918 0.0603817
836.735 0.0551922
877.551 0.0499684
918.367 0.0450055
959.184 0.040441
1000 0.0363218
