-1000 0.000833812
-959.184 0.000892193
-918.367 0.000956082
-877.551 0.00102613
-836.735 0.0011031
-795.918 0.00118784
-755.102 0.00128135
-714.286 0.00138477
-673.469 0.00149941
-632.653 0.00162683
-591.837 0.0017688
-551.02 0.00192742
-510.204 0.00210514
-469.388 0.00230486
-428.571 0.00252997
-387.755 0.00278454
-346.939 0.00307337
-306.122 0.00340223
-265.306 0.00377801
-224.49 0.00420903
-183.673 0.00470535
-142.857 0.00527917
-102.041 0.00594533
-61.2245 0.00672196
-20.4082 0.00763127
20.4082 0.00870043
61.2245 0.0099628
102.041 0.0114591
142.857 0.0132389
183.673 0.0153618
224.49 0.0178977
265.306 0.0209259
306.122 0.0245282
346.939 0.0287735
387.755 0.0336764
428.571 0.0391035
469.388 0.0445497
510.204 0.0486045
551.02 0.0476812
591.837 0.0332377
632.653 -0.0123302
673.469 -0.111405
714.286 -0.246286
755.102 -0.303937
795.918 -0.214038
836.735 -0.0811121
877.551 0.00332095
918.367 0.0388923
959.184 0.0487229
1000 0.0478611
