-1000 -0.00920499
-959.184 -0.010342
-918.367 -0.0111998
-877.551 -0.0116928
-836.735 -0.0117681
-795.918 -0.0114174
-755.102 -0.0106789
-714.286 -0.00962843
-673.469 -0.00836448
-632.653 -0.00699022
-591.837 -0.00559896
-551.02 -0.00426484
-510.204 -0.00303952
-469.388 -0.00195331
-428.571 -0.00101889
-387.755 -0.000235985
-346.939 0.000404268
-306.122 0.000915626
-265.306 0.00131405
-224.49 0.00161589
-183.673 0.00183668
-142.857 0.00199059
-102.041 0.0020901
-61.2245 0.00214593
-20.4082 0.00216718
20.4082 0.00216143
61.2245 0.0021349
102.041 0.00209272
142.857 0.002039
183.673 0.00197707
224.49 0.00190957
265.306 0.00183859
306.122 0.00176577
346.939 0.00169237
387.755 0.00161937
428.571 0.0015475
469.388 0.00147731
510.204 0.00140919
551.02 0.00134341
591.837 0.00128016
632.653 0.00121953
673.469 0.00116157
714.286 0.00110628
755.102 0.00105364
795.918 0.00100359
836.735 0.000956054
877.551 0.00091095
918.367 0.000868184
959.184 0.000827656
1000 0.000789265
