-1000 0.000921216
-959.184 0.000999358
-918.367 0.00108655
-877.551 0.00118413
-836.735 0.00129368
-795.918 0.00141708
-755.102 0.00155659
-714.286 0.00171489
-673.469 0.00189523
-632.653 0.00210155
-591.837 0.00233865
-551.02 0.00261243
-510.204 0.00293018
-469.388 0.00330096
-428.571 0.00373615
-387.755 0.00425011
-346.939 0.00486116
-306.122 0.00559282
-265.306 0.00647559
-224.49 0.00754938
-183.673 0.00886689
-142.857 0.0104983
-102.041 0.012538
-61.2245 0.0151132
-20.4082 0.0183965
20.4082 0.0226202
61.2245 0.0280909
102.041 0.0351914
142.857 0.0443309
183.673 0.0557309
224.49 0.0687374
265.306 0.0799116
306.122 0.0786674
346.939 0.0415261
387.755 -0.0583631
428.571 -0.194245
469.388 -0.271472
510.204 -0.28093
551.02 -0.244333
591.837 -0.127455
632.653 -1.08192e-05
673.469 0.0665693
714.286 0.0819623
755.102 0.0749749
795.918 0.0621471
836.735 0.049755
877.551 0.0394835
918.367 0.0314112
959.184 0.0251774
1000 0.0203735
