-1000 0.00262202
-959.184 0.00288091
-918.367 0.00314453
-877.551 0.00339667
-836.735 0.00361008
-795.918 0.00374106
-755.102 0.00372252
-714.286 0.00345643
-673.469 0.00280825
-632.653 0.00161006
-591.837 -0.000315797
-551.02 -0.00309649
-510.204 -0.00670218
-469.388 -0.0108154
-428.571 -0.0147592
-387.755 -0.0176116
-346.939 -0.018554
-306.122 -0.0172896
-265.306 -0.0142137
-224.49 -0.0101887
-183.673 -0.00611721
-142.857 -0.00262344
-102.041 2.56233e-05
-61.2245 0.00183201
-20.4082 0.00293615
20.4082 0.00351699
61.2245 0.00373829
102.041 0.00372899
142.857 0.00358203
183.673 0.0033605
224.49 0.00310522
265.306 0.00284149
306.122 0.00258423
346.939 0.0023416
387.755 0.00211756
428.571 0.00191348
469.388 0.0017292
510.204 0.00156373
551.02 0.00141567
591.837 0.00128343
632.653 0.00116542
673.469 0.0010601
714.286 0.000966068
755.102 0.000882027
795.918 0.000806821
836.735 0.000739422
877.551 0.000678923
918.367 0.000624524
959.184 0.000575523
1000 0.000531303
