-1000 0.000262197
-959.184 0.000261548
-918.367 0.000258336
-877.551 0.000252005
-836.735 0.000241925
-795.918 0.000227389
-755.102 0.000207617
-714.286 0.000181766
-673.469 0.000148951
-632.653 0.000108274
-591.837 5.88706e-05
-551.02 -3.18521e-08
-510.204 -6.9032e-05
-469.388 -0.00014846
-428.571 -0.000238264
-387.755 -0.000337893
-346.939 -0.000446178
-306.122 -0.000561235
-265.306 -0.000680412
-224.49 -0.000800289
-183.673 -0.000916772
-142.857 -0.00102528
-102.041 -0.00112104
-61.2245 -0.00119941
-20.4082 -0.00125634
20.4082 -0.00128874
61.2245 -0.00129477
102.041 -0.0012741
142.857 -0.00122789
183.673 -0.00115872
224.49 -0.00107024
265.306 -0.000966874
306.122 -0.000853392
346.939 -0.0007345
387.755 -0.000614542
428.571 -0.000497256
469.388 -0.000385645
510.204 -0.000281936
551.02 -0.000187608
591.837 -0.000103477
632.653 -2.98052e-05
673.469 3.35808e-05
714.286 8.71717e-05
755.102 0.000131672
795.918 0.000167915
836.735 0.000196788
877.551 0.000219189
918.367 0.00023598
959.184 0.000247973
1000 0.000255908
