-1000 0.0111518
-959.184 0.0127218
-918.367 0.0146005
-877.551 0.0168674
-836.735 0.019628
-795.918 0.0230238
-755.102 0.0272478
-714.286 0.0325673
-673.469 0.0393592
-632.653 0.0481664
-591.837 0.0597875
-551.02 0.0754286
-510.204 0.0969643
-469.388 0.12741
-428.571 0.171825
-387.755 0.239189
-346.939 0.346751
-306.122 0.531511
-265.306 0.879939
-224.49 1.49533
-183.673 0.210026
-142.857 -4.93444
-102.041 2.32454
-61.2245 -3.70032
-20.4082 0.558258
20.4082 0.348306
61.2245 -4.43941
102.041 1.55148
142.857 1.19341
183.673 0.694022
224.49 0.434971
265.306 0.291693
306.122 0.205206
346.939 0.14966
387.755 0.112346
428.571 0.0863852
469.388 0.0677925
510.204 0.0541445
551.02 0.04391
591.837 0.0360906
632.653 0.0300169
673.469 0.0252295
714.286 0.0214062
755.102 0.0183166
795.918 0.0157932
836.735 0.0137123
877.551 0.0119811
918.367 0.0105292
959.184 0.00930261
1000 0.00825926
