-1000 1.26467
-959.184 -5.14558
-918.367 0.272113
-877.551 -0.512328
-836.735 -4.33003
-795.918 1.36514
-755.102 1.00897
-714.286 0.58029
-673.469 0.369374
-632.653 0.257126
-591.837 0.190404
-551.02 0.14725
-510.204 0.11755
-469.388 0.0961252
-428.571 0.0800905
-387.755 0.067732
-346.939 0.0579769
-306.122 0.0501238
-265.306 0.0436979
-224.49 0.0383674
-183.673 0.0338941
-142.857 0.0301029
-102.041 0.0268625
-61.2245 0.0240725
-20.4082 0.0216547
20.4082 0.0195475
61.2245 0.0177018
102.041 0.0160778
142.857 0.0146429
183.673 0.0133704
224.49 0.0122379
265.306 0.0112269
306.122 0.0103215
346.939 0.00950862
387.755 0.00877678
428.571 0.00811629
469.388 0.00751879
510.204 0.00697709
551.02 0.00648493
591.837 0.00603687
632.653 0.00562818
673.469 0.0052547
714.286 0.00491278
755.102 0.00459924
795.918 0.00431123
836.735 0.00404626
877.551 0.00380211
918.367 0.00357682
959.184 0.00336862
1000 0.00317596
