-1000 0.012903
-959.184 0.0147287
-918.367 0.0166035
-877.551 0.0182813
-836.735 0.0192741
-795.918 0.0187063
-755.102 0.015176
-714.286 0.00681005
-673.469 -0.00809868
-632.653 -0.0295237
-591.837 -0.0539001
-551.02 -0.074425
-510.204 -0.0845207
-469.388 -0.0810696
-428.571 -0.0651116
-387.755 -0.0417214
-346.939 -0.0181228
-306.122 0.000236803
-265.306 0.0117217
-224.49 0.0174209
-183.673 0.0192595
-142.857 0.018907
-102.041 0.0174903
-61.2245 0.0156712
-20.4082 0.0138006
20.4082 0.012046
61.2245 0.0104743
102.041 0.00910076
142.857 0.00791642
183.673 0.00690213
224.49 0.00603591
265.306 0.0052964
306.122 0.00466427
346.939 0.00412271
387.755 0.00365741
428.571 0.00325633
469.388 0.00290941
510.204 0.00260826
551.02 0.00234591
591.837 0.00211655
632.653 0.00191533
673.469 0.00173819
714.286 0.00158174
755.102 0.00144313
795.918 0.00131993
836.735 0.00121011
877.551 0.00111194
918.367 0.00102393
959.184 0.000944842
1000 0.000873577
