-1000 -0.00322776
-959.184 -0.00384337
-918.367 -0.00444094
-877.551 -0.00499389
-836.735 -0.00547453
-795.918 -0.00585642
-755.102 -0.00611706
-714.286 -0.00624034
-673.469 -0.00621842
-632.653 -0.00605271
-591.837 -0.00575366
-551.02 -0.00533956
-510.204 -0.00483434
-469.388 -0.00426511
-428.571 -0.00365944
-387.755 -0.00304319
-346.939 -0.00243876
-306.122 -0.00186415
-265.306 -0.00133252
-224.49 -0.000852466
-183.673 -0.000428453
-142.857 -6.16114e-05
-102.041 0.000249501
-61.2245 0.000508137
-20.4082 0.000718705
20.4082 0.000886228
61.2245 0.00101594
102.041 0.00111297
142.857 0.0011822
183.673 0.00122806
224.49 0.00125457
265.306 0.00126523
306.122 0.00126309
346.939 0.00125077
387.755 0.00123046
428.571 0.00120404
469.388 0.00117303
510.204 0.0011387
551.02 0.00110209
591.837 0.00106405
632.653 0.00102524
673.469 0.000986206
714.286 0.000947368
755.102 0.000909056
795.918 0.00087152
836.735 0.000834948
877.551 0.000799474
918.367 0.000765194
959.184 0.000732167
1000 0.00070043
