-1000 0.000807521
-959.184 0.000619124
-918.367 0.000385123
-877.551 0.000100742
-836.735 -0.000237925
-795.918 -0.000633314
-755.102 -0.00108568
-714.286 -0.00159232
-673.469 -0.00214679
-632.653 -0.00273826
-591.837 -0.00335114
-551.02 -0.00396515
-510.204 -0.00455599
-469.388 -0.00509669
-428.571 -0.0055596
-387.755 -0.00591887
-346.939 -0.00615309
-306.122 -0.00624766
-265.306 -0.00619657
-224.49 -0.00600308
-183.673 -0.00567935
-142.857 -0.00524496
-102.041 -0.00472473
-61.2245 -0.00414602
-20.4082 -0.00353626
20.4082 -0.00292071
61.2245 -0.00232096
102.041 -0.00175404
142.857 -0.00123219
183.673 -0.0007631
224.49 -0.000350525
265.306 4.98682e-06
306.122 0.000305298
346.939 0.000553941
387.755 0.000755486
428.571 0.000915027
469.388 0.0010378
510.204 0.00112889
551.02 0.0011931
591.837 0.00123479
632.653 0.00125786
673.469 0.00126573
714.286 0.00126136
755.102 0.00124728
795.918 0.00122562
836.735 0.00119816
877.551 0.00116639
918.367 0.00113153
959.184 0.00109458
1000 0.00105633
