-1000 0.000508519
-959.184 0.000541848
-918.367 0.000578048
-877.551 0.000617418
-836.735 0.000660297
-795.918 0.000707064
-755.102 0.000758144
-714.286 0.000814015
-673.469 0.000875213
-632.653 0.000942341
-591.837 0.00101608
-551.02 0.00109718
-510.204 0.0011865
-469.388 0.001285
-428.571 0.00139372
-387.755 0.00151384
-346.939 0.00164665
-306.122 0.00179354
-265.306 0.00195601
-224.49 0.00213562
-183.673 0.00233394
-142.857 0.00255244
-102.041 0.00279236
-61.2245 0.00305443
-20.4082 0.00333852
20.4082 0.00364304
61.2245 0.0039641
102.041 0.0042942
142.857 0.00462037
183.673 0.00492152
224.49 0.00516472
265.306 0.00530022
306.122 0.00525519
346.939 0.00492672
387.755 0.0041758
428.571 0.00282649
469.388 0.000678511
510.204 -0.00245385
551.02 -0.00666134
591.837 -0.011814
632.653 -0.0174245
673.469 -0.0225973
714.286 -0.0261977
755.102 -0.0272703
795.918 -0.0255052
836.735 -0.0214063
877.551 -0.0160215
918.367 -0.0104568
959.184 -0.00551063
1000 -0.00157085
