-1000 0.00049767
-959.184 0.000517639
-918.367 0.000538319
-877.551 0.000559693
-836.735 0.000581729
-795.918 0.000604384
-755.102 0.000627596
-714.286 0.00065128
-673.469 0.000675329
-632.653 0.000699603
-591.837 0.000723926
-551.02 0.000748077
-510.204 0.000771786
-469.388 0.000794719
-428.571 0.000816473
-387.755 0.000836561
-346.939 0.000854397
-306.122 0.000869285
-265.306 0.000880403
-224.49 0.000886783
-183.673 0.000887295
-142.857 0.000880632
-102.041 0.000865294
-61.2245 0.000839577
-20.4082 0.000801568
20.4082 0.000749147
61.2245 0.000680006
102.041 0.000591682
142.857 0.000481616
183.673 0.000347239
224.49 0.000186098
265.306 -3.98355e-06
306.122 -0.000224695
346.939 -0.000476989
387.755 -0.000760792
428.571 -0.0010747
469.388 -0.00141568
510.204 -0.00177881
551.02 -0.00215708
591.837 -0.0025414
632.653 -0.00292074
673.469 -0.00328251
714.286 -0.00361319
755.102 -0.00389918
795.918 -0.00412776
836.735 -0.00428817
877.551 -0.00437253
918.367 -0.00437659
959.184 -0.00430013
1000 -0.00414703
