-1000 0.00108513
-959.184 0.00100025
-918.367 0.000881414
-877.551 0.000722308
-836.735 0.00051627
-795.918 0.000256631
-755.102 -6.27512e-05
-714.286 -0.000446747
-673.469 -0.000897959
-632.653 -0.00141551
-591.837 -0.0019937
-551.02 -0.00262068
-510.204 -0.00327749
-469.388 -0.00393779
-428.571 -0.00456864
-387.755 -0.0051327
-346.939 -0.00559186
-306.122 -0.00591185
-265.306 -0.0060671
-224.49 -0.00604469
-183.673 -0.00584649
-142.857 -0.00548889
-102.041 -0.00500005
-61.2245 -0.00441568
-20.4082 -0.0037741
20.4082 -0.00311181
61.2245 -0.00246027
102.041 -0.001844
142.857 -0.00128012
183.673 -0.000778831
224.49 -0.000344499
265.306 2.29919e-05
306.122 0.000326917
346.939 0.000572548
387.755 0.000766221
428.571 0.000914643
469.388 0.00102442
510.204 0.00110173
551.02 0.0011522
591.837 0.00118079
632.653 0.00119178
673.469 0.00118883
714.286 0.00117503
755.102 0.00115292
795.918 0.0011246
836.735 0.00109179
877.551 0.00105587
918.367 0.00101795
959.184 0.0009789
1000 0.000939413
