-1000 0.00512327
-959.184 0.00552354
-918.367 0.00596307
-877.551 0.00644621
-836.735 0.00697779
-795.918 0.00756312
-755.102 0.008208
-714.286 0.00891873
-673.469 0.00970203
-632.653 0.0105649
-591.837 0.0115145
-551.02 0.0125577
-510.204 0.0137004
-469.388 0.0149467
-428.571 0.0162976
-387.755 0.0177481
-346.939 0.0192842
-306.122 0.0208766
-265.306 0.0224723
-224.49 0.0239802
-183.673 0.0252489
-142.857 0.0260322
-102.041 0.025935
-61.2245 0.0243342
-20.4082 0.0202749
20.4082 0.0123691
61.2245 -0.00119014
102.041 -0.0222273
142.857 -0.051393
183.673 -0.0862022
224.49 -0.119861
265.306 -0.143361
306.122 -0.149973
346.939 -0.137864
387.755 -0.110424
428.571 -0.0754932
469.388 -0.0418557
510.204 -0.0150507
551.02 0.00358792
591.837 0.0152459
632.653 0.0218243
673.469 0.0250215
714.286 0.0260882
755.102 0.0258681
795.918 0.0249057
836.735 0.0235445
877.551 0.0219977
918.367 0.0203955
959.184 0.0188157
1000 0.0173031
