-1000 0.00146593
-959.184 0.00155146
-918.367 0.00164288
-877.551 0.00174055
-836.735 0.00184486
-795.918 0.00195616
-755.102 0.00207483
-714.286 0.00220116
-673.469 0.0023354
-632.653 0.0024777
-591.837 0.00262809
-551.02 0.00278638
-510.204 0.00295213
-469.388 0.00312454
-428.571 0.0033023
-387.755 0.0034835
-346.939 0.00366536
-306.122 0.00384401
-265.306 0.00401418
-224.49 0.00416883
-183.673 0.00429866
-142.857 0.00439163
-102.041 0.00443238
-61.2245 0.00440158
-20.4082 0.00427549
20.4082 0.00402553
61.2245 0.00361835
102.041 0.00301651
142.857 0.00218022
183.673 0.00107048
224.49 -0.000345854
265.306 -0.00208912
306.122 -0.00415813
346.939 -0.00652087
387.755 -0.00910657
428.571 -0.0118019
469.388 -0.0144541
510.204 -0.0168825
551.02 -0.018899
591.837 -0.0203321
632.653 -0.0210526
673.469 -0.0209933
714.286 -0.02016
755.102 -0.0186299
795.918 -0.01654
836.735 -0.0140659
877.551 -0.0113962
918.367 -0.00870848
959.184 -0.00615004
1000 -0.00382787
