-1000 0.00104056
-959.184 0.00115922
-918.367 0.0012966
-877.551 0.00145656
-836.735 0.00164391
-795.918 0.00186476
-755.102 0.00212694
-714.286 0.00244058
-673.469 0.00281891
-632.653 0.00327946
-591.837 0.0038458
-551.02 0.00455001
-510.204 0.00543662
-469.388 0.00656845
-428.571 0.00803611
-387.755 0.00997331
-346.939 0.0125826
-306.122 0.0161804
-265.306 0.0212781
-224.49 0.0287361
-183.673 0.0400721
-142.857 0.058114
-102.041 0.0884844
-61.2245 0.143236
-20.4082 0.250365
20.4082 0.478438
61.2245 0.961164
102.041 1.04694
142.857 -5.8056
183.673 -0.232118
224.49 1.17718
265.306 0.61138
306.122 0.310848
346.939 0.172495
387.755 0.103928
428.571 0.0669163
469.388 0.0454174
510.204 0.032155
551.02 0.0235604
591.837 0.0177594
632.653 0.0137085
673.469 0.0107969
714.286 0.00865214
755.102 0.00703819
795.918 0.00580093
836.735 0.00483682
877.551 0.00407462
918.367 0.00346422
959.184 0.00296969
1000 0.00256484
