-1000 0.00830502
-959.184 0.00907756
-918.367 0.00994547
-877.551 0.0109233
-836.735 0.0120282
-795.918 0.0132804
-755.102 0.014704
-714.286 0.0163276
-673.469 0.0181851
-632.653 0.0203172
-591.837 0.0227723
-551.02 0.0256081
-510.204 0.0288937
-469.388 0.0327109
-428.571 0.0371563
-387.755 0.0423424
-346.939 0.0483973
-306.122 0.0554603
-265.306 0.063669
-224.49 0.0731267
-183.673 0.0838234
-142.857 0.0954486
-102.041 0.10694
-61.2245 0.11539
-20.4082 0.113528
20.4082 0.0850165
61.2245 0.0021362
102.041 -0.148864
142.857 -0.304146
183.673 -0.379935
224.49 -0.4134
265.306 -0.418818
306.122 -0.389742
346.939 -0.331074
387.755 -0.191792
428.571 -0.0299535
469.388 0.0705922
510.204 0.109816
551.02 0.11633
591.837 0.109518
632.653 0.0984033
673.469 0.086666
714.286 0.0756895
755.102 0.0659138
795.918 0.0574
836.735 0.050063
877.551 0.0437694
918.367 0.0383786
959.184 0.0337592
1000 0.0297947
