-1000 0.00155071
-959.184 0.0015893
-918.367 0.00162291
-877.551 0.00165002
-836.735 0.00166882
-795.918 0.0016772
-755.102 0.00167274
-714.286 0.00165268
-673.469 0.00161392
-632.653 0.001553
-591.837 0.00146621
-551.02 0.00134959
-510.204 0.00119908
-469.388 0.00101065
-428.571 0.000780525
-387.755 0.000505425
-346.939 0.000182895
-306.122 -0.000188374
-265.306 -0.00060819
-224.49 -0.00107454
-183.673 -0.0015833
-142.857 -0.00212812
-102.041 -0.00270038
-61.2245 -0.00328935
-20.4082 -0.00388252
20.4082 -0.0044661
61.2245 -0.00502561
102.041 -0.00554656
142.857 -0.00601507
183.673 -0.00641851
224.49 -0.00674593
265.306 -0.00698848
306.122 -0.00713964
346.939 -0.00719536
387.755 -0.00715415
428.571 -0.00701711
469.388 -0.00678791
510.204 -0.00647271
551.02 -0.00608002
591.837 -0.0056205
632.653 -0.00510656
673.469 -0.00455191
714.286 -0.00397101
755.102 -0.00337838
795.918 -0.00278795
836.735 -0.00221245
877.551 -0.00166291
918.367 -0.00114827
959.184 -0.000675252
1000 -0.000248279
