-1000 -0.00905112
-959.184 -0.00994035
-918.367 -0.0106754
-877.551 -0.0112211
-836.735 -0.01155
-795.918 -0.0116455
-755.102 -0.0115026
-714.286 -0.0111285
-673.469 -0.0105425
-632.653 -0.00977359
-591.837 -0.00885828
-551.02 -0.00783768
-510.204 -0.0067542
-469.388 -0.00564858
-428.571 -0.00455743
-387.755 -0.00351146
-346.939 -0.00253451
-306.122 -0.00164333
-265.306 -0.000848009
-224.49 -0.000152795
-183.673 0.000442811
-142.857 0.000942908
-102.041 0.0013541
-61.2245 0.00168453
-20.4082 0.00194311
20.4082 0.00213891
61.2245 0.00228072
102.041 0.00237677
142.857 0.00243459
183.673 0.00246086
224.49 0.00246148
265.306 0.00244152
306.122 0.00240534
346.939 0.0023566
387.755 0.00229836
428.571 0.00223318
469.388 0.00216313
510.204 0.00208993
551.02 0.00201495
591.837 0.00193928
632.653 0.0018638
673.469 0.00178917
714.286 0.00171593
755.102 0.00164447
795.918 0.00157507
836.735 0.00150793
877.551 0.00144319
918.367 0.00138093
959.184 0.00132118
1000 0.00126395
