-1000 0.00138183
-959.184 0.00148367
-918.367 0.00159544
-877.551 0.00171832
-836.735 0.00185364
-795.918 0.00200295
-755.102 0.00216798
-714.286 0.00235073
-673.469 0.00255345
-632.653 0.00277872
-591.837 0.00302946
-551.02 0.00330898
-510.204 0.003621
-469.388 0.00396967
-428.571 0.00435957
-387.755 0.00479566
-346.939 0.00528316
-306.122 0.00582733
-265.306 0.006433
-224.49 0.00710387
-183.673 0.00784129
-142.857 0.0086423
-102.041 0.00949661
-61.2245 0.0103819
-20.4082 0.011257
20.4082 0.012052
61.2245 0.0126551
102.041 0.0128973
142.857 0.0125381
183.673 0.0112608
224.49 0.00869433
265.306 0.00448304
306.122 -0.001582
346.939 -0.00939347
387.755 -0.0184073
428.571 -0.0276894
469.388 -0.0361611
510.204 -0.0429067
551.02 -0.047345
591.837 -0.0492049
632.653 -0.0484059
673.469 -0.0449798
714.286 -0.0391071
755.102 -0.0312331
795.918 -0.0221487
836.735 -0.0129002
877.551 -0.0045172
918.367 0.00228235
959.184 0.00722395
1000 0.0104103
