-1000 -0.012868
-959.184 -0.0134934
-918.367 -0.0132529
-877.551 -0.0121896
-836.735 -0.0104862
-795.918 -0.00840511
-755.102 -0.0062151
-714.286 -0.00413455
-673.469 -0.00230567
-632.653 -0.000796185
-591.837 0.000383505
-551.02 0.00125921
-510.204 0.0018748
-469.388 0.00227944
-428.571 0.00251999
-387.755 0.00263729
-346.939 0.00266498
-306.122 0.00262963
-265.306 0.00255165
-224.49 0.00244629
-183.673 0.00232475
-142.857 0.00219506
-102.041 0.00206287
-61.2245 0.00193203
-20.4082 0.00180512
20.4082 0.00168374
61.2245 0.00156885
102.041 0.0014609
142.857 0.00136004
183.673 0.00126619
224.49 0.00117912
265.306 0.0010985
306.122 0.00102398
346.939 0.000955154
387.755 0.000891625
428.571 0.000833
469.388 0.000778899
510.204 0.000728963
551.02 0.000682853
591.837 0.000640255
632.653 0.000600877
673.469 0.000564452
714.286 0.000530731
755.102 0.000499489
795.918 0.000470521
836.735 0.000443636
877.551 0.000418664
918.367 0.000395447
959.184 0.000373842
1000 0.000353719
