-1000 0.000745705
-959.184 0.000623262
-918.367 0.000460856
-877.551 0.000252369
-836.735 -7.84102e-06
-795.918 -0.000324204
-755.102 -0.000698954
-714.286 -0.00113095
-673.469 -0.00161436
-632.653 -0.00213751
-591.837 -0.00268207
-551.02 -0.00322304
-510.204 -0.00372991
-469.388 -0.00416916
-428.571 -0.00450803
-387.755 -0.00471888
-346.939 -0.00478353
-306.122 -0.00469625
-265.306 -0.00446477
-224.49 -0.00410891
-183.673 -0.00365735
-142.857 -0.00314327
-102.041 -0.00259994
-61.2245 -0.00205715
-20.4082 -0.00153896
20.4082 -0.00106267
61.2245 -0.000639018
102.041 -0.00027305
142.857 3.46815e-05
183.673 0.000286811
224.49 0.000488007
265.306 0.000644025
306.122 0.000761004
346.939 0.000844981
387.755 0.00090159
428.571 0.000935893
469.388 0.000952318
510.204 0.000954647
551.02 0.000946059
591.837 0.000929189
632.653 0.000906186
673.469 0.000878791
714.286 0.000848393
755.102 0.000816093
795.918 0.000782752
836.735 0.000749035
877.551 0.00071545
918.367 0.000682379
959.184 0.000650101
1000 0.000618817
