-1000 0.00123707
-959.184 0.00129119
-918.367 0.00134674
-877.551 0.00140344
-836.735 0.00146092
-795.918 0.00151871
-755.102 0.00157618
-714.286 0.00163255
-673.469 0.00168682
-632.653 0.00173777
-591.837 0.00178387
-551.02 0.00182327
-510.204 0.00185372
-469.388 0.00187253
-428.571 0.00187646
-387.755 0.00186175
-346.939 0.00182396
-306.122 0.00175802
-265.306 0.00165818
-224.49 0.00151805
-183.673 0.00133071
-142.857 0.00108886
-102.041 0.000785153
-61.2245 0.000412576
-20.4082 -3.49324e-05
20.4082 -0.000561748
61.2245 -0.00116966
102.041 -0.00185687
142.857 -0.00261697
183.673 -0.00343801
224.49 -0.0043019
265.306 -0.00518428
306.122 -0.00605501
346.939 -0.00687952
387.755 -0.00762091
428.571 -0.00824272
469.388 -0.00871209
510.204 -0.00900287
551.02 -0.00909833
591.837 -0.00899288
632.653 -0.00869268
673.469 -0.008215
714.286 -0.00758639
755.102 -0.00683996
795.918 -0.00601227
836.735 -0.00514016
877.551 -0.00425804
918.367 -0.00339576
959.184 -0.00257739
1000 -0.00182071
