-1000 0.00112414
-959.184 0.0011942
-918.367 0.00126947
-877.551 0.00135036
-836.735 0.00143724
-795.918 0.0015305
-755.102 0.00163054
-714.286 0.00173768
-673.469 0.00185225
-632.653 0.00197444
-591.837 0.00210433
-551.02 0.00224184
-510.204 0.00238656
-469.388 0.00253776
-428.571 0.00269415
-387.755 0.00285375
-346.939 0.00301366
-306.122 0.00316972
-265.306 0.00331617
-224.49 0.00344519
-183.673 0.00354638
-142.857 0.00360618
-102.041 0.00360728
-61.2245 0.00352813
-20.4082 0.00334268
20.4082 0.0030206
61.2245 0.00252835
102.041 0.00183139
142.857 0.00089798
183.673 -0.000295306
224.49 -0.00175662
265.306 -0.00347135
306.122 -0.00539583
346.939 -0.00745434
387.755 -0.0095415
428.571 -0.0115306
469.388 -0.0132869
510.204 -0.0146833
551.02 -0.015615
591.837 -0.0160109
632.653 -0.0158403
673.469 -0.0151166
714.286 -0.0138952
755.102 -0.0122685
795.918 -0.0103564
836.735 -0.00829251
877.551 -0.00620845
918.367 -0.00421949
959.184 -0.00241385
1000 -0.000847899
