-1000 0.00329341
-959.184 0.00358721
-918.367 0.00391205
-877.551 0.00427094
-836.735 0.00466689
-795.918 0.00510264
-755.102 0.00558035
-714.286 0.00610103
-673.469 0.00666375
-632.653 0.00726432
-591.837 0.0078935
-551.02 0.0085342
-510.204 0.00915756
-469.388 0.00971739
-428.571 0.0101426
-387.755 0.0103274
-346.939 0.0101196
-306.122 0.00930941
-265.306 0.00762275
-224.49 0.00473046
-183.673 0.000289419
-142.857 -0.00596254
-102.041 -0.0140463
-61.2245 -0.023543
-20.4082 -0.0334554
20.4082 -0.0422757
61.2245 -0.0483409
102.041 -0.0503659
142.857 -0.0479003
183.673 -0.0414914
224.49 -0.0324856
265.306 -0.0225535
306.122 -0.0131631
346.939 -0.00525246
387.755 0.000811951
428.571 0.00508394
469.388 0.00783992
510.204 0.00942485
551.02 0.0101635
591.837 0.0103236
632.653 0.0101088
673.469 0.00966606
714.286 0.00909715
755.102 0.00847032
795.918 0.00782971
836.735 0.00720278
877.551 0.00660567
918.367 0.00604704
959.184 0.00553065
1000 0.0050572
