-1000 -0.00692532
-959.184 -0.00971852
-918.367 -0.0123993
-877.551 -0.0146285
-836.735 -0.0160781
-795.918 -0.0165142
-755.102 -0.0158637
-714.286 -0.0142354
-673.469 -0.0118881
-632.653 -0.00915871
-591.837 -0.00637943
-551.02 -0.00381301
-510.204 -0.00162318
-469.388 0.000122161
-428.571 0.00142783
-387.755 0.00234278
-346.939 0.00293555
-306.122 0.00327738
-265.306 0.00343271
-224.49 0.00345522
-183.673 0.00338717
-142.857 0.00326049
-102.041 0.00309851
-61.2245 0.00291782
-20.4082 0.00272987
20.4082 0.00254237
61.2245 0.00236026
102.041 0.00218661
142.857 0.0020231
183.673 0.00187054
224.49 0.0017291
265.306 0.00159858
306.122 0.00147852
346.939 0.00136832
387.755 0.00126732
428.571 0.00117483
469.388 0.00109016
510.204 0.00101265
551.02 0.00094168
591.837 0.000876662
632.653 0.000817059
673.469 0.000762378
714.286 0.000712169
755.102 0.000666022
795.918 0.000623566
836.735 0.000584464
877.551 0.000548413
918.367 0.000515138
959.184 0.000484392
1000 0.00045595
