-1000 0.00444833
-959.184 0.00478494
-918.367 0.00512961
-877.551 0.0054724
-836.735 0.00579819
-795.918 0.00608478
-755.102 0.00630067
-714.286 0.00640247
-673.469 0.00633245
-632.653 0.00601696
-591.837 0.00536694
-551.02 0.00428264
-510.204 0.00266474
-469.388 0.000433831
-428.571 -0.00244247
-387.755 -0.00591966
-346.939 -0.00985423
-306.122 -0.014002
-265.306 -0.0180446
-224.49 -0.021638
-183.673 -0.0244679
-142.857 -0.0262911
-102.041 -0.0269568
-61.2245 -0.0264114
-20.4082 -0.0246987
20.4082 -0.02196
61.2245 -0.0184297
102.041 -0.0144167
142.857 -0.0102642
183.673 -0.00629581
224.49 -0.0027647
265.306 0.000175206
306.122 0.00247024
346.939 0.0041464
387.755 0.00527975
428.571 0.0059686
469.388 0.0063133
510.204 0.00640428
551.02 0.00631682
591.837 0.00611017
632.653 0.00582905
673.469 0.00550605
714.286 0.00516418
755.102 0.00481917
795.918 0.00448143
836.735 0.00415748
877.551 0.00385115
918.367 0.00356438
959.184 0.00329783
1000 0.00305135
