-1000 0.00112843
-959.184 0.00118353
-918.367 0.00124138
-877.551 0.00130201
-836.735 0.00136545
-795.918 0.00143167
-755.102 0.00150057
-714.286 0.00157203
-673.469 0.00164581
-632.653 0.00172158
-591.837 0.00179885
-551.02 0.00187701
-510.204 0.00195519
-469.388 0.00203229
-428.571 0.0021069
-387.755 0.00217721
-346.939 0.00224095
-306.122 0.00229529
-265.306 0.00233673
-224.49 0.00236099
-183.673 0.0023629
-142.857 0.00233623
-102.041 0.00227362
-61.2245 0.00216647
-20.4082 0.00200492
20.4082 0.00177788
61.2245 0.00147325
102.041 0.00107829
142.857 0.000580297
183.673 -3.24061e-05
224.49 -0.000769046
265.306 -0.00163457
306.122 -0.00262741
346.939 -0.0037371
387.755 -0.00494193
428.571 -0.00620728
469.388 -0.00748519
510.204 -0.00871581
551.02 -0.00983111
591.837 -0.010761
632.653 -0.0114412
673.469 -0.0118212
714.286 -0.0118716
755.102 -0.0115885
795.918 -0.0109939
836.735 -0.0101327
877.551 -0.00906572
918.367 -0.00786233
959.184 -0.00659185
1000 -0.00531711
