-1000 0.000399468
-959.184 0.000424337
-918.367 0.000451282
-877.551 0.000480522
-836.735 0.000512302
-795.918 0.000546898
-755.102 0.000584624
-714.286 0.000625833
-673.469 0.00067093
-632.653 0.000720371
-591.837 0.00077468
-551.02 0.000834456
-510.204 0.000900383
-469.388 0.00097325
-428.571 0.00105396
-387.755 0.00114357
-346.939 0.00124329
-306.122 0.00135451
-265.306 0.00147888
-224.49 0.00161831
-183.673 0.001775
-142.857 0.00195155
-102.041 0.00215099
-61.2245 0.00237688
-20.4082 0.00263336
20.4082 0.00292526
61.2245 0.00325821
102.041 0.0036387
142.857 0.00407415
183.673 0.0045729
224.49 0.00514403
265.306 0.00579704
306.122 0.0065409
346.939 0.0073825
387.755 0.00832355
428.571 0.00935523
469.388 0.0104488
510.204 0.0115397
551.02 0.012501
591.837 0.0131012
632.653 0.0129408
673.469 0.0113681
714.286 0.00740229
755.102 -0.000239646
795.918 -0.0127708
836.735 -0.0302633
877.551 -0.0499184
918.367 -0.0652692
959.184 -0.0691241
1000 -0.059405
