-1000 0.00664849
-959.184 0.00742484
-918.367 0.00833031
-877.551 0.0093936
-836.735 0.0106516
-795.918 0.0121524
-755.102 0.0139593
-714.286 0.0161573
-673.469 0.0188618
-632.653 0.0222334
-591.837 0.0264994
-551.02 0.0319906
-510.204 0.039201
-469.388 0.0488933
-428.571 0.0622906
-387.755 0.0814444
-346.939 0.109984
-306.122 0.154752
-265.306 0.229656
-224.49 0.365432
-183.673 0.634811
-142.857 1.1898
-102.041 1.67124
-61.2245 -4.17366
-20.4082 0.704728
20.4082 0.992805
61.2245 -3.15279
102.041 3.06257
142.857 -3.7952
183.673 1.96383
224.49 0.447173
265.306 -2.04933
306.122 2.98837
346.939 -4.25177
387.755 2.43793
428.571 -0.642617
469.388 -1.27292
510.204 2.2154
551.02 -5.31075
591.837 1.23641
632.653 1.38364
673.469 0.739368
714.286 0.415858
755.102 0.256065
795.918 0.169856
836.735 0.119277
877.551 0.0875055
918.367 0.0664328
959.184 0.0518332
1000 0.0413535
