-1000 0.00202366
-959.184 0.00216118
-918.367 0.00230966
-877.551 0.0024699
-836.735 0.00264273
-795.918 0.00282894
-755.102 0.00302928
-714.286 0.00324436
-673.469 0.00347461
-632.653 0.00372016
-591.837 0.00398069
-551.02 0.00425519
-510.204 0.00454172
-469.388 0.00483698
-428.571 0.00513578
-387.755 0.00543026
-346.939 0.00570891
-306.122 0.00595516
-265.306 0.00614547
-224.49 0.00624689
-183.673 0.00621375
-142.857 0.00598355
-102.041 0.00547206
-61.2245 0.00456825
-20.4082 0.00313068
20.4082 0.000988886
61.2245 -0.00204304
102.041 -0.00612937
142.857 -0.0113381
183.673 -0.0175228
224.49 -0.0241864
265.306 -0.0304132
306.122 -0.0350001
346.939 -0.0368508
387.755 -0.0354732
428.571 -0.0312363
469.388 -0.0251758
510.204 -0.0185095
551.02 -0.0122112
591.837 -0.00683961
632.653 -0.00258554
673.469 0.000595364
714.286 0.00285878
755.102 0.00439051
795.918 0.0053646
836.735 0.00592715
877.551 0.00619357
918.367 0.00625181
959.184 0.0061673
1000 0.00598795
