-1000 0.0154624
-959.184 0.0178833
-918.367 0.0208376
-877.551 0.0244769
-836.735 0.0290042
-795.918 0.0346909
-755.102 0.041898
-714.286 0.0510925
-673.469 0.0628363
-632.653 0.077674
-591.837 0.09571
-551.02 0.115338
-510.204 0.130013
-469.388 0.122393
-428.571 0.0637454
-387.755 -0.0498118
-346.939 -0.141298
-306.122 -0.158963
-265.306 -0.158002
-224.49 -0.13889
-183.673 -0.120915
-142.857 -0.114602
-102.041 -0.0992194
-61.2245 -0.103103
-20.4082 -0.0997753
20.4082 -0.104998
61.2245 -0.118937
102.041 -0.125794
142.857 -0.150492
183.673 -0.158949
224.49 -0.157055
265.306 -0.109483
306.122 0.00503799
346.939 0.0981469
387.755 0.130293
428.571 0.124801
469.388 0.106554
510.204 0.0872359
551.02 0.0705884
591.837 0.0571982
632.653 0.0466747
673.469 0.0384393
714.286 0.0319676
755.102 0.0268415
795.918 0.0227429
836.735 0.0194335
877.551 0.0167354
918.367 0.0145154
959.184 0.0126729
1000 0.011131
