-1000 0.000473294
-959.184 0.000496085
-918.367 0.0005201
-877.551 0.00054539
-836.735 0.000572001
-795.918 0.00059997
-755.102 0.000629331
-714.286 0.000660102
-673.469 0.000692288
-632.653 0.000725871
-591.837 0.000760808
-551.02 0.000797021
-510.204 0.000834388
-469.388 0.000872731
-428.571 0.000911804
-387.755 0.000951271
-346.939 0.000990688
-306.122 0.00102948
-265.306 0.0010669
-224.49 0.00110202
-183.673 0.00113364
-142.857 0.00116029
-102.041 0.00118015
-61.2245 0.00119099
-20.4082 0.0011901
20.4082 0.00117424
61.2245 0.00113957
102.041 0.0010816
142.857 0.000995164
183.673 0.000874469
224.49 0.000713177
265.306 0.000504615
306.122 0.000242128
346.939 -8.03838e-05
387.755 -0.000467702
428.571 -0.000922287
469.388 -0.00144305
510.204 -0.00202401
551.02 -0.002653
591.837 -0.00331068
632.653 -0.00397033
673.469 -0.00459875
714.286 -0.00515845
755.102 -0.00561142
795.918 -0.00592369
836.735 -0.00607025
877.551 -0.00603887
918.367 -0.00583221
959.184 -0.00546729
1000 -0.00497279
