-1000 0.0703677
-959.184 0.0895259
-918.367 0.117668
-877.551 0.161733
-836.735 0.236913
-795.918 0.380403
-755.102 0.683387
-714.286 1.11664
-673.469 -2.45618
-632.653 -3.94171
-591.837 1.09382
-551.02 0.750584
-510.204 0.412445
-469.388 0.252668
-428.571 0.170473
-387.755 0.123021
-346.939 0.0930569
-306.122 0.0728303
-265.306 0.058469
-224.49 0.0478661
-183.673 0.0397947
-142.857 0.0334988
-102.041 0.0284907
-61.2245 0.0244428
-20.4082 0.0211275
20.4082 0.018382
61.2245 0.0160867
102.041 0.0141521
142.857 0.0125097
183.673 0.0111065
224.49 0.00990069
265.306 0.00885915
306.122 0.00795515
346.939 0.00716705
387.755 0.00647714
428.571 0.00587086
469.388 0.00533613
510.204 0.0048629
551.02 0.00444272
591.837 0.00406852
632.653 0.00373427
673.469 0.00343489
714.286 0.00316603
755.102 0.00292395
795.918 0.00270547
836.735 0.00250783
877.551 0.00232864
918.367 0.00216582
959.184 0.00201759
1000 0.00188236
