-1000 0.00380119
-959.184 0.00436896
-918.367 0.0050317
-877.551 0.00579885
-836.735 0.00667272
-795.918 0.00763921
-755.102 0.00865008
-714.286 0.00959108
-673.469 0.0102273
-632.653 0.0101186
-591.837 0.00851371
-551.02 0.00429084
-510.204 -0.00385098
-469.388 -0.0165744
-428.571 -0.0322935
-387.755 -0.045942
-346.939 -0.0508952
-306.122 -0.0443011
-265.306 -0.0299061
-224.49 -0.0143987
-183.673 -0.00233765
-142.857 0.00514357
-102.041 0.00888997
-61.2245 0.0102077
-20.4082 0.0101656
20.4082 0.00946178
61.2245 0.00849908
102.041 0.00748968
142.857 0.00653512
183.673 0.0056769
224.49 0.00492582
265.306 0.00427802
306.122 0.0037235
346.939 0.00325038
387.755 0.00284697
428.571 0.00250262
469.388 0.00220807
510.204 0.00195541
551.02 0.00173798
591.837 0.00155022
632.653 0.00138751
673.469 0.001246
714.286 0.00112249
755.102 0.0010143
795.918 0.000919208
836.735 0.000835351
877.551 0.000761161
918.367 0.000695319
959.184 0.000636708
1000 0.000584384
