-1000 0.00569716
-959.184 0.00639476
-918.367 0.00720778
-877.551 0.00816024
-836.735 0.00928214
-795.918 0.0106112
-755.102 0.0121948
-714.286 0.0140933
-673.469 0.0163831
-632.653 0.0191614
-591.837 0.0225515
-551.02 0.0267084
-510.204 0.0318226
-469.388 0.0381189
-428.571 0.0458375
-387.755 0.055172
-346.939 0.0661008
-306.122 0.0779574
-265.306 0.0883811
-224.49 0.0908909
-183.673 0.07026
-142.857 -0.0007266
-102.041 -0.14012
-61.2245 -0.292115
-20.4082 -0.361024
20.4082 -0.361024
61.2245 -0.292115
102.041 -0.14012
142.857 -0.0007266
183.673 0.07026
224.49 0.0908909
265.306 0.0883811
306.122 0.0779574
346.939 0.0661008
387.755 0.055172
428.571 0.0458375
469.388 0.0381189
510.204 0.0318226
551.02 0.0267084
591.837 0.0225515
632.653 0.0191614
673.469 0.0163831
714.286 0.0140933
755.102 0.0121948
795.918 0.0106112
836.735 0.00928214
877.551 0.00816024
918.367 0.00720778
959.184 0.00639476
1000 0.00569716
