-1000 0.00129411
-959.184 0.00133818
-918.367 0.00137877
-877.551 0.00141433
-836.735 0.00144296
-795.918 0.00146235
-755.102 0.00146971
-714.286 0.00146176
-673.469 0.0014346
-632.653 0.00138379
-591.837 0.00130426
-551.02 0.00119042
-510.204 0.00103627
-469.388 0.000835582
-428.571 0.000582274
-387.755 0.000270827
-346.939 -0.000103098
-306.122 -0.000541937
-265.306 -0.0010454
-224.49 -0.00160967
-183.673 -0.0022266
-142.857 -0.00288331
-102.041 -0.00356199
-61.2245 -0.00424035
-20.4082 -0.00489254
20.4082 -0.00549076
61.2245 -0.00600714
102.041 -0.00641601
142.857 -0.00669606
183.673 -0.00683219
224.49 -0.00681695
265.306 -0.00665118
306.122 -0.00634394
346.939 -0.00591169
387.755 -0.00537679
428.571 -0.00476552
469.388 -0.0041059
510.204 -0.00342551
551.02 -0.00274957
591.837 -0.00209955
632.653 -0.00149227
673.469 -0.000939667
714.286 -0.000448943
755.102 -2.31638e-05
795.918 0.000337999
836.735 0.000637423
877.551 0.000879739
918.367 0.00107062
959.184 0.00121621
1000 0.00132272
