-1000 0.00176737
-959.184 0.00173567
-918.367 0.00162628
-877.551 0.00140847
-836.735 0.00104553
-795.918 0.000497376
-755.102 -0.00027349
-714.286 -0.00129118
-673.469 -0.00255062
-632.653 -0.00399914
-591.837 -0.00552224
-551.02 -0.00694434
-510.204 -0.00805488
-469.388 -0.00866012
-428.571 -0.00864409
-387.755 -0.00800996
-346.939 -0.00687885
-306.122 -0.00544681
-265.306 -0.00392372
-224.49 -0.00248248
-183.673 -0.00123435
-142.857 -0.000229197
-102.041 0.000529794
-61.2245 0.00106774
-20.4082 0.00142248
20.4082 0.00163404
61.2245 0.00173887
102.041 0.00176738
142.857 0.00174351
183.673 0.00168537
224.49 0.00160622
265.306 0.00151547
306.122 0.00141968
346.939 0.00132325
387.755 0.00122906
428.571 0.00113888
469.388 0.00105375
510.204 0.000974173
551.02 0.000900305
591.837 0.000832083
632.653 0.000769296
673.469 0.000711653
714.286 0.000658816
755.102 0.000610432
795.918 0.000566147
836.735 0.000525618
877.551 0.000488518
918.367 0.000454542
959.184 0.00042341
1000 0.000394861
