-1000 -0.0257265
-959.184 -0.137376
-918.367 -0.176865
-877.551 -0.181762
-836.735 -0.175373
-795.918 -0.159137
-755.102 -0.162815
-714.286 -0.158906
-673.469 -0.170308
-632.653 -0.182381
-591.837 -0.178494
-551.02 -0.154689
-510.204 -0.0569882
-469.388 0.0571725
-428.571 0.114417
-387.755 0.121689
-346.939 0.107611
-306.122 0.0889045
-265.306 0.0717865
-224.49 0.0577572
-183.673 0.0466958
-142.857 0.0380706
-102.041 0.0313385
-61.2245 0.0260501
-20.4082 0.0218592
20.4082 0.0185058
61.2245 0.0157965
102.041 0.0135866
142.857 0.011768
183.673 0.0102586
224.49 0.00899605
265.306 0.0079321
306.122 0.0070294
346.939 0.00625861
387.755 0.00559656
428.571 0.00502475
469.388 0.00452834
510.204 0.0040953
551.02 0.00371584
591.837 0.00338192
632.653 0.0030869
673.469 0.00282528
714.286 0.00259245
755.102 0.00238457
795.918 0.00219837
836.735 0.00203109
877.551 0.0018804
918.367 0.00174427
959.184 0.001621
1000 0.00150909
