-1000 0.0191898
-959.184 0.0206846
-918.367 0.0223017
-877.551 0.0240432
-836.735 0.0259067
-795.918 0.0278826
-755.102 0.0299509
-714.286 0.0320755
-673.469 0.034198
-632.653 0.036228
-591.837 0.0380315
-551.02 0.0394171
-510.204 0.0401208
-469.388 0.0397956
-428.571 0.038014
-387.755 0.0342985
-346.939 0.0282028
-306.122 0.0194556
-265.306 0.00814913
-224.49 -0.00511151
-183.673 -0.0192269
-142.857 -0.032863
-102.041 -0.0448464
-61.2245 -0.0544659
-20.4082 -0.061538
20.4082 -0.0662806
61.2245 -0.0691229
102.041 -0.0705496
142.857 -0.0710079
183.673 -0.0708674
224.49 -0.0704137
265.306 -0.0698563
306.122 -0.0693419
346.939 -0.0689676
387.755 -0.0687908
428.571 -0.0688356
469.388 -0.0690961
510.204 -0.0695353
551.02 -0.0700811
591.837 -0.0706178
632.653 -0.0709753
673.469 -0.0709152
714.286 -0.0701186
755.102 -0.0681828
795.918 -0.0646383
836.735 -0.0590077
877.551 -0.0509244
918.367 -0.0403092
959.184 -0.0275493
1000 -0.0135628
