-1000 0.00257757
-959.184 0.002713
-918.367 0.00285612
-877.551 0.0030072
-836.735 0.00316643
-795.918 0.00333396
-755.102 0.00350981
-714.286 0.00369386
-673.469 0.0038858
-632.653 0.00408508
-591.837 0.00429082
-551.02 0.00450173
-510.204 0.00471597
-469.388 0.00493104
-428.571 0.00514359
-387.755 0.0053492
-346.939 0.00554212
-306.122 0.00571495
-265.306 0.00585831
-224.49 0.00596035
-183.673 0.00600635
-142.857 0.00597816
-102.041 0.00585369
-61.2245 0.0056065
-20.4082 0.00520543
20.4082 0.00461471
61.2245 0.0037944
102.041 0.00270183
142.857 0.00129413
183.673 -0.000467627
224.49 -0.00261239
265.306 -0.00515113
306.122 -0.00806739
346.939 -0.0113076
387.755 -0.0147733
428.571 -0.0183184
469.388 -0.021754
510.204 -0.0248625
551.02 -0.0274206
591.837 -0.0292275
632.653 -0.0301327
673.469 -0.0300584
714.286 -0.029011
755.102 -0.0270803
795.918 -0.0244259
836.735 -0.021254
877.551 -0.0177886
918.367 -0.0142443
959.184 -0.0108042
1000 -0.00760752
