-1000 -0.148331
-959.184 -0.297962
-918.367 -0.362196
-877.551 -0.359691
-836.735 -0.286021
-795.918 -0.131959
-755.102 0.0044725
-714.286 0.0722236
-673.469 0.0911389
-632.653 0.0879681
-591.837 0.077368
-551.02 0.0655224
-510.204 0.0546657
-469.388 0.0454143
-428.571 0.0377723
-387.755 0.0315408
-346.939 0.0264795
-306.122 0.0223652
-265.306 0.0190091
-224.49 0.0162579
-183.673 0.0139898
-142.857 0.0121087
-102.041 0.0105391
-61.2245 0.00922148
-20.4082 0.00810887
20.4082 0.00716403
61.2245 0.00635732
102.041 0.00566495
142.857 0.00506777
183.673 0.00455029
224.49 0.00409986
265.306 0.00370614
306.122 0.0033606
346.939 0.0030562
387.755 0.00278705
428.571 0.00254827
469.388 0.00233574
510.204 0.00214597
551.02 0.00197603
591.837 0.00182343
632.653 0.00168602
673.469 0.00156197
714.286 0.00144971
755.102 0.00134788
795.918 0.00125531
836.735 0.00117098
877.551 0.00109399
918.367 0.00102356
959.184 0.000959025
1000 0.000899772
