-1000 0.000239278
-959.184 0.000170786
-918.367 8.86043e-05
-877.551 -8.4019e-06
-836.735 -0.000121121
-795.918 -0.000250063
-755.102 -0.00039521
-714.286 -0.000555851
-673.469 -0.000730416
-632.653 -0.000916337
-591.837 -0.00110995
-551.02 -0.00130646
-510.204 -0.00150005
-469.388 -0.00168406
-428.571 -0.00185134
-387.755 -0.00199472
-346.939 -0.00210755
-306.122 -0.00218428
-265.306 -0.00222097
-224.49 -0.00221569
-183.673 -0.00216873
-142.857 -0.00208253
-102.041 -0.00196149
-61.2245 -0.00181148
-20.4082 -0.00163934
20.4082 -0.00145228
61.2245 -0.00125736
102.041 -0.00106107
142.857 -0.000868973
183.673 -0.000685592
224.49 -0.000514308
265.306 -0.00035743
306.122 -0.000216297
346.939 -9.14322e-05
387.755 1.72934e-05
428.571 0.000110499
469.388 0.000189145
510.204 0.00025441
551.02 0.000307587
591.837 0.000350006
632.653 0.000382974
673.469 0.000407736
714.286 0.000425451
755.102 0.000437177
795.918 0.000443861
836.735 0.000446345
877.551 0.000445367
918.367 0.000441566
959.184 0.000435496
1000 0.000427627
