-1000 0.000901076
-959.184 0.000957937
-918.367 0.00101905
-877.551 0.00108473
-836.735 0.00115526
-795.918 0.00123096
-755.102 0.0013121
-714.286 0.00139893
-673.469 0.00149166
-632.653 0.00159038
-591.837 0.00169507
-551.02 0.00180552
-510.204 0.00192127
-469.388 0.00204146
-428.571 0.00216477
-387.755 0.0022892
-346.939 0.00241187
-306.122 0.00252873
-265.306 0.00263423
-224.49 0.00272091
-183.673 0.00277892
-142.857 0.00279552
-102.041 0.00275458
-61.2245 0.00263616
-20.4082 0.00241646
20.4082 0.00206814
61.2245 0.00156161
102.041 0.000867433
142.857 -3.96253e-05
183.673 -0.00117496
224.49 -0.0025371
265.306 -0.00410033
306.122 -0.00580894
346.939 -0.00757535
387.755 -0.0092842
428.571 -0.0108034
469.388 -0.0120011
510.204 -0.0127646
551.02 -0.0130188
591.837 -0.0127381
632.653 -0.0119507
673.469 -0.0107341
714.286 -0.00920213
755.102 -0.00748735
795.918 -0.00572129
836.735 -0.00401812
877.551 -0.00246389
918.367 -0.00111271
959.184 1.10773e-05
1000 0.000907017
