-1000 -0.00801114
-959.184 -0.00877723
-918.367 -0.0091732
-877.551 -0.00915197
-836.735 -0.0087161
-795.918 -0.00791725
-755.102 -0.00684497
-714.286 -0.00560868
-673.469 -0.00431815
-632.653 -0.00306759
-591.837 -0.00192643
-551.02 -0.00093688
-510.204 -0.00011682
-469.388 0.000534578
-428.571 0.00103048
-387.755 0.00139076
-346.939 0.00163776
-306.122 0.00179339
-265.306 0.00187755
-224.49 0.00190735
-183.673 0.00189696
-142.857 0.00185775
-102.041 0.00179865
-61.2245 0.00172653
-20.4082 0.00164656
20.4082 0.00156258
61.2245 0.0014774
102.041 0.00139298
142.857 0.00131071
183.673 0.0012315
224.49 0.00115592
265.306 0.00108429
306.122 0.00101677
346.939 0.000953352
387.755 0.000893975
428.571 0.000838503
469.388 0.000786764
510.204 0.000738562
551.02 0.00069369
591.837 0.00065194
632.653 0.000613104
673.469 0.00057698
714.286 0.000543374
755.102 0.000512103
795.918 0.000482995
836.735 0.000455888
877.551 0.000430631
918.367 0.000407085
959.184 0.00038512
1000 0.000364617
