-1000 0.00026653
-959.184 0.000278532
-918.367 0.000291127
-877.551 0.000304334
-836.735 0.000318171
-795.918 0.000332651
-755.102 0.000347784
-714.286 0.000363575
-673.469 0.000380019
-632.653 0.000397101
-591.837 0.000414798
-551.02 0.000433065
-510.204 0.000451842
-469.388 0.000471042
-428.571 0.000490551
-387.755 0.000510215
-346.939 0.000529837
-306.122 0.000549163
-265.306 0.000567876
-224.49 0.000585579
-183.673 0.000601778
-142.857 0.000615869
-102.041 0.000627117
-61.2245 0.000634633
-20.4082 0.000637354
20.4082 0.000634015
61.2245 0.000623136
102.041 0.000602995
142.857 0.000571622
183.673 0.000526803
224.49 0.000466094
265.306 0.000386873
306.122 0.000286424
346.939 0.000162069
387.755 1.13583e-05
428.571 -0.00016767
469.388 -0.000376162
510.204 -0.000614059
551.02 -0.000879664
591.837 -0.00116922
632.653 -0.00147658
673.469 -0.00179298
714.286 -0.00210715
755.102 -0.00240574
795.918 -0.0026741
836.735 -0.00289752
877.551 -0.00306265
918.367 -0.00315897
959.184 -0.00318011
1000 -0.00312466
