-1000 0.000860249
-959.184 0.000912664
-918.367 0.000967804
-877.551 0.0010255
-836.735 0.00108545
-795.918 0.00114717
-755.102 0.00120995
-714.286 0.00127278
-673.469 0.00133422
-632.653 0.00139236
-591.837 0.00144458
-551.02 0.00148749
-510.204 0.00151662
-469.388 0.00152629
-428.571 0.00150929
-387.755 0.00145673
-346.939 0.00135778
-306.122 0.00119971
-265.306 0.000968009
-224.49 0.000647013
-183.673 0.000221047
-142.857 -0.0003236
-102.041 -0.000995746
-61.2245 -0.00179541
-20.4082 -0.00270926
20.4082 -0.00370627
61.2245 -0.00473498
102.041 -0.00572432
142.857 -0.00658959
183.673 -0.00724407
224.49 -0.00761458
265.306 -0.00765683
306.122 -0.00736565
346.939 -0.00677618
387.755 -0.00595573
428.571 -0.00498915
469.388 -0.00396294
510.204 -0.00295237
551.02 -0.00201405
591.837 -0.00118396
632.653 -0.000479499
673.469 9.64663e-05
714.286 0.000550951
755.102 0.000896756
795.918 0.00114928
836.735 0.00132435
877.551 0.0014368
918.367 0.00149987
959.184 0.00152486
1000 0.00152112
