-1000 -0.00520016
-959.184 -0.00576086
-918.367 -0.00622648
-877.551 -0.00657325
-836.735 -0.00678277
-795.918 -0.00684364
-755.102 -0.0067525
-714.286 -0.00651438
-673.469 -0.00614216
-632.653 -0.0056555
-591.837 -0.00507896
-551.02 -0.00443999
-510.204 -0.00376665
-469.388 -0.00308554
-428.571 -0.00242016
-387.755 -0.00178971
-346.939 -0.00120858
-306.122 -0.00068629
-265.306 -0.000227886
-224.49 0.000165365
-183.673 0.000495171
-142.857 0.000765382
-102.041 0.000981229
-61.2245 0.00114869
-20.4082 0.00127397
20.4082 0.00136319
61.2245 0.00142206
102.041 0.00145582
142.857 0.0014691
183.673 0.00146596
224.49 0.00144986
265.306 0.00142374
306.122 0.00139004
346.939 0.00135078
387.755 0.00130762
428.571 0.00126188
469.388 0.00121463
510.204 0.00116672
551.02 0.00111882
591.837 0.00107143
632.653 0.00102493
673.469 0.000979628
714.286 0.000935715
755.102 0.000893338
795.918 0.000852588
836.735 0.000813516
877.551 0.000776142
918.367 0.00074046
959.184 0.000706449
1000 0.00067407
