-1000 -0.000189588
-959.184 -0.00043712
-918.367 -0.000716251
-877.551 -0.0010258
-836.735 -0.00136298
-795.918 -0.00172318
-755.102 -0.0020997
-714.286 -0.00248378
-673.469 -0.00286463
-632.653 -0.00322989
-591.837 -0.00356611
-551.02 -0.00385965
-510.204 -0.00409759
-469.388 -0.00426881
-428.571 -0.00436494
-387.755 -0.00438115
-346.939 -0.00431663
-306.122 -0.00417462
-265.306 -0.00396217
-224.49 -0.0036894
-183.673 -0.00336863
-142.857 -0.00301334
-102.041 -0.00263717
-61.2245 -0.00225299
-20.4082 -0.00187227
20.4082 -0.00150463
61.2245 -0.00115757
102.041 -0.000836536
142.857 -0.000545015
183.673 -0.000284791
224.49 -5.6238e-05
265.306 0.000141367
306.122 0.000309554
346.939 0.0004504
387.755 0.000566305
428.571 0.000659822
469.388 0.000733523
510.204 0.000789901
551.02 0.000831306
591.837 0.000859909
632.653 0.000877673
673.469 0.000886357
714.286 0.000887509
755.102 0.000882484
795.918 0.000872454
836.735 0.000858425
877.551 0.000841256
918.367 0.000821672
959.184 0.000800286
1000 0.000777606
