-1000 0.00163869
-959.184 0.00170158
-918.367 0.00176005
-877.551 0.00181176
-836.735 0.00185375
-795.918 0.00188236
-755.102 0.00189306
-714.286 0.00188037
-673.469 0.00183769
-632.653 0.00175725
-591.837 0.00163006
-551.02 0.00144596
-510.204 0.00119383
-469.388 0.000862008
-428.571 0.000439031
-387.755 -8.53287e-05
-346.939 -0.000718552
-306.122 -0.00146348
-265.306 -0.00231609
-224.49 -0.00326323
-183.673 -0.00428068
-142.857 -0.00533207
-102.041 -0.00636944
-61.2245 -0.00733568
-20.4082 -0.00816938
20.4082 -0.00881141
61.2245 -0.00921254
102.041 -0.00934037
142.857 -0.00918435
183.673 -0.00875735
224.49 -0.00809371
265.306 -0.007244
306.122 -0.00626791
346.939 -0.00522669
387.755 -0.00417671
428.571 -0.00316486
469.388 -0.00222627
510.204 -0.00138401
551.02 -0.000650203
591.837 -2.80878e-05
632.653 0.000485738
673.469 0.000899108
714.286 0.00122243
755.102 0.00146724
795.918 0.00164517
836.735 0.00176724
877.551 0.00184352
918.367 0.00188287
959.184 0.00189294
1000 0.00188022
