-1000 0.00753939
-959.184 0.00854953
-918.367 0.00950554
-877.551 0.0101878
-836.735 0.0101815
-795.918 0.00877077
-755.102 0.00486896
-714.286 -0.0028302
-673.469 -0.015115
-632.653 -0.0307052
-591.837 -0.0448693
-551.02 -0.0509258
-510.204 -0.0454165
-469.388 -0.0315013
-428.571 -0.0158403
-387.755 -0.00333463
-346.939 0.00458477
-306.122 0.0086454
-265.306 0.0101518
-224.49 0.0102084
-183.673 0.00954865
-142.857 0.00859987
-102.041 0.00758923
-61.2245 0.00662661
-20.4082 0.00575793
20.4082 0.00499615
61.2245 0.00433841
102.041 0.00377509
142.857 0.00329437
183.673 0.00288448
224.49 0.00253467
265.306 0.00223552
306.122 0.00197899
346.939 0.0017583
387.755 0.0015678
428.571 0.00140277
469.388 0.0012593
510.204 0.00113411
551.02 0.00102449
591.837 0.000928183
632.653 0.000843278
673.469 0.000768185
714.286 0.00070156
755.102 0.000642272
795.918 0.000589357
836.735 0.000541999
877.551 0.000499501
918.367 0.000461265
959.184 0.000426778
1000 0.000395599
