-1000 0.00250207
-959.184 0.00261943
-918.367 0.0027346
-877.551 0.00284472
-836.735 0.00294609
-795.918 0.00303398
-755.102 0.00310245
-714.286 0.00314414
-673.469 0.00315011
-632.653 0.00310968
-591.837 0.00301039
-551.02 0.00283814
-510.204 0.00257748
-469.388 0.0022123
-428.571 0.0017269
-387.755 0.00110744
-346.939 0.000343897
-306.122 -0.00056776
-265.306 -0.00162332
-224.49 -0.00280852
-183.673 -0.00409804
-142.857 -0.00545581
-102.041 -0.00683674
-61.2245 -0.00818979
-20.4082 -0.00946189
20.4082 -0.010602
61.2245 -0.0115646
102.041 -0.0123122
142.857 -0.0128167
183.673 -0.0130597
224.49 -0.0130326
265.306 -0.0127363
306.122 -0.0121814
346.939 -0.0113882
387.755 -0.0103868
428.571 -0.00921646
469.388 -0.00792396
510.204 -0.0065611
551.02 -0.00518085
591.837 -0.00383338
632.653 -0.00256216
673.469 -0.00140122
714.286 -0.000373646
755.102 0.000508431
795.918 0.00124261
836.735 0.00183431
877.551 0.00229447
918.367 0.00263745
959.184 0.00287915
1000 0.00303561
