-1000 0.000844814
-959.184 0.000894218
-918.367 0.00094723
-877.551 0.00100414
-836.735 0.00106526
-795.918 0.00113092
-755.102 0.00120148
-714.286 0.0012773
-673.469 0.00135877
-632.653 0.00144627
-591.837 0.0015402
-551.02 0.00164092
-510.204 0.0017488
-469.388 0.00186412
-428.571 0.00198708
-387.755 0.00211775
-346.939 0.00225599
-306.122 0.00240141
-265.306 0.00255319
-224.49 0.00271
-183.673 0.00286979
-142.857 0.00302952
-102.041 0.00318491
-61.2245 0.00333
-20.4082 0.00345675
20.4082 0.00355447
61.2245 0.00360925
102.041 0.00360337
142.857 0.00351484
183.673 0.00331715
224.49 0.0029796
265.306 0.00246843
306.122 0.00174916
346.939 0.000790625
387.755 -0.000429415
428.571 -0.00191717
469.388 -0.00365536
510.204 -0.00559717
551.02 -0.00766373
591.837 -0.00974703
632.653 -0.0117189
673.469 -0.0134447
714.286 -0.0147989
755.102 -0.0156796
795.918 -0.0160194
836.735 -0.0157923
877.551 -0.0150156
918.367 -0.013749
959.184 -0.012088
1000 -0.0101546
