-1000 0.00122158
-959.184 0.00115487
-918.367 0.00106528
-877.551 0.000949335
-836.735 0.000803423
-795.918 0.000623866
-755.102 0.000407086
-714.286 0.000149819
-673.469 -0.000150618
-632.653 -0.000496004
-591.837 -0.000886834
-551.02 -0.00132191
-510.204 -0.00179794
-469.388 -0.00230916
-428.571 -0.00284707
-387.755 -0.00340032
-346.939 -0.00395483
-306.122 -0.00449418
-265.306 -0.00500029
-224.49 -0.0054544
-183.673 -0.00583825
-142.857 -0.00613536
-102.041 -0.00633239
-61.2245 -0.00642018
-20.4082 -0.00639458
20.4082 -0.00625681
61.2245 -0.00601333
102.041 -0.00567532
142.857 -0.00525768
183.673 -0.00477785
224.49 -0.00425447
265.306 -0.00370614
306.122 -0.0031503
346.939 -0.00260237
387.755 -0.00207524
428.571 -0.00157897
469.388 -0.00112081
510.204 -0.000705369
551.02 -0.000334952
591.837 -9.94023e-06
632.653 0.000270788
673.469 0.000509462
714.286 0.000709064
755.102 0.000873027
795.918 0.001005
836.735 0.00110864
877.551 0.00118753
918.367 0.001245
959.184 0.00128418
1000 0.00130786
