-1000 0.00832016
-959.184 0.00892119
-918.367 0.0095481
-877.551 0.01019
-836.735 0.0108281
-795.918 0.0114314
-755.102 0.0119493
-714.286 0.0123001
-673.469 0.0123529
-632.653 0.011899
-591.837 0.0106073
-551.02 0.00796359
-510.204 0.00319863
-469.388 -0.00474507
-428.571 -0.017067
-387.755 -0.0344873
-346.939 -0.0558606
-306.122 -0.0765527
-265.306 -0.0889264
-224.49 -0.0870297
-183.673 -0.0718398
-142.857 -0.0503313
-102.041 -0.0296677
-61.2245 -0.0135183
-20.4082 -0.00239453
20.4082 0.00464195
61.2245 0.00878838
102.041 0.0110331
142.857 0.0120755
183.673 0.0123774
224.49 0.0122341
265.306 0.0118316
306.122 0.0112862
346.939 0.0106704
387.755 0.010029
428.571 0.00938943
469.388 0.0087682
510.204 0.00817472
551.02 0.00761398
591.837 0.00708814
632.653 0.00659761
673.469 0.00614166
714.286 0.00571893
755.102 0.00532768
795.918 0.00496596
836.735 0.00463179
877.551 0.00432318
918.367 0.00403819
959.184 0.003775
1000 0.00353188
