-1000 0.00087354
-959.184 0.000935557
-918.367 0.00100275
-877.551 0.00107552
-836.735 0.00115427
-795.918 0.00123937
-755.102 0.00133116
-714.286 0.0014299
-673.469 0.00153572
-632.653 0.00164856
-591.837 0.00176807
-551.02 0.00189346
-510.204 0.00202334
-469.388 0.00215546
-428.571 0.00228641
-387.755 0.00241111
-346.939 0.00252233
-306.122 0.00260993
-265.306 0.00265995
-224.49 0.00265367
-183.673 0.00256645
-142.857 0.00236684
-102.041 0.00201612
-61.2245 0.00146898
-20.4082 0.000676352
20.4082 -0.000408305
61.2245 -0.0018179
102.041 -0.00355506
142.857 -0.00557142
183.673 -0.00774827
224.49 -0.00988882
265.306 -0.0117347
306.122 -0.0130143
346.939 -0.0135133
387.755 -0.0131427
428.571 -0.011969
469.388 -0.0101913
510.204 -0.00807745
551.02 -0.00589166
591.837 -0.00384174
632.653 -0.00205809
673.469 -0.000598528
714.286 0.000533297
755.102 0.00136694
795.918 0.00194775
836.735 0.00232491
877.551 0.00254453
918.367 0.00264643
959.184 0.00266313
1000 0.00262022
