-1000 0.0025806
-959.184 0.00274662
-918.367 0.00292587
-877.551 0.00311953
-836.735 0.00332888
-795.918 0.00355533
-755.102 0.00380039
-714.286 0.00406568
-673.469 0.00435294
-632.653 0.00466403
-591.837 0.00500086
-551.02 0.00536544
-510.204 0.00575976
-469.388 0.00618574
-428.571 0.00664509
-387.755 0.00713913
-346.939 0.0076685
-306.122 0.00823265
-265.306 0.00882919
-224.49 0.00945277
-183.673 0.0100934
-142.857 0.0107337
-102.041 0.0113449
-61.2245 0.0118798
-20.4082 0.0122625
20.4082 0.0123711
61.2245 0.0120106
102.041 0.0108722
142.857 0.00847329
183.673 0.00408715
224.49 -0.00330291
265.306 -0.0148988
306.122 -0.0315613
346.939 -0.0525394
387.755 -0.0737797
428.571 -0.0878965
469.388 -0.0882764
510.204 -0.0747233
551.02 -0.053646
591.837 -0.0325255
632.653 -0.0156085
673.469 -0.00377286
714.286 0.00379863
755.102 0.00830844
795.918 0.0107871
836.735 0.0119754
877.551 0.0123662
918.367 0.0122757
959.184 0.0119033
1000 0.0113739
