-1000 0.00764228
-959.184 0.00834336
-918.367 0.0091229
-877.551 0.00998882
-836.735 0.0109485
-795.918 0.0120079
-755.102 0.0131698
-714.286 0.0144312
-673.469 0.0157794
-632.653 0.0171855
-591.837 0.0185961
-551.02 0.0199204
-510.204 0.0210156
-469.388 0.0216709
-428.571 0.0215983
-387.755 0.0204429
-346.939 0.0178344
-306.122 0.013497
-265.306 0.00740951
-224.49 -5.41784e-05
-183.673 -0.00812057
-142.857 -0.0158224
-102.041 -0.0223251
-61.2245 -0.02717
-20.4082 -0.0303101
20.4082 -0.0319866
61.2245 -0.032565
102.041 -0.0324134
142.857 -0.0318399
183.673 -0.0310761
224.49 -0.0302839
265.306 -0.0295702
306.122 -0.0290024
346.939 -0.028621
387.755 -0.0284476
428.571 -0.0284911
469.388 -0.0287495
510.204 -0.029209
551.02 -0.0298412
591.837 -0.0305963
632.653 -0.0313927
673.469 -0.0321034
714.286 -0.0325402
755.102 -0.032441
795.918 -0.0314693
836.735 -0.0292477
877.551 -0.0254422
918.367 -0.0199071
959.184 -0.0128455
1000 -0.00488296
