-1000 0.00320979
-959.184 0.00344239
-918.367 0.00368676
-877.551 0.00394034
-836.735 0.00419902
-795.918 0.00445645
-755.102 0.00470325
-714.286 0.00492599
-673.469 0.0051058
-632.653 0.00521682
-591.837 0.00522433
-551.02 0.00508279
-510.204 0.00473425
-469.388 0.00410766
-428.571 0.00312033
-387.755 0.00168332
-346.939 -0.000287256
-306.122 -0.00285078
-265.306 -0.00601411
-224.49 -0.00969826
-183.673 -0.0137089
-142.857 -0.017726
-102.041 -0.0213293
-61.2245 -0.0240651
-20.4082 -0.0255454
20.4082 -0.0255454
61.2245 -0.0240651
102.041 -0.0213293
142.857 -0.017726
183.673 -0.0137089
224.49 -0.00969826
265.306 -0.00601411
306.122 -0.00285078
346.939 -0.000287256
387.755 0.00168332
428.571 0.00312033
469.388 0.00410766
510.204 0.00473425
551.02 0.00508279
591.837 0.00522433
632.653 0.00521682
673.469 0.0051058
714.286 0.00492599
755.102 0.00470325
795.918 0.00445645
836.735 0.00419902
877.551 0.00394034
918.367 0.00368676
959.184 0.00344239
1000 0.00320979
