-1000 -0.00227409
-959.184 -0.00255043
-918.367 -0.00275669
-877.551 -0.00287434
-836.735 -0.00289225
-795.918 -0.0028087
-755.102 -0.00263166
-714.286 -0.0023774
-673.469 -0.00206761
-632.653 -0.00172603
-591.837 -0.00137528
-551.02 -0.00103454
-510.204 -0.000718219
-469.388 -0.000435741
-428.571 -0.000191962
-387.755 1.19334e-05
-346.939 0.000177433
-306.122 0.000307737
-265.306 0.000406972
-224.49 0.0004796
-183.673 0.000530009
-142.857 0.000562267
-102.041 0.000579995
-61.2245 0.000586313
-20.4082 0.000583848
20.4082 0.000574768
61.2245 0.000560837
102.041 0.000543465
142.857 0.000523768
183.673 0.000502618
224.49 0.000480686
265.306 0.000458483
306.122 0.000436392
346.939 0.000414694
387.755 0.000393589
428.571 0.000373217
469.388 0.000353668
510.204 0.000334996
551.02 0.000317229
591.837 0.000300372
632.653 0.000284415
673.469 0.000269337
714.286 0.000255111
755.102 0.000241703
795.918 0.000229076
836.735 0.000217192
877.551 0.000206011
918.367 0.000195494
959.184 0.000185603
1000 0.0001763
