-1000 0.00129755
-959.184 0.00138909
-918.367 0.00148903
-877.551 0.00159833
-836.735 0.00171801
-795.918 0.00184925
-755.102 0.00199336
-714.286 0.00215184
-673.469 0.00232632
-632.653 0.00251866
-591.837 0.00273091
-551.02 0.00296534
-510.204 0.00322446
-469.388 0.00351097
-428.571 0.00382776
-387.755 0.00417786
-346.939 0.00456427
-306.122 0.00498984
-265.306 0.00545691
-224.49 0.00596684
-183.673 0.00651929
-142.857 0.00711103
-102.041 0.00773429
-61.2245 0.00837427
-20.4082 0.00900551
20.4082 0.00958677
61.2245 0.010054
102.041 0.0103111
142.857 0.0102188
183.673 0.00958233
224.49 0.00814388
265.306 0.00558575
306.122 0.00156188
346.939 -0.00422265
387.755 -0.0118672
428.571 -0.0210806
469.388 -0.0310144
510.204 -0.0402662
551.02 -0.0471647
591.837 -0.0502801
632.653 -0.0489242
673.469 -0.0433995
714.286 -0.0348894
755.102 -0.0250355
795.918 -0.0153982
836.735 -0.00706263
877.551 -0.000528753
918.367 0.00417099
959.184 0.00727431
1000 0.00911981
