-1000 0.00252656
-959.184 0.00258583
-918.367 0.00263262
-877.551 0.00266298
-836.735 0.00267213
-795.918 0.00265434
-755.102 0.00260288
-714.286 0.00250984
-673.469 0.0023661
-632.653 0.00216132
-591.837 0.00188398
-551.02 0.0015216
-510.204 0.00106117
-469.388 0.000489749
-428.571 -0.000204515
-387.755 -0.00103101
-346.939 -0.00199487
-306.122 -0.00309478
-265.306 -0.00432057
-224.49 -0.00565084
-183.673 -0.00705105
-142.857 -0.00847283
-102.041 -0.00985496
-61.2245 -0.0111267
-20.4082 -0.0122133
20.4082 -0.0130442
61.2245 -0.0135608
102.041 -0.0137251
142.857 -0.0135246
183.673 -0.0129744
224.49 -0.0121151
265.306 -0.0110066
306.122 -0.0097205
346.939 -0.00833134
387.755 -0.00690915
428.571 -0.00551398
469.388 -0.00419284
510.204 -0.00297887
551.02 -0.00189227
591.837 -0.00094222
632.653 -0.000129267
673.469 0.000552237
714.286 0.001112
755.102 0.00156204
795.918 0.00191533
836.735 0.00218487
877.551 0.00238304
918.367 0.00252127
959.184 0.00260976
1000 0.00265752
