-1000 -0.000860334
-959.184 -0.00119231
-918.367 -0.00155218
-877.551 -0.00193277
-836.735 -0.002324
-795.918 -0.00271297
-755.102 -0.00308437
-714.286 -0.00342132
-673.469 -0.00370667
-632.653 -0.0039245
-591.837 -0.00406185
-551.02 -0.00411019
-510.204 -0.00406643
-469.388 -0.00393337
-428.571 -0.00371928
-387.755 -0.00343696
-346.939 -0.00310218
-306.122 -0.00273209
-265.306 -0.00234362
-224.49 -0.00195217
-183.673 -0.00157079
-142.857 -0.00120969
-102.041 -0.000876191
-61.2245 -0.000574903
-20.4082 -0.000308109
20.4082 -7.6214e-05
61.2245 0.000121789
102.041 0.000287896
142.857 0.000424723
183.673 0.000535218
224.49 0.000622439
265.306 0.000689392
306.122 0.000738927
346.939 0.000773673
387.755 0.000796004
428.571 0.000808028
469.388 0.00081159
510.204 0.000808287
551.02 0.000799486
591.837 0.000786348
632.653 0.000769853
673.469 0.000750817
714.286 0.000729922
755.102 0.000707725
795.918 0.000684687
836.735 0.000661179
877.551 0.000637501
918.367 0.000613893
959.184 0.000590544
1000 0.000567599
