-1000 0.00225191
-959.184 0.00237547
-918.367 0.00249458
-877.551 0.00260417
-836.735 0.00269741
-795.918 0.00276522
-755.102 0.00279578
-714.286 0.00277401
-673.469 0.00268117
-632.653 0.00249457
-591.837 0.00218788
-551.02 0.00173197
-510.204 0.00109702
-469.388 0.000256021
-428.571 -0.000810077
-387.755 -0.00210563
-346.939 -0.00361294
-306.122 -0.0052857
-265.306 -0.00704578
-224.49 -0.00878528
-183.673 -0.0103756
-142.857 -0.0116828
-102.041 -0.0125865
-61.2245 -0.0129986
-20.4082 -0.0128778
20.4082 -0.0122363
61.2245 -0.0111379
102.041 -0.00968708
142.857 -0.00801295
183.673 -0.00624922
224.49 -0.00451674
265.306 -0.00291068
306.122 -0.00149477
346.939 -0.000301771
387.755 0.000661447
428.571 0.00140675
469.388 0.00195752
510.204 0.00234257
551.02 0.00259175
591.837 0.0027331
632.653 0.00279139
673.469 0.00278752
714.286 0.00273854
755.102 0.002658
795.918 0.00255642
836.735 0.00244182
877.551 0.00232017
918.367 0.00219587
959.184 0.00207206
1000 0.00195094
