-1000 0.000746014
-959.184 0.000754992
-918.367 0.000757367
-877.551 0.000751316
-836.735 0.000734692
-795.918 0.000705001
-755.102 0.000659397
-714.286 0.0005947
-673.469 0.000507459
-632.653 0.000394054
-591.837 0.000250881
-551.02 7.46138e-05
-510.204 -0.000137437
-469.388 -0.000386864
-428.571 -0.000673621
-387.755 -0.000995432
-346.939 -0.00134723
-306.122 -0.00172074
-265.306 -0.00210428
-224.49 -0.00248295
-183.673 -0.0028394
-142.857 -0.00315494
-102.041 -0.00341124
-61.2245 -0.00359224
-20.4082 -0.00368594
20.4082 -0.00368594
61.2245 -0.00359224
102.041 -0.00341124
142.857 -0.00315494
183.673 -0.0028394
224.49 -0.00248295
265.306 -0.00210428
306.122 -0.00172074
346.939 -0.00134723
387.755 -0.000995432
428.571 -0.000673621
469.388 -0.000386864
510.204 -0.000137437
551.02 7.46138e-05
591.837 0.000250881
632.653 0.000394054
673.469 0.000507459
714.286 0.0005947
755.102 0.000659397
795.918 0.000705001
836.735 0.000734692
877.551 0.000751316
918.367 0.000757367
959.184 0.000754992
1000 0.000746014
