-1000 0.000244674
-959.184 0.000260236
-918.367 0.00027708
-877.551 0.000295332
-836.735 0.00031513
-795.918 0.00033663
-755.102 0.000360002
-714.286 0.000385435
-673.469 0.000413136
-632.653 0.000443336
-591.837 0.000476286
-551.02 0.000512259
-510.204 0.000551552
-469.388 0.000594484
-428.571 0.000641393
-387.755 0.000692631
-346.939 0.000748552
-306.122 0.000809503
-265.306 0.000875794
-224.49 0.000947669
-183.673 0.00102525
-142.857 0.00110848
-102.041 0.00119697
-61.2245 0.00128992
-20.4082 0.00138583
20.4082 0.00148225
61.2245 0.00157539
102.041 0.00165951
142.857 0.00172629
183.673 0.00176394
224.49 0.00175617
265.306 0.00168118
306.122 0.00151083
346.939 0.00121066
387.755 0.000741424
428.571 6.35869e-05
469.388 -0.000853941
510.204 -0.00201993
551.02 -0.00340289
591.837 -0.00491409
632.653 -0.00640081
673.469 -0.00766156
714.286 -0.00848847
755.102 -0.00872773
795.918 -0.00833233
836.735 -0.00737936
877.551 -0.00604192
918.367 -0.00453157
959.184 -0.00304056
1000 -0.00170599
