-1000 0.00837213
-959.184 0.00827823
-918.367 0.00800505
-877.551 0.00751423
-836.735 0.00677078
-795.918 0.00574885
-755.102 0.00443846
-714.286 0.00285204
-673.469 0.00102862
-632.653 -0.000966104
-591.837 -0.00304528
-551.02 -0.00511151
-510.204 -0.00707014
-469.388 -0.0088419
-428.571 -0.0103716
-387.755 -0.0116314
-346.939 -0.0126189
-306.122 -0.0133517
-265.306 -0.0138604
-224.49 -0.0141827
-183.673 -0.0143575
-142.857 -0.0144219
-102.041 -0.0144087
-61.2245 -0.0143461
-20.4082 -0.0142568
20.4082 -0.0141591
61.2245 -0.0140668
102.041 -0.0139902
142.857 -0.0139365
183.673 -0.0139101
224.49 -0.0139131
265.306 -0.0139452
306.122 -0.0140039
346.939 -0.0140843
387.755 -0.0141786
428.571 -0.0142758
469.388 -0.0143614
510.204 -0.0144161
551.02 -0.0144162
591.837 -0.0143325
632.653 -0.0141313
673.469 -0.0137749
714.286 -0.0132242
755.102 -0.0124426
795.918 -0.0114015
836.735 -0.0100868
877.551 -0.00850553
918.367 -0.00669114
959.184 -0.004704
1000 -0.00262732
