-1000 0.00279818
-959.184 0.00309101
-918.367 0.00342469
-877.551 0.00380626
-836.735 0.00424414
-795.918 0.00474843
-755.102 0.00533125
-714.286 0.0060071
-673.469 0.00679332
-632.653 0.00771037
-591.837 0.00878212
-551.02 0.0100356
-510.204 0.0115002
-469.388 0.0132044
-428.571 0.01517
-387.755 0.0173995
-346.939 0.0198511
-306.122 0.0223945
-265.306 0.0247319
-224.49 0.0262746
-183.673 0.0259781
-142.857 0.0222123
-102.041 0.0129041
-61.2245 -0.00362446
-20.4082 -0.0269563
20.4082 -0.0532234
61.2245 -0.0764578
102.041 -0.0921393
142.857 -0.0985761
183.673 -0.0954718
224.49 -0.0829425
265.306 -0.0619944
306.122 -0.0361105
346.939 -0.0111391
387.755 0.00798319
428.571 0.0196929
469.388 0.0251558
510.204 0.0264506
551.02 0.0254044
591.837 0.0232585
632.653 0.0207416
673.469 0.0182365
714.286 0.0159212
755.102 0.0138619
795.918 0.012068
836.735 0.0105227
877.551 0.0091987
918.367 0.00806656
959.184 0.00709825
1000 0.00626875
