-1000 0.00150771
-959.184 0.00126852
-918.367 0.000976757
-877.551 0.000627534
-836.735 0.000216649
-795.918 -0.000259008
-755.102 -0.000800993
-714.286 -0.0014088
-673.469 -0.00207938
-632.653 -0.00280666
-591.837 -0.00358124
-551.02 -0.00439021
-510.204 -0.00521722
-469.388 -0.00604285
-428.571 -0.00684523
-387.755 -0.00760094
-346.939 -0.0082862
-306.122 -0.00887807
-265.306 -0.00935583
-224.49 -0.00970215
-183.673 -0.00990415
-142.857 -0.00995422
-102.041 -0.00985046
-61.2245 -0.0095968
-20.4082 -0.00920276
20.4082 -0.00868289
61.2245 -0.00805584
102.041 -0.00734324
142.857 -0.00656849
183.673 -0.00575537
224.49 -0.00492687
265.306 -0.00410411
306.122 -0.00330549
346.939 -0.00254618
387.755 -0.00183785
428.571 -0.00118871
469.388 -0.000603736
510.204 -8.50247e-05
551.02 0.000367696
591.837 0.00075658
632.653 0.00108517
673.469 0.00135795
714.286 0.00157997
755.102 0.0017565
795.918 0.00189283
836.735 0.00199408
877.551 0.00206505
918.367 0.00211018
959.184 0.0021335
1000 0.0021386
