-1000 0.0610981
-959.184 0.0837544
-918.367 0.11941
-877.551 0.178964
-836.735 0.286071
-795.918 0.496167
-755.102 0.936674
-714.286 1.6324
-673.469 -1.51051
-632.653 -2.37219
-591.837 2.34525
-551.02 -4.75973
-510.204 2.18936
-469.388 -1.8331
-428.571 -1.96608
-387.755 1.64968
-346.939 0.968086
-306.122 0.511237
-265.306 0.293446
-224.49 0.182905
-183.673 0.121693
-142.857 0.085167
-102.041 0.0620195
-61.2245 0.0466229
-20.4082 0.0359707
20.4082 0.0283577
61.2245 0.0227667
102.041 0.0185647
142.857 0.0153435
183.673 0.0128313
224.49 0.0108422
265.306 0.00924619
306.122 0.00795035
346.939 0.00688697
387.755 0.00600596
428.571 0.00526968
469.388 0.00464949
510.204 0.00412329
551.02 0.00367388
591.837 0.0032877
632.653 0.00295397
673.469 0.00266406
714.286 0.00241098
755.102 0.00218906
795.918 0.00199363
836.735 0.00182084
877.551 0.0016675
918.367 0.00153095
959.184 0.00140894
1000 0.00129958
