-1000 0.00670922
-959.184 0.00739623
-918.367 0.00817869
-877.551 0.00907347
-836.735 0.0101011
-795.918 0.0112867
-755.102 0.0126611
-714.286 0.0142627
-673.469 0.0161393
-632.653 0.0183512
-591.837 0.0209748
-551.02 0.0241081
-510.204 0.0278779
-469.388 0.0324503
-428.571 0.0380458
-387.755 0.0449614
-346.939 0.0536052
-306.122 0.0645496
-265.306 0.0786217
-224.49 0.0970578
-183.673 0.121793
-142.857 0.156036
-102.041 0.205516
-61.2245 0.281481
-20.4082 0.408714
20.4082 0.647907
61.2245 1.12423
102.041 1.21896
142.857 -5.43514
183.673 0.638811
224.49 -0.925717
265.306 -3.83307
306.122 1.42357
346.939 1.00538
387.755 0.585886
428.571 0.37708
469.388 0.263289
510.204 0.193981
551.02 0.148204
591.837 0.116214
632.653 0.0929421
673.469 0.0755054
714.286 0.0621416
755.102 0.0517136
795.918 0.0434551
836.735 0.0368319
877.551 0.031462
918.367 0.0270657
959.184 0.0234351
1000 0.0204128
