-1000 0.00207112
-959.184 0.00222015
-918.367 0.00238329
-877.551 0.00256216
-836.735 0.00275864
-795.918 0.00297484
-755.102 0.00321319
-714.286 0.00347646
-673.469 0.00376782
-632.653 0.00409093
-591.837 0.00444996
-551.02 0.00484977
-510.204 0.00529593
-469.388 0.00579492
-428.571 0.00635426
-387.755 0.00698268
-346.939 0.00769034
-306.122 0.00848914
-265.306 0.00939298
-224.49 0.0104181
-183.673 0.0115836
-142.857 0.0129119
-102.041 0.0144291
-61.2245 0.0161657
-20.4082 0.0181567
20.4082 0.0204414
61.2245 0.0230615
102.041 0.0260561
142.857 0.0294477
183.673 0.0332098
224.49 0.0371873
265.306 0.0409045
306.122 0.0430941
346.939 0.0405511
387.755 0.025558
428.571 -0.0182349
469.388 -0.113489
510.204 -0.249788
551.02 -0.321635
591.837 -0.24327
632.653 -0.107337
673.469 -0.0149936
714.286 0.0268118
755.102 0.0408821
795.918 0.0430579
836.735 0.0407392
877.551 0.0369886
918.367 0.0330145
959.184 0.0292688
1000 0.025897
