-1000 0.0098656
-959.184 0.0103048
-918.367 0.00977679
-877.551 0.00740078
-836.735 0.00194737
-795.918 -0.00779787
-755.102 -0.0219202
-714.286 -0.0376573
-673.469 -0.0489463
-632.653 -0.0498371
-591.837 -0.0398087
-551.02 -0.0242946
-510.204 -0.00966422
-469.388 0.000781808
-428.571 0.00681211
-387.755 0.00956483
-346.939 0.0103045
-306.122 0.00996878
-265.306 0.00914033
-224.49 0.00814419
-183.673 0.00714632
-142.857 0.00622279
-102.041 0.00540183
-61.2245 0.00468778
-20.4082 0.00407392
20.4082 0.00354926
61.2245 0.00310183
102.041 0.00272023
142.857 0.0023943
183.673 0.00211524
224.49 0.0018756
265.306 0.00166914
306.122 0.00149064
346.939 0.00133575
387.755 0.00120087
428.571 0.001083
469.388 0.000979629
510.204 0.000888666
551.02 0.000808358
591.837 0.000737228
632.653 0.000674034
673.469 0.000617723
714.286 0.000567403
755.102 0.000522311
795.918 0.0004818
836.735 0.00044531
877.551 0.000412362
918.367 0.000382544
959.184 0.000355497
1000 0.000330911
