-1000 0.00249575
-959.184 0.00276101
-918.367 0.00306538
-877.551 0.00341639
-836.735 0.00382335
-795.918 0.00429793
-755.102 0.00485485
-714.286 0.00551287
-673.469 0.00629614
-632.653 0.00723615
-591.837 0.00837442
-551.02 0.00976651
-510.204 0.0114879
-469.388 0.0136429
-428.571 0.0163786
-387.755 0.0199065
-346.939 0.024539
-306.122 0.0307505
-265.306 0.0392847
-224.49 0.0513544
-183.673 0.0690261
-142.857 0.0960167
-102.041 0.139449
-61.2245 0.214033
-20.4082 0.352767
20.4082 0.634294
61.2245 1.21432
102.041 1.49307
142.857 -4.9501
183.673 1.30163
224.49 -0.0215009
265.306 -2.49938
306.122 2.39602
346.939 -5.24727
387.755 0.810542
428.571 1.40771
469.388 0.744434
510.204 0.405016
551.02 0.240729
591.837 0.154325
632.653 0.104937
673.469 0.0747
714.286 0.0551389
755.102 0.0419087
795.918 0.032629
836.735 0.0259205
877.551 0.0209459
918.367 0.0171761
959.184 0.0142655
1000 0.0119811
