-1000 0.00585668
-959.184 0.00557257
-918.367 0.00518497
-877.551 0.00468215
-836.735 0.00405391
-795.918 0.00329257
-755.102 0.00239406
-714.286 0.00135897
-673.469 0.000193477
-632.653 -0.00109015
-591.837 -0.00247348
-551.02 -0.00393246
-510.204 -0.00543861
-469.388 -0.00696073
-428.571 -0.00846699
-387.755 -0.00992703
-346.939 -0.0113139
-306.122 -0.0126054
-265.306 -0.0137851
-224.49 -0.0148423
-183.673 -0.0157721
-142.857 -0.0165739
-102.041 -0.017251
-61.2245 -0.0178089
-20.4082 -0.0182547
20.4082 -0.0185955
61.2245 -0.0188378
102.041 -0.018987
142.857 -0.0190465
183.673 -0.0190179
224.49 -0.0189004
265.306 -0.0186912
306.122 -0.0183856
346.939 -0.0179774
387.755 -0.0174595
428.571 -0.0168248
469.388 -0.0160672
510.204 -0.0151824
551.02 -0.0141694
591.837 -0.0130316
632.653 -0.0117777
673.469 -0.010422
714.286 -0.00898474
755.102 -0.00749133
795.918 -0.00597117
836.735 -0.00445581
877.551 -0.0029769
918.367 -0.0015641
959.184 -0.000243172
1000 0.000965386
