-1000 0.0219096
-959.184 0.024065
-918.367 0.0265068
-877.551 0.0292848
-836.735 0.0324604
-795.918 0.0361098
-755.102 0.0403288
-714.286 0.0452401
-673.469 0.0510023
-632.653 0.0578252
-591.837 0.0659912
-551.02 0.0758901
-510.204 0.0880739
-469.388 0.103349
-428.571 0.122935
-387.755 0.148759
-346.939 0.184029
-306.122 0.234446
-265.306 0.311034
-224.49 0.437537
-183.673 0.670988
-142.857 1.13562
-102.041 1.45294
-61.2245 -4.57779
-20.4082 0.178559
20.4082 0.370255
61.2245 -3.89173
102.041 2.14481
142.857 -5.08835
183.673 0.092959
224.49 1.4196
265.306 0.842306
306.122 0.523728
346.939 0.359526
387.755 0.264684
428.571 0.204356
469.388 0.163199
510.204 0.133631
551.02 0.111535
591.837 0.0945041
632.653 0.0810491
673.469 0.0702028
714.286 0.0613133
755.102 0.0539265
795.918 0.0477166
836.735 0.0424447
877.551 0.0379312
918.367 0.0340388
959.184 0.0306605
1000 0.027712
