-1000 0.00221721
-959.184 0.00216458
-918.367 0.0020625
-877.551 0.00189909
-836.735 0.00166126
-795.918 0.00133524
-755.102 0.000907429
-714.286 0.000365745
-673.469 -0.000298655
-632.653 -0.00108922
-591.837 -0.00200167
-551.02 -0.00302186
-510.204 -0.00412422
-469.388 -0.00527143
-428.571 -0.00641551
-387.755 -0.00750082
-346.939 -0.00846843
-306.122 -0.00926148
-265.306 -0.00983079
-224.49 -0.0101398
-183.673 -0.0101683
-142.857 -0.00991432
-102.041 -0.00939462
-61.2245 -0.00864272
-20.4082 -0.00770565
20.4082 -0.00663915
61.2245 -0.00550219
102.041 -0.00435147
142.857 -0.00323678
183.673 -0.00219773
224.49 -0.00126225
265.306 -0.000446686
306.122 0.000242884
346.939 0.000808545
387.755 0.00125824
428.571 0.00160355
469.388 0.00185791
510.204 0.00203513
551.02 0.00214848
591.837 0.00221012
632.653 0.00223075
673.469 0.00221954
714.286 0.00218418
755.102 0.002131
795.918 0.00206513
836.735 0.00199063
877.551 0.00191072
918.367 0.00182788
959.184 0.00174402
1000 0.00166057
