-1000 1.28119
-959.184 -5.12776
-918.367 0.290598
-877.551 -0.493878
-836.735 -4.31231
-795.918 1.38151
-755.102 1.0235
-714.286 0.592666
-673.469 0.379444
-632.653 0.264894
-591.837 0.195994
-551.02 0.150871
-510.204 0.119459
-469.388 0.0965938
-428.571 0.0793853
-387.755 0.0660993
-346.939 0.0556347
-306.122 0.0472591
-265.306 0.0404665
-224.49 0.0348962
-183.673 0.0302846
-142.857 0.0264346
-102.041 0.0231966
-61.2245 0.0204548
-20.4082 0.018119
20.4082 0.0161179
61.2245 0.0143945
102.041 0.0129031
142.857 0.0116066
183.673 0.0104746
224.49 0.00948236
265.306 0.00860924
306.122 0.0078382
346.939 0.00715497
387.755 0.00654759
428.571 0.00600597
469.388 0.00552158
510.204 0.00508715
551.02 0.00469648
591.837 0.00434429
632.653 0.00402599
673.469 0.00373766
714.286 0.00347589
755.102 0.00323773
795.918 0.00302061
836.735 0.00282226
877.551 0.00264073
918.367 0.0024743
959.184 0.00232142
1000 0.00218078
