-1000 0.0209258
-959.184 0.0187893
-918.367 0.0149877
-877.551 0.00940578
-836.735 0.0022898
-795.918 -0.00569451
-755.102 -0.0136056
-714.286 -0.020536
-673.469 -0.0259005
-632.653 -0.0295366
-591.837 -0.0316165
-551.02 -0.0324841
-510.204 -0.0325157
-469.388 -0.032041
-428.571 -0.0313144
-387.755 -0.0305173
-346.939 -0.0297715
-306.122 -0.0291546
-265.306 -0.0287143
-224.49 -0.028477
-183.673 -0.0284552
-142.857 -0.02865
-102.041 -0.0290513
-61.2245 -0.0296359
-20.4082 -0.030361
20.4082 -0.031156
61.2245 -0.031909
102.041 -0.032452
142.857 -0.0325458
183.673 -0.0318747
224.49 -0.0300675
265.306 -0.0267643
306.122 -0.0217453
346.939 -0.0150948
387.755 -0.00731433
428.571 0.000734591
469.388 0.00808981
510.204 0.0140119
551.02 0.0181699
591.837 0.020618
632.653 0.021648
673.469 0.0216328
714.286 0.0209218
755.102 0.0197955
795.918 0.0184571
836.735 0.0170436
877.551 0.0156413
918.367 0.0143008
959.184 0.013049
1000 0.0118973
