-1000 1.59403
-959.184 -4.72096
-918.367 0.84984
-877.551 0.342391
-836.735 -2.94428
-795.918 2.77816
-755.102 -4.29256
-714.286 2.04706
-673.469 -0.208358
-632.653 -1.71106
-591.837 2.71302
-551.02 -4.48181
-510.204 2.54859
-469.388 -1.1939
-428.571 -0.700861
-387.755 2.2921
-346.939 -4.47965
-306.122 2.6918
-265.306 -2.44659
-224.49 -0.0864371
-183.673 1.19169
-142.857 -5.03791
-102.041 1.52202
-61.2245 1.36561
-20.4082 0.846523
20.4082 0.576309
61.2245 0.425656
102.041 0.331354
142.857 0.267047
183.673 0.220486
224.49 0.185299
265.306 0.157852
306.122 0.135923
346.939 0.118075
387.755 0.103331
428.571 0.0910048
469.388 0.0805969
510.204 0.0717344
551.02 0.0641327
591.837 0.0575709
632.653 0.0518745
673.469 0.046904
714.286 0.0425469
755.102 0.038711
795.918 0.0353206
836.735 0.032313
877.551 0.0296357
918.367 0.0272448
959.184 0.0251031
1000 0.023179
