-1000 0.000367802
-959.184 0.000395254
-918.367 0.000425405
-877.551 0.000458579
-836.735 0.000495146
-795.918 0.000535526
-755.102 0.000580198
-714.286 0.00062971
-673.469 0.000684686
-632.653 0.000745838
-591.837 0.000813974
-551.02 0.000890015
-510.204 0.000975002
-469.388 0.0010701
-428.571 0.00117662
-387.755 0.00129599
-346.939 0.00142974
-306.122 0.00157947
-265.306 0.00174676
-224.49 0.00193298
-183.673 0.00213907
-142.857 0.00236507
-102.041 0.00260939
-61.2245 0.00286776
-20.4082 0.00313145
20.4082 0.0033847
61.2245 0.00360093
102.041 0.00373739
142.857 0.00372837
183.673 0.00347754
224.49 0.00285223
265.306 0.00168584
306.122 -0.000199836
346.939 -0.00293666
387.755 -0.00650576
428.571 -0.0106067
469.388 -0.01458
510.204 -0.017509
551.02 -0.0185596
591.837 -0.0174017
632.653 -0.0143981
673.469 -0.0103978
714.286 -0.00631075
755.102 -0.00277897
795.918 -8.60329e-05
836.735 0.00175982
877.551 0.00289485
918.367 0.00349772
959.184 0.00373362
1000 0.00373336
