-1000 0.0223941
-959.184 0.0272589
-918.367 0.0335827
-877.551 0.0419394
-836.735 0.0531958
-795.918 0.0687109
-755.102 0.0907231
-714.286 0.123175
-673.469 0.173676
-632.653 0.258742
-591.837 0.418928
-551.02 0.751233
-510.204 1.13828
-469.388 -3.40483
-428.571 -2.9065
-387.755 1.14522
-346.939 0.728535
-306.122 0.40794
-265.306 0.253205
-224.49 0.170527
-183.673 0.12121
-142.857 0.0894174
-102.041 0.0678044
-61.2245 0.0525458
-20.4082 0.0414615
20.4082 0.033224
61.2245 0.0269849
102.041 0.0221816
142.857 0.01843
183.673 0.0154621
224.49 0.0130867
265.306 0.0111654
306.122 0.00959625
346.939 0.0083033
387.755 0.0072292
428.571 0.00633013
469.388 0.00557228
510.204 0.00492929
551.02 0.00438043
591.837 0.00390928
632.653 0.00350267
673.469 0.00315003
714.286 0.00284277
755.102 0.00257388
795.918 0.00233759
836.735 0.00212915
877.551 0.0019446
918.367 0.00178063
959.184 0.00163448
1000 0.0015038
