-1000 -0.0737194
-959.184 -0.101336
-918.367 -0.117047
-877.551 -0.116183
-836.735 -0.0989921
-795.918 -0.0706077
-755.102 -0.0393917
-714.286 -0.0127067
-673.469 0.00614321
-632.653 0.0174413
-591.837 0.0230524
-551.02 0.0249593
-510.204 0.0246949
-469.388 0.0232837
-428.571 0.0213543
-387.755 0.0192693
-346.939 0.017225
-306.122 0.0153186
-265.306 0.0135909
-224.49 0.0120513
-183.673 0.0106929
-142.857 0.00950134
-102.041 0.00845908
-61.2245 0.00754843
-20.4082 0.00675263
20.4082 0.00605648
61.2245 0.00544652
102.041 0.00491101
142.857 0.00443979
183.673 0.00402413
224.49 0.00365657
265.306 0.0033307
306.122 0.00304105
346.939 0.00278292
387.755 0.00255232
428.571 0.00234578
469.388 0.00216036
510.204 0.0019935
551.02 0.001843
591.837 0.00170694
632.653 0.00158369
673.469 0.00147179
714.286 0.00137001
755.102 0.00127723
795.918 0.00119252
836.735 0.00111502
877.551 0.00104399
918.367 0.000978786
959.184 0.00091883
1000 0.00086361
