-1000 0.161013
-959.184 0.242053
-918.367 0.391168
-877.551 0.691115
-836.735 1.29982
-795.918 1.47067
-755.102 -5.10272
-714.286 1.72525
-673.469 -0.298146
-632.653 -1.69083
-591.837 2.78299
-551.02 -4.37469
-510.204 2.66374
-469.388 -1.06852
-428.571 -0.580681
-387.755 2.38793
-346.939 -4.42846
-306.122 2.61393
-265.306 -2.80377
-224.49 -1.0051
-183.673 1.664
-142.857 0.947633
-102.041 0.513893
-61.2245 0.304574
-20.4082 0.195868
20.4082 0.134196
61.2245 0.0965112
102.041 0.0720754
142.857 0.0554614
183.673 0.043724
224.49 0.0351668
265.306 0.0287625
306.122 0.0238624
346.939 0.0200417
387.755 0.0170135
428.571 0.0145791
469.388 0.0125974
510.204 0.0109661
551.02 0.0096099
591.837 0.00847233
632.653 0.00751041
673.469 0.00669104
714.286 0.00598842
755.102 0.00538222
795.918 0.00485624
836.735 0.00439749
877.551 0.00399546
918.367 0.00364153
959.184 0.00332866
1000 0.00305101
