-1000 0.0118973
-959.184 0.013049
-918.367 0.0143008
-877.551 0.0156413
-836.735 0.0170436
-795.918 0.0184571
-755.102 0.0197955
-714.286 0.0209218
-673.469 0.0216328
-632.653 0.021648
-591.837 0.020618
-551.02 0.0181699
-510.204 0.0140119
-469.388 0.00808981
-428.571 0.000734591
-387.755 -0.00731433
-346.939 -0.0150948
-306.122 -0.0217453
-265.306 -0.0267643
-224.49 -0.0300675
-183.673 -0.0318747
-142.857 -0.0325458
-102.041 -0.032452
-61.2245 -0.031909
-20.4082 -0.031156
20.4082 -0.030361
61.2245 -0.0296359
102.041 -0.0290513
142.857 -0.02865
183.673 -0.0284552
224.49 -0.028477
265.306 -0.0287143
306.122 -0.0291546
346.939 -0.0297715
387.755 -0.0305173
428.571 -0.0313144
469.388 -0.032041
510.204 -0.0325157
551.02 -0.0324841
591.837 -0.0316165
632.653 -0.0295366
673.469 -0.0259005
714.286 -0.020536
755.102 -0.0136056
795.918 -0.00569451
836.735 0.0022898
877.551 0.00940578
918.367 0.0149877
959.184 0.0187893
1000 0.0209258
