-1000 0.0035468
-959.184 0.0038176
-918.367 0.00410522
-877.551 0.00440779
-836.735 0.00472181
-795.918 0.00504152
-755.102 0.00535787
-714.286 0.00565721
-673.469 0.00591949
-632.653 0.00611574
-591.837 0.00620491
-551.02 0.00612964
-510.204 0.00581133
-469.388 0.00514467
-428.571 0.00399324
-387.755 0.00218911
-346.939 -0.000456978
-306.122 -0.00412452
-265.306 -0.00891697
-224.49 -0.0147513
-183.673 -0.02122
-142.857 -0.0274987
-102.041 -0.0324265
-61.2245 -0.0348508
-20.4082 -0.0341283
20.4082 -0.0304559
61.2245 -0.024766
102.041 -0.0182734
142.857 -0.0120139
183.673 -0.00662054
224.49 -0.00233825
265.306 0.000850237
306.122 0.00309358
346.939 0.00458143
387.755 0.00549574
428.571 0.0059907
469.388 0.00618833
510.204 0.00618127
551.02 0.0060379
591.837 0.00580766
632.653 0.00552572
673.469 0.00521667
714.286 0.00489744
755.102 0.00457939
795.918 0.00426996
836.735 0.0039738
877.551 0.00369359
918.367 0.00343067
959.184 0.00318548
1000 0.00295782
