-1000 0.00640093
-959.184 0.00625421
-918.367 0.00583246
-877.551 0.00504208
-836.735 0.0037818
-795.918 0.00195661
-755.102 -0.000499836
-714.286 -0.00359626
-673.469 -0.00725524
-632.653 -0.0112969
-591.837 -0.0154465
-551.02 -0.0193706
-510.204 -0.0227295
-469.388 -0.0252303
-428.571 -0.0266606
-387.755 -0.0269035
-346.939 -0.0259396
-306.122 -0.0238468
-265.306 -0.0207999
-224.49 -0.0170627
-183.673 -0.0129616
-142.857 -0.00883948
-102.041 -0.00500008
-61.2245 -0.00166375
-20.4082 0.00105189
20.4082 0.00312416
61.2245 0.00460002
102.041 0.00556616
142.857 0.00612348
183.673 0.00636981
224.49 0.0063906
265.306 0.00625547
306.122 0.00601835
346.939 0.00571941
387.755 0.0053876
428.571 0.00504315
469.388 0.00469973
510.204 0.00436624
551.02 0.00404813
591.837 0.0037485
632.653 0.00346878
673.469 0.0032093
714.286 0.0029697
755.102 0.00274916
795.918 0.00254659
836.735 0.0023608
877.551 0.00219052
918.367 0.00203453
959.184 0.00189162
1000 0.00176065
