-1000 0.00281217
-959.184 0.00191206
-918.367 0.000738591
-877.551 -0.000723115
-836.735 -0.002467
-795.918 -0.00445978
-755.102 -0.00663775
-714.286 -0.00890851
-673.469 -0.0111583
-632.653 -0.0132635
-591.837 -0.0151045
-551.02 -0.0165768
-510.204 -0.0175989
-469.388 -0.0181167
-428.571 -0.0181033
-387.755 -0.0175595
-346.939 -0.0165133
-306.122 -0.0150205
-265.306 -0.0131636
-224.49 -0.0110482
-183.673 -0.00879446
-142.857 -0.00652578
-102.041 -0.00435509
-61.2245 -0.00237349
-20.4082 -0.000643176
20.4082 0.000804059
61.2245 0.00196337
102.041 0.00285047
142.857 0.00349438
183.673 0.00393072
224.49 0.00419664
265.306 0.00432732
306.122 0.00435404
346.939 0.00430337
387.755 0.00419709
428.571 0.00405254
469.388 0.00388322
510.204 0.00369938
551.02 0.00350869
591.837 0.00331671
632.653 0.00312743
673.469 0.00294358
714.286 0.00276696
755.102 0.00259869
795.918 0.00243938
836.735 0.00228927
877.551 0.00214833
918.367 0.00201637
959.184 0.00189306
1000 0.00177801
