-1000 0.00341618
-959.184 -9.32879e-06
-918.367 -0.00489798
-877.551 -0.0111683
-836.735 -0.0183006
-795.918 -0.0252841
-755.102 -0.0308021
-714.286 -0.0336395
-673.469 -0.033124
-632.653 -0.0293799
-591.837 -0.0232807
-551.02 -0.0161219
-510.204 -0.00916326
-469.388 -0.00327544
-428.571 0.00116697
-387.755 0.00418262
-346.939 0.00600533
-306.122 0.00693431
-265.306 0.00724699
-224.49 0.00716434
-183.673 0.00684701
-142.857 0.00640457
-102.041 0.00590812
-61.2245 0.00540165
-20.4082 0.00491097
20.4082 0.00445006
61.2245 0.00402547
102.041 0.00363923
142.857 0.00329073
183.673 0.0029779
224.49 0.00269797
265.306 0.00244789
306.122 0.00222462
346.939 0.00202528
387.755 0.00184718
428.571 0.0016879
469.388 0.00154527
510.204 0.00141734
551.02 0.00130243
591.837 0.00119902
632.653 0.0011058
673.469 0.00102161
714.286 0.000945434
755.102 0.000876387
795.918 0.000813688
836.735 0.00075665
877.551 0.000704671
918.367 0.00065722
959.184 0.00061383
1000 0.000574087
