-1000 0.00418333
-959.184 0.00444722
-918.367 0.00471956
-877.551 0.00499663
-836.735 0.00527285
-795.918 0.00554011
-755.102 0.00578683
-714.286 0.00599668
-673.469 0.00614688
-632.653 0.00620589
-591.837 0.00613039
-551.02 0.00586144
-510.204 0.00531983
-469.388 0.00440109
-428.571 0.00297146
-387.755 0.000867948
-346.939 -0.00209128
-306.122 -0.00607566
-265.306 -0.0111763
-224.49 -0.0172959
-183.673 -0.0240123
-142.857 -0.0304868
-102.041 -0.0355464
-61.2245 -0.03803
-20.4082 -0.0372902
20.4082 -0.033525
61.2245 -0.0276733
102.041 -0.0209598
142.857 -0.0144339
183.673 -0.00874312
224.49 -0.0041471
265.306 -0.000642033
306.122 0.00190935
346.939 0.00368781
387.755 0.00486904
428.571 0.00560333
469.388 0.00601094
510.204 0.00618436
551.02 0.00619308
591.837 0.00608846
632.653 0.0059081
673.469 0.00567927
714.286 0.0054216
755.102 0.00514911
795.918 0.00487167
836.735 0.00459616
877.551 0.00432725
918.367 0.00406801
959.184 0.00382037
1000 0.00358541
