-1000 0.000233463
-959.184 0.000169806
-918.367 9.01333e-05
-877.551 -7.2179e-06
-836.735 -0.000123505
-795.918 -0.000259318
-755.102 -0.000414271
-714.286 -0.000586678
-673.469 -0.000773257
-632.653 -0.000968915
-591.837 -0.00116671
-551.02 -0.00135806
-510.204 -0.00153323
-469.388 -0.00168209
-428.571 -0.00179521
-387.755 -0.00186488
-346.939 -0.00188614
-306.122 -0.00185743
-265.306 -0.00178085
-224.49 -0.00166183
-183.673 -0.00150838
-142.857 -0.00133015
-102.041 -0.00113723
-61.2245 -0.00093924
-20.4082 -0.000744546
20.4082 -0.000559814
61.2245 -0.000389857
102.041 -0.000237703
142.857 -0.000104822
183.673 8.56736e-06
224.49 0.000103174
265.306 0.000180332
306.122 0.000241744
346.939 0.000289283
387.755 0.000324843
428.571 0.000350242
469.388 0.000367156
510.204 0.000377091
551.02 0.000381367
591.837 0.000381124
632.653 0.000377327
673.469 0.000370789
714.286 0.000362182
755.102 0.000352057
795.918 0.000340864
836.735 0.000328966
877.551 0.000316649
918.367 0.000304144
959.184 0.000291627
1000 0.000279237
