-1000 0.00084165
-959.184 0.000911034
-918.367 0.000988237
-877.551 0.00107439
-836.735 0.00117081
-795.918 0.00127909
-755.102 0.00140109
-714.286 0.00153904
-673.469 0.00169563
-632.653 0.00187411
-591.837 0.00207842
-551.02 0.00231337
-510.204 0.00258489
-469.388 0.00290036
-428.571 0.00326895
-387.755 0.00370227
-346.939 0.00421505
-306.122 0.00482619
-265.306 0.00556024
-224.49 0.00644936
-183.673 0.00753626
-142.857 0.00887838
-102.041 0.0105541
-61.2245 0.012672
-20.4082 0.0153853
20.4082 0.018914
61.2245 0.0235812
102.041 0.0298721
142.857 0.0385351
183.673 0.0507597
224.49 0.0685046
265.306 0.0951394
306.122 0.136803
346.939 0.205632
387.755 0.328471
428.571 0.570746
469.388 1.03471
510.204 0.327465
551.02 -6.59001
591.837 0.511002
632.653 1.00834
673.469 0.553992
714.286 0.320289
755.102 0.201228
795.918 0.134213
836.735 0.0935182
877.551 0.0674423
918.367 0.0500379
959.184 0.0380297
1000 0.0295089
