-1000 0.00227185
-959.184 -0.00323542
-918.367 -0.0106077
-877.551 -0.0196251
-836.735 -0.0295285
-795.918 -0.0389876
-755.102 -0.0463425
-714.286 -0.0500918
-673.469 -0.0494121
-632.653 -0.0444552
-591.837 -0.0362933
-551.02 -0.0265338
-510.204 -0.0167806
-469.388 -0.00820414
-428.571 -0.00138868
-387.755 0.00357543
-346.939 0.00689759
-306.122 0.00890955
-265.306 0.00995102
-224.49 0.0103146
-183.673 0.0102292
-142.857 0.00986314
-102.041 0.00933485
-61.2245 0.00872473
-20.4082 0.00808554
20.4082 0.00745067
61.2245 0.00684025
102.041 0.00626555
142.857 0.00573204
183.673 0.00524147
224.49 0.00479332
265.306 0.0043857
306.122 0.004016
346.939 0.00368127
387.755 0.00337847
428.571 0.00310463
469.388 0.00285694
510.204 0.00263279
551.02 0.00242977
591.837 0.00224571
632.653 0.00207865
673.469 0.00192683
714.286 0.00178868
755.102 0.00166279
795.918 0.00154792
836.735 0.00144296
877.551 0.00134691
918.367 0.00125888
959.184 0.00117811
1000 0.00110387
