-1000 0.00298599
-959.184 0.00260446
-918.367 0.00203426
-877.551 0.00122892
-836.735 0.000139509
-795.918 -0.00127949
-755.102 -0.00305979
-714.286 -0.00520385
-673.469 -0.00766489
-632.653 -0.0103265
-591.837 -0.0129905
-551.02 -0.0153855
-510.204 -0.0172064
-469.388 -0.0181832
-428.571 -0.0181574
-387.755 -0.0171335
-346.939 -0.0152768
-306.122 -0.0128612
-265.306 -0.0101914
-224.49 -0.00753578
-183.673 -0.00508848
-142.857 -0.00296199
-102.041 -0.00120013
-61.2245 0.000201463
-20.4082 0.00127553
20.4082 0.00206795
61.2245 0.00262765
102.041 0.00300088
142.857 0.00322833
183.673 0.00334429
224.49 0.00337676
265.306 0.00334805
306.122 0.00327568
346.939 0.00317316
387.755 0.00305082
428.571 0.00291642
469.388 0.00277573
510.204 0.00263299
551.02 0.00249124
591.837 0.00235263
632.653 0.00221863
673.469 0.00209018
714.286 0.00196786
755.102 0.00185195
795.918 0.00174255
836.735 0.00163959
877.551 0.00154292
918.367 0.00145232
959.184 0.00136751
1000 0.00128819
