-1000 0.00181688
-959.184 0.00198182
-918.367 0.00216414
-877.551 0.0023654
-836.735 0.00258704
-795.918 0.00283025
-755.102 0.00309566
-714.286 0.00338296
-673.469 0.00369028
-632.653 0.00401329
-591.837 0.00434379
-551.02 0.00466779
-510.204 0.00496269
-469.388 0.0051934
-428.571 0.00530711
-387.755 0.00522696
-346.939 0.00484492
-306.122 0.00401628
-265.306 0.0025602
-224.49 0.000275216
-183.673 -0.00301641
-142.857 -0.00738128
-102.041 -0.0126439
-61.2245 -0.0182548
-20.4082 -0.0232655
20.4082 -0.0265365
61.2245 -0.027183
102.041 -0.0250175
142.857 -0.0206519
183.673 -0.0151742
224.49 -0.00966141
265.306 -0.004851
306.122 -0.00107357
346.939 0.00164647
387.755 0.00345059
428.571 0.00453735
469.388 0.00510016
510.204 0.0053007
551.02 0.00526301
591.837 0.00507713
632.653 0.00480585
673.469 0.0044915
714.286 0.00416176
755.102 0.00383408
795.918 0.00351897
836.735 0.0032223
877.551 0.00294692
918.367 0.00269376
959.184 0.00246253
1000 0.00225227
