-1000 0.00150913
-959.184 0.00161363
-918.367 0.001728
-877.551 0.00185344
-836.735 0.00199133
-795.918 0.00214324
-755.102 0.002311
-714.286 0.00249674
-673.469 0.00270293
-632.653 0.00293246
-591.837 0.00318872
-551.02 0.00347574
-510.204 0.00379826
-469.388 0.00416193
-428.571 0.00457356
-387.755 0.00504128
-346.939 0.00557501
-306.122 0.00618679
-265.306 0.00689142
-224.49 0.0077072
-183.673 0.0086569
-142.857 0.00976914
-102.041 0.0110802
-61.2245 0.0126365
-20.4082 0.0144981
20.4082 0.0167433
61.2245 0.0194763
102.041 0.0228362
142.857 0.0270132
183.673 0.03227
224.49 0.0389771
265.306 0.0476671
306.122 0.0591231
346.939 0.0745257
387.755 0.0957072
428.571 0.125609
469.388 0.169157
510.204 0.235061
551.02 0.339977
591.837 0.519416
632.653 0.856365
673.469 1.46356
714.286 0.477492
755.102 -5.23525
795.918 2.25989
836.735 -3.24339
877.551 0.16093
918.367 0.728774
959.184 -4.81825
1000 1.49762
