-1000 0.00196999
-959.184 0.00202638
-918.367 0.0020785
-877.551 0.0021248
-836.735 0.00216345
-795.918 0.00219231
-755.102 0.00220892
-714.286 0.00221043
-673.469 0.00219363
-632.653 0.00215497
-591.837 0.00209055
-551.02 0.0019962
-510.204 0.00186761
-469.388 0.00170041
-428.571 0.00149044
-387.755 0.00123393
-346.939 0.00092783
-306.122 0.000570133
-265.306 0.000160186
-224.49 -0.000300987
-183.673 -0.000810442
-142.857 -0.00136317
-102.041 -0.00195211
-61.2245 -0.0025683
-20.4082 -0.0032012
20.4082 -0.00383918
61.2245 -0.00447011
102.041 -0.00508193
142.857 -0.00566322
183.673 -0.00620371
224.49 -0.00669455
265.306 -0.00712852
306.122 -0.00749999
346.939 -0.00780482
387.755 -0.00804012
428.571 -0.00820401
469.388 -0.00829538
510.204 -0.00831368
551.02 -0.0082588
591.837 -0.00813107
632.653 -0.00793129
673.469 -0.00766094
714.286 -0.00732236
755.102 -0.00691903
795.918 -0.00645582
836.735 -0.00593915
877.551 -0.00537706
918.367 -0.00477915
959.184 -0.00415629
1000 -0.00352031
