-1000 0.00639298
-959.184 0.00713717
-918.367 0.00798839
-877.551 0.00896267
-836.735 0.0100774
-795.918 0.0113503
-755.102 0.0127978
-714.286 0.0144313
-673.469 0.016251
-632.653 0.0182343
-591.837 0.0203161
-551.02 0.0223562
-510.204 0.0240857
-469.388 0.0250236
-428.571 0.0243604
-387.755 0.0208263
-346.939 0.0126346
-306.122 -0.00225913
-265.306 -0.0251718
-224.49 -0.0548166
-183.673 -0.0857098
-142.857 -0.109418
-102.041 -0.118788
-61.2245 -0.111084
-20.4082 -0.0885475
20.4082 -0.0579768
61.2245 -0.0278887
102.041 -0.0041831
142.857 0.0114792
183.673 0.0202502
224.49 0.0241617
265.306 0.0250463
306.122 0.0242255
346.939 0.0225491
387.755 0.0205252
428.571 0.0184396
469.388 0.0164426
510.204 0.0146051
551.02 0.0129526
591.837 0.0114869
632.653 0.0101972
673.469 0.00906752
714.286 0.00808
755.102 0.00721722
795.918 0.00646301
836.735 0.00580285
877.551 0.00522398
918.367 0.00471532
959.184 0.0042673
1000 0.00387172
