-1000 0.000210874
-959.184 0.000224519
-918.367 0.000239362
-877.551 0.000255539
-836.735 0.0002732
-795.918 0.000292521
-755.102 0.0003137
-714.286 0.000336965
-673.469 0.000362577
-632.653 0.00039084
-591.837 0.000422102
-551.02 0.00045677
-510.204 0.000495319
-469.388 0.000538303
-428.571 0.000586374
-387.755 0.000640304
-346.939 0.000701003
-306.122 0.000769562
-265.306 0.00084728
-224.49 0.000935727
-183.673 0.0010368
-142.857 0.00115281
-102.041 0.00128657
-61.2245 0.00144159
-20.4082 0.00162219
20.4082 0.00183377
61.2245 0.00208315
102.041 0.00237899
142.857 0.00273237
183.673 0.0031576
224.49 0.00367333
265.306 0.00430412
306.122 0.00508254
346.939 0.00605221
387.755 0.00727201
428.571 0.00882182
469.388 0.0108101
510.204 0.0133833
551.02 0.0167338
591.837 0.0210987
632.653 0.0267201
673.469 0.0336857
714.286 0.0414234
755.102 0.0472912
795.918 0.0432365
836.735 0.0107123
877.551 -0.0744632
918.367 -0.192672
959.184 -0.231839
1000 -0.140922
