-1000 0.00160489
-959.184 0.00169497
-918.367 0.0017912
-877.551 0.00189404
-836.735 0.00200393
-795.918 0.00212134
-755.102 0.00224678
-714.286 0.00238072
-673.469 0.00252364
-632.653 0.002676
-591.837 0.0028382
-551.02 0.00301059
-510.204 0.00319337
-469.388 0.00338658
-428.571 0.00359005
-387.755 0.00380324
-346.939 0.00402519
-306.122 0.00425432
-265.306 0.00448829
-224.49 0.00472368
-183.673 0.00495575
-142.857 0.00517802
-102.041 0.00538183
-61.2245 0.00555576
-20.4082 0.00568504
20.4082 0.00575087
61.2245 0.00572968
102.041 0.00559262
142.857 0.00530516
183.673 0.00482729
224.49 0.00411447
265.306 0.0031199
306.122 0.00179841
346.939 0.0001124
387.755 -0.00196025
428.571 -0.00441678
469.388 -0.00722019
510.204 -0.0102922
551.02 -0.0135109
591.837 -0.0167162
632.653 -0.0197219
673.469 -0.0223348
714.286 -0.0243756
755.102 -0.0256991
795.918 -0.0262091
836.735 -0.0258683
877.551 -0.0247016
918.367 -0.022794
959.184 -0.020282
1000 -0.0173395
