-1000 0.0151366
-959.184 0.0159843
-918.367 0.0168727
-877.551 0.0177992
-836.735 0.0187593
-795.918 0.0197463
-755.102 0.0207504
-714.286 0.0217576
-673.469 0.0227486
-632.653 0.0236975
-591.837 0.0245699
-551.02 0.0253207
-510.204 0.0258918
-469.388 0.0262098
-428.571 0.026183
-387.755 0.0257002
-346.939 0.0246305
-306.122 0.022826
-265.306 0.0201306
-224.49 0.0163953
-183.673 0.0115026
-142.857 0.00539981
-102.041 -0.00186582
-61.2245 -0.01012
-20.4082 -0.0190579
20.4082 -0.028274
61.2245 -0.0373246
102.041 -0.0458026
142.857 -0.053399
183.673 -0.0599332
224.49 -0.0653487
265.306 -0.0696856
306.122 -0.0730435
346.939 -0.0755483
387.755 -0.0773254
428.571 -0.0784824
469.388 -0.0790987
510.204 -0.0792196
551.02 -0.0788545
591.837 -0.0779757
632.653 -0.0765205
673.469 -0.0743945
714.286 -0.0714793
755.102 -0.0676467
795.918 -0.0627801
836.735 -0.056805
877.551 -0.0497254
918.367 -0.0416573
959.184 -0.0328471
1000 -0.0236588
