-1000 0.00578084
-959.184 0.00630213
-918.367 0.00688353
-877.551 0.00753339
-836.735 0.00826143
-795.918 0.00907899
-755.102 0.0099993
-714.286 0.0110379
-673.469 0.0122131
-632.653 0.0135465
-591.837 0.0150634
-551.02 0.0167934
-510.204 0.0187708
-469.388 0.0210344
-428.571 0.0236246
-387.755 0.0265778
-346.939 0.029909
-306.122 0.0335719
-265.306 0.0373596
-224.49 0.0406654
-183.673 0.0418925
-142.857 0.0370335
-102.041 0.0166206
-61.2245 -0.0382068
-20.4082 -0.147845
20.4082 -0.281449
61.2245 -0.317117
102.041 -0.210852
142.857 -0.0804276
183.673 -0.00231239
224.49 0.030653
265.306 0.0408504
306.122 0.0416339
346.939 0.0389689
387.755 0.0352837
428.571 0.0315232
469.388 0.0280307
510.204 0.0249069
551.02 0.0221572
591.837 0.0197516
632.653 0.0176504
673.469 0.0158135
714.286 0.0142047
755.102 0.0127922
795.918 0.0115487
836.735 0.010451
877.551 0.00947954
918.367 0.00861751
959.184 0.0078507
1000 0.00716694
