-1000 -0.00298061
-959.184 -0.00386002
-918.367 -0.00475866
-877.551 -0.00565239
-836.735 -0.00651561
-795.918 -0.00732282
-755.102 -0.00804997
-714.286 -0.00867565
-673.469 -0.00918188
-632.653 -0.00955459
-591.837 -0.00978374
-551.02 -0.00986333
-510.204 -0.0097913
-469.388 -0.00956952
-428.571 -0.00920379
-387.755 -0.00870393
-346.939 -0.00808383
-306.122 -0.00736127
-265.306 -0.00655751
-224.49 -0.00569649
-183.673 -0.00480368
-142.857 -0.00390469
-102.041 -0.00302378
-61.2245 -0.00218245
-20.4082 -0.00139838
20.4082 -0.000684767
61.2245 -5.01304e-05
102.041 0.000501462
142.857 0.000969834
183.673 0.00135795
224.49 0.0016711
265.306 0.00191609
306.122 0.00210053
346.939 0.00223233
387.755 0.0023192
428.571 0.0023684
469.388 0.00238655
510.204 0.00237956
551.02 0.00235256
591.837 0.00230997
632.653 0.00225552
673.469 0.00219231
714.286 0.0021229
755.102 0.0020494
795.918 0.00197346
836.735 0.00189645
877.551 0.00181941
918.367 0.00174315
959.184 0.0016683
1000 0.00159533
