-1000 0.00754896
-959.184 0.00176368
-918.367 -0.00628578
-877.551 -0.0165503
-836.735 -0.028469
-795.918 -0.0409034
-755.102 -0.0523058
-714.286 -0.0610871
-673.469 -0.0659968
-632.653 -0.0663487
-591.837 -0.0620941
-551.02 -0.053826
-510.204 -0.04272
-469.388 -0.0303359
-428.571 -0.0182541
-387.755 -0.00769141
-346.939 0.000704069
-306.122 0.00681707
-265.306 0.010886
-224.49 0.0133086
-183.673 0.0145038
-142.857 0.0148391
-102.041 0.0146053
-61.2245 0.0140181
-20.4082 0.0132298
20.4082 0.012344
61.2245 0.0114287
102.041 0.0105267
142.857 0.00966347
183.673 0.00885323
224.49 0.00810247
265.306 0.00741292
306.122 0.00678338
346.939 0.00621091
387.755 0.00569169
428.571 0.00522148
469.388 0.00479596
510.204 0.00441096
551.02 0.00406252
591.837 0.00374698
632.653 0.003461
673.469 0.00320153
714.286 0.00296585
755.102 0.00275151
795.918 0.00255631
836.735 0.0023783
877.551 0.00221574
918.367 0.00206708
959.184 0.00193094
1000 0.00180607
