-1000 -0.0021924
-959.184 -0.00222287
-918.367 -0.00221127
-877.551 -0.00215821
-836.735 -0.00206647
-795.918 -0.00194068
-755.102 -0.0017869
-714.286 -0.00161205
-673.469 -0.00142337
-632.653 -0.00122786
-591.837 -0.00103186
-551.02 -0.000840815
-510.204 -0.00065906
-469.388 -0.000489815
-428.571 -0.000335235
-387.755 -0.000196527
-346.939 -7.41049e-05
-306.122 3.22433e-05
-265.306 0.000123197
-224.49 0.000199757
-183.673 0.000263125
-142.857 0.000314603
-102.041 0.000355522
-61.2245 0.000387182
-20.4082 0.000410815
20.4082 0.000427568
61.2245 0.000438479
102.041 0.000444482
142.857 0.000446402
183.673 0.000444962
224.49 0.000440788
265.306 0.00043442
306.122 0.000426317
346.939 0.000416871
387.755 0.000406409
428.571 0.000395208
469.388 0.000383495
510.204 0.000371461
551.02 0.000359261
591.837 0.00034702
632.653 0.00033484
673.469 0.000322803
714.286 0.000310973
755.102 0.000299398
795.918 0.000288117
836.735 0.000277157
877.551 0.000266538
918.367 0.000256271
959.184 0.000246366
1000 0.000236823
