-1000 0.00766865
-959.184 0.00806607
-918.367 0.00845916
-877.551 0.00883774
-836.735 0.00918835
-795.918 0.00949341
-755.102 0.00973048
-714.286 0.00987145
-673.469 0.00988189
-632.653 0.00972075
-591.837 0.00934065
-551.02 0.00868925
-510.204 0.00771195
-469.388 0.00635643
-428.571 0.0045793
-387.755 0.00235423
-346.939 -0.000319048
-306.122 -0.00340711
-265.306 -0.00683879
-224.49 -0.0105071
-183.673 -0.014278
-142.857 -0.0180052
-102.041 -0.0215474
-61.2245 -0.0247831
-20.4082 -0.027621
20.4082 -0.0300025
61.2245 -0.0318981
102.041 -0.0332997
142.857 -0.0342115
183.673 -0.034641
224.49 -0.0345933
265.306 -0.0340679
306.122 -0.0330588
346.939 -0.0315584
387.755 -0.0295645
428.571 -0.0270885
469.388 -0.0241653
510.204 -0.02086
551.02 -0.0172703
591.837 -0.0135226
632.653 -0.00976063
673.469 -0.00612964
714.286 -0.00275919
755.102 0.000250394
795.918 0.00283554
836.735 0.00497004
877.551 0.00666007
918.367 0.00793607
959.184 0.00884386
1000 0.00943665
