-1000 0.0347534
-959.184 0.0421782
-918.367 0.0518625
-877.551 0.0647262
-836.735 0.0821717
-795.918 0.106404
-755.102 0.141017
-714.286 0.192151
-673.469 0.270971
-632.653 0.399697
-591.837 0.627988
-551.02 1.06801
-510.204 1.63208
-469.388 -2.59352
-428.571 -1.52685
-387.755 1.74872
-346.939 -4.92009
-306.122 2.22
-265.306 -3.12688
-224.49 -1.21719
-183.673 1.59972
-142.857 0.982375
-102.041 0.583936
-61.2245 0.375751
-20.4082 0.256701
20.4082 0.183071
61.2245 0.134962
102.041 0.102216
142.857 0.0791881
183.673 0.0625459
224.49 0.050234
265.306 0.0409383
306.122 0.0337933
346.939 0.0282139
387.755 0.0237951
428.571 0.020251
469.388 0.0173761
510.204 0.0150198
551.02 0.0130706
591.837 0.0114442
632.653 0.0100767
673.469 0.00891845
714.286 0.00793106
755.102 0.00708414
795.918 0.0063536
836.735 0.00572011
877.551 0.0051681
918.367 0.00468487
959.184 0.00426005
1000 0.00388507
