-1000 0.000834156
-959.184 0.000861598
-918.367 0.000888925
-877.551 0.000915885
-836.735 0.000942172
-795.918 0.000967416
-755.102 0.000991177
-714.286 0.00101294
-673.469 0.00103208
-632.653 0.00104788
-591.837 0.00105952
-551.02 0.00106603
-510.204 0.00106631
-469.388 0.0010591
-428.571 0.00104301
-387.755 0.00101646
-346.939 0.000977739
-306.122 0.000924984
-265.306 0.000856214
-224.49 0.000769365
-183.673 0.000662344
-142.857 0.000533105
-102.041 0.000379736
-61.2245 0.00020058
-20.4082 -5.62854e-06
20.4082 -0.000239617
61.2245 -0.000501408
102.041 -0.000790159
142.857 -0.00110402
183.673 -0.00144001
224.49 -0.00179395
265.306 -0.00216048
306.122 -0.00253308
346.939 -0.00290427
387.755 -0.00326581
428.571 -0.00360901
469.388 -0.00392509
510.204 -0.00420554
551.02 -0.00444252
591.837 -0.0046292
632.653 -0.00476009
673.469 -0.00483127
714.286 -0.00484062
755.102 -0.00478784
795.918 -0.00467453
836.735 -0.00450408
877.551 -0.00428153
918.367 -0.00401334
959.184 -0.00370708
1000 -0.00337109
