-1000 0.00587363
-959.184 0.00596215
-918.367 0.00585992
-877.551 0.0054708
-836.735 0.00466659
-795.918 0.00328462
-755.102 0.00113401
-714.286 -0.00197935
-673.469 -0.0061952
-632.653 -0.0114971
-591.837 -0.0175751
-551.02 -0.0237131
-510.204 -0.0288207
-469.388 -0.0317222
-428.571 -0.0316442
-387.755 -0.0286087
-346.939 -0.0234205
-306.122 -0.0172621
-265.306 -0.0112094
-224.49 -0.00595753
-183.673 -0.00179823
-142.857 0.00126288
-102.041 0.00337031
-61.2245 0.00471903
-20.4082 0.00549891
20.4082 0.00587092
61.2245 0.00596157
102.041 0.00586554
142.857 0.00565139
183.673 0.00536747
224.49 0.00504715
265.306 0.00471288
306.122 0.00437941
346.939 0.00405605
387.755 0.0037484
428.571 0.0034595
469.388 0.00319068
510.204 0.00294216
551.02 0.00271347
591.837 0.00250369
632.653 0.00231168
673.469 0.00213616
714.286 0.00197585
755.102 0.00182946
795.918 0.00169579
836.735 0.00157369
877.551 0.0014621
918.367 0.00136004
959.184 0.00126661
1000 0.00118101
