-1000 0.0160046
-959.184 0.0191691
-918.367 0.0231787
-877.551 0.0283058
-836.735 0.03491
-795.918 0.0434437
-755.102 0.0544046
-714.286 0.0681152
-673.469 0.0840066
-632.653 0.0986232
-591.837 0.101104
-551.02 0.0675093
-510.204 -0.0281911
-469.388 -0.155929
-428.571 -0.225443
-387.755 -0.245408
-346.939 -0.256582
-306.122 -0.242747
-265.306 -0.220038
-224.49 -0.13857
-183.673 -0.00992871
-142.857 0.0761067
-102.041 0.102284
-61.2245 0.0968132
-20.4082 0.0815653
20.4082 0.0658872
61.2245 0.0525883
102.041 0.0420209
142.857 0.0338084
183.673 0.0274524
224.49 0.0225136
265.306 0.0186462
306.122 0.0155895
346.939 0.0131499
387.755 0.0111838
428.571 0.00958439
469.388 0.00827172
510.204 0.00718535
551.02 0.00627921
591.837 0.00551787
632.653 0.00487381
673.469 0.00432549
714.286 0.00385591
755.102 0.00345153
795.918 0.00310148
836.735 0.00279698
877.551 0.00253091
918.367 0.0022974
959.184 0.00209166
1000 0.00190968
