-1000 0.00186747
-959.184 0.00202745
-918.367 0.0022062
-877.551 0.00240655
-836.735 0.00263185
-795.918 0.00288611
-755.102 0.00317411
-714.286 0.00350163
-673.469 0.00387566
-632.653 0.00430474
-591.837 0.00479933
-551.02 0.00537238
-510.204 0.00604003
-469.388 0.00682252
-428.571 0.00774552
-387.755 0.00884186
-346.939 0.0101539
-306.122 0.0117372
-265.306 0.0136648
-224.49 0.0160349
-183.673 0.0189808
-142.857 0.0226864
-102.041 0.02741
-61.2245 0.033521
-20.4082 0.0415594
20.4082 0.0523328
61.2245 0.0670825
102.041 0.0877755
142.857 0.117645
183.673 0.162259
224.49 0.231819
265.306 0.346775
306.122 0.553152
346.939 0.956874
387.755 1.51207
428.571 -2.28648
469.388 -2.32056
510.204 1.50485
551.02 -5.81528
591.837 0.93896
632.653 1.2659
673.469 0.720652
714.286 0.433824
755.102 0.281644
795.918 0.192989
836.735 0.137621
877.551 0.101288
918.367 0.0765226
959.184 0.0591094
1000 0.0465394
