-1000 0.000557728
-959.184 0.000591003
-918.367 0.000626551
-877.551 0.000664501
-836.735 0.000704977
-795.918 0.00074809
-755.102 0.000793932
-714.286 0.000842564
-673.469 0.000894003
-632.653 0.000948203
-591.837 0.00100503
-551.02 0.00106424
-510.204 0.0011254
-469.388 0.00118791
-428.571 0.00125086
-387.755 0.00131298
-346.939 0.00137253
-306.122 0.00142717
-265.306 0.00147379
-224.49 0.00150832
-183.673 0.00152553
-142.857 0.00151879
-102.041 0.00147981
-61.2245 0.00139844
-20.4082 0.00126263
20.4082 0.00105844
61.2245 0.000770518
102.041 0.000383003
142.857 -0.000118779
183.673 -0.000745756
224.49 -0.00150152
265.306 -0.00237795
306.122 -0.00335064
346.939 -0.0043754
387.755 -0.00538765
428.571 -0.0063064
469.388 -0.00704403
510.204 -0.00752073
551.02 -0.00768059
591.837 -0.00750409
632.653 -0.00701275
673.469 -0.00626404
714.286 -0.00533854
755.102 -0.00432385
795.918 -0.00330031
836.735 -0.00233157
877.551 -0.00146074
918.367 -0.000711338
959.184 -9.07846e-05
1000 0.000404981
