-1000 0.000808076
-959.184 0.000855867
-918.367 0.000907307
-877.551 0.000962729
-836.735 0.0010225
-795.918 0.00108701
-755.102 0.00115672
-714.286 0.00123211
-673.469 0.0013137
-632.653 0.00140209
-591.837 0.00149791
-551.02 0.00160187
-510.204 0.00171473
-469.388 0.00183729
-428.571 0.00197046
-387.755 0.00211516
-346.939 0.00227238
-306.122 0.00244315
-265.306 0.00262849
-224.49 0.00282941
-183.673 0.00304681
-142.857 0.00328143
-102.041 0.00353372
-61.2245 0.00380365
-20.4082 0.00409046
20.4082 0.00439235
61.2245 0.00470592
102.041 0.00502552
142.857 0.00534232
183.673 0.00564293
224.49 0.00590766
265.306 0.00610807
306.122 0.0062038
346.939 0.00613843
387.755 0.00583452
428.571 0.00518825
469.388 0.0040648
510.204 0.00229771
551.02 -0.000301743
591.837 -0.00391475
632.653 -0.00865083
673.469 -0.0144395
714.286 -0.0208925
755.102 -0.0272064
795.918 -0.0322312
836.735 -0.0348022
877.551 -0.0342397
918.367 -0.0306972
959.184 -0.0250795
1000 -0.0185996
