-1000 0.000784676
-959.184 0.000815895
-918.367 0.000848122
-877.551 0.000881303
-836.735 0.000915358
-795.918 0.000950182
-755.102 0.000985632
-714.286 0.00102153
-673.469 0.00105763
-632.653 0.00109366
-591.837 0.00112924
-551.02 0.00116394
-510.204 0.00119721
-469.388 0.0012284
-428.571 0.00125672
-387.755 0.00128122
-346.939 0.00130079
-306.122 0.00131413
-265.306 0.00131969
-224.49 0.00131569
-183.673 0.00130008
-142.857 0.00127052
-102.041 0.00122438
-61.2245 0.00115873
-20.4082 0.00107035
20.4082 0.000955813
61.2245 0.000811488
102.041 0.000633699
142.857 0.000418861
183.673 0.000163689
224.49 -0.000134539
265.306 -0.000477654
306.122 -0.000866224
346.939 -0.00129915
387.755 -0.00177325
428.571 -0.00228288
469.388 -0.0028197
510.204 -0.0033725
551.02 -0.00392732
591.837 -0.00446785
632.653 -0.00497607
673.469 -0.00543322
714.286 -0.00582099
755.102 -0.00612279
795.918 -0.00632508
836.735 -0.00641847
877.551 -0.00639856
918.367 -0.00626628
959.184 -0.00602786
1000 -0.00569425
