-1000 0.00145637
-959.184 0.00147809
-918.367 0.00149398
-877.551 0.00150275
-836.735 0.00150293
-795.918 0.00149286
-755.102 0.00147071
-714.286 0.00143447
-673.469 0.00138196
-632.653 0.00131088
-591.837 0.00121882
-551.02 0.00110338
-510.204 0.000962195
-469.388 0.00079305
-428.571 0.000594033
-387.755 0.000363648
-346.939 0.000100985
-306.122 -0.000194131
-265.306 -0.000520991
-224.49 -0.000877874
-183.673 -0.00126197
-142.857 -0.00166934
-102.041 -0.00209495
-61.2245 -0.00253278
-20.4082 -0.002976
20.4082 -0.00341718
61.2245 -0.00384857
102.041 -0.00426238
142.857 -0.00465105
183.673 -0.0050075
224.49 -0.00532534
265.306 -0.00559898
306.122 -0.00582376
346.939 -0.00599593
387.755 -0.00611274
428.571 -0.00617233
469.388 -0.00617379
510.204 -0.00611709
551.02 -0.00600311
591.837 -0.00583364
632.653 -0.00561142
673.469 -0.00534012
714.286 -0.00502436
755.102 -0.00466969
795.918 -0.00428247
836.735 -0.00386974
877.551 -0.00343905
918.367 -0.00299817
959.184 -0.00255487
1000 -0.0021166
