-1000 0.00102663
-959.184 0.00109478
-918.367 0.00116701
-877.551 0.00124316
-836.735 0.00132287
-795.918 0.00140553
-755.102 0.00149017
-714.286 0.00157532
-673.469 0.00165889
-632.653 0.00173795
-591.837 0.00180849
-551.02 0.00186509
-510.204 0.0019006
-469.388 0.00190576
-428.571 0.00186878
-387.755 0.00177506
-346.939 0.00160705
-306.122 0.0013445
-265.306 0.000965269
-224.49 0.000447203
-183.673 -0.000228887
-142.857 -0.0010747
-102.041 -0.00208867
-61.2245 -0.00324959
-20.4082 -0.00451123
20.4082 -0.00580015
61.2245 -0.00701903
102.041 -0.00805702
142.857 -0.00880639
183.673 -0.00918223
224.49 -0.00913978
265.306 -0.00868417
306.122 -0.00786926
346.939 -0.00678611
387.755 -0.00554458
428.571 -0.00425399
469.388 -0.00300748
510.204 -0.00187311
551.02 -0.000891793
591.837 -8.03138e-05
632.653 0.000562919
673.469 0.00105153
714.286 0.00140562
755.102 0.00164754
795.918 0.00179914
836.735 0.0018802
877.551 0.00190768
918.367 0.0018956
959.184 0.0018552
1000 0.0017953
