-1000 0.00526118
-959.184 0.00581676
-918.367 0.00645261
-877.551 0.00718362
-836.735 0.00802807
-795.918 0.00900857
-755.102 0.0101533
-714.286 0.0114977
-673.469 0.0130864
-632.653 0.0149768
-591.837 0.0172426
-551.02 0.0199801
-510.204 0.0233159
-469.388 0.0274191
-428.571 0.0325182
-387.755 0.0389269
-346.939 0.0470827
-306.122 0.057608
-265.306 0.0714094
-224.49 0.0898444
-183.673 0.115023
-142.857 0.150391
-102.041 0.201964
-61.2245 0.281285
-20.4082 0.413333
20.4082 0.658735
61.2245 1.14217
102.041 1.24392
142.857 -5.40455
183.673 0.672385
224.49 -0.892487
265.306 -3.80343
306.122 1.4472
346.939 1.02186
387.755 0.595377
428.571 0.380617
469.388 0.262308
510.204 0.189918
551.02 0.142266
591.837 0.109309
632.653 0.0856997
673.469 0.0683302
714.286 0.0552751
755.102 0.0452852
795.918 0.0375216
836.735 0.0314052
877.551 0.0265271
918.367 0.0225935
959.184 0.0193893
1000 0.0167552
