-1000 0.00275068
-959.184 0.0026278
-918.367 0.00240234
-877.551 0.00204682
-836.735 0.00153159
-795.918 0.000827315
-755.102 -9.09021e-05
-714.286 -0.00123779
-673.469 -0.00261082
-632.653 -0.0041829
-591.837 -0.00589675
-551.02 -0.00766322
-510.204 -0.00936579
-469.388 -0.010872
-428.571 -0.0120503
-387.755 -0.0127898
-346.939 -0.0130174
-306.122 -0.0127103
-265.306 -0.0118992
-224.49 -0.0106639
-183.673 -0.00911961
-142.857 -0.00739922
-102.041 -0.00563379
-61.2245 -0.00393629
-20.4082 -0.00239119
20.4082 -0.00105103
61.2245 6.12068e-05
102.041 0.00094607
142.857 0.00162023
183.673 0.0021096
224.49 0.00244374
265.306 0.00265214
306.122 0.0027618
346.939 0.00279616
387.755 0.00277475
428.571 0.00271334
469.388 0.00262438
510.204 0.00251745
551.02 0.00239979
591.837 0.00227678
632.653 0.00215235
673.469 0.00202927
714.286 0.00190947
755.102 0.00179423
795.918 0.00168434
836.735 0.00158024
877.551 0.00148212
918.367 0.00138999
959.184 0.00130373
1000 0.00122315
