-1000 0.00145973
-959.184 0.00153912
-918.367 0.00162324
-877.551 0.00171226
-836.735 0.00180635
-795.918 0.00190564
-755.102 0.00201017
-714.286 0.00211995
-673.469 0.00223484
-632.653 0.00235457
-591.837 0.00247868
-551.02 0.00260646
-510.204 0.00273686
-469.388 0.00286842
-428.571 0.00299912
-387.755 0.00312623
-346.939 0.00324611
-306.122 0.003354
-265.306 0.00344364
-224.49 0.00350692
-183.673 0.00353344
-142.857 0.00350988
-102.041 0.00341941
-61.2245 0.00324093
-20.4082 0.00294833
20.4082 0.0025099
61.2245 0.00188807
102.041 0.00103991
142.857 -8.08534e-05
183.673 -0.00151943
224.49 -0.00331193
265.306 -0.00547247
306.122 -0.00797538
346.939 -0.0107344
387.755 -0.0135857
428.571 -0.0162844
469.388 -0.0185292
510.204 -0.0200176
551.02 -0.0205234
591.837 -0.0199651
632.653 -0.0184326
673.469 -0.0161577
714.286 -0.0134444
755.102 -0.0105926
795.918 -0.00784314
836.735 -0.00535589
877.551 -0.00321355
918.367 -0.00143933
959.184 -1.76231e-05
1000 0.0010884
