-1000 0.00339502
-959.184 0.00263006
-918.367 0.00167467
-877.551 0.000508461
-836.735 -0.000885036
-795.918 -0.00251561
-755.102 -0.00438318
-714.286 -0.00647436
-673.469 -0.0087593
-632.653 -0.0111894
-591.837 -0.0136965
-551.02 -0.0161943
-510.204 -0.0185827
-469.388 -0.0207538
-428.571 -0.0226004
-387.755 -0.0240255
-346.939 -0.0249505
-306.122 -0.0253231
-265.306 -0.0251218
-224.49 -0.0243584
-183.673 -0.0230762
-142.857 -0.0213465
-102.041 -0.0192618
-61.2245 -0.0169272
-20.4082 -0.0144511
20.4082 -0.011937
61.2245 -0.00947581
102.041 -0.00714133
142.857 -0.00498807
183.673 -0.00305132
224.49 -0.0013491
265.306 0.000114878
306.122 0.00134779
346.939 0.00236442
387.755 0.00318422
428.571 0.00382902
469.388 0.00432122
510.204 0.00468257
551.02 0.00493342
591.837 0.0050922
632.653 0.00517531
673.469 0.00519701
714.286 0.00516958
755.102 0.00510344
795.918 0.00500733
836.735 0.00488855
877.551 0.00475309
918.367 0.00460587
959.184 0.00445087
1000 0.00429132
