-1000 -0.021213
-959.184 -0.0303632
-918.367 -0.0383994
-877.551 -0.0444978
-836.735 -0.04818
-795.918 -0.049245
-755.102 -0.0476494
-714.286 -0.0434609
-673.469 -0.0369258
-632.653 -0.0285903
-591.837 -0.0193412
-551.02 -0.0102536
-510.204 -0.00228993
-469.388 0.00396123
-428.571 0.00835235
-387.755 0.0110685
-346.939 0.0124575
-306.122 0.0128931
-265.306 0.0126989
-224.49 0.0121232
-183.673 0.0113416
-142.857 0.0104708
-102.041 0.00958425
-61.2245 0.00872558
-20.4082 0.00791862
20.4082 0.00717462
61.2245 0.00649711
102.041 0.00588506
142.857 0.00533495
183.673 0.00484201
224.49 0.00440101
265.306 0.00400672
306.122 0.00365415
346.939 0.00333866
387.755 0.00305606
428.571 0.0028026
469.388 0.00257492
510.204 0.00237006
551.02 0.00218542
591.837 0.00201871
632.653 0.00186791
673.469 0.00173126
714.286 0.00160721
755.102 0.00149439
795.918 0.0013916
836.735 0.00129778
877.551 0.00121202
918.367 0.00113348
959.184 0.00106145
1000 0.000995267
