-1000 0.00295782
-959.184 0.00318548
-918.367 0.00343067
-877.551 0.00369359
-836.735 0.0039738
-795.918 0.00426996
-755.102 0.00457939
-714.286 0.00489744
-673.469 0.00521667
-632.653 0.00552572
-591.837 0.00580766
-551.02 0.0060379
-510.204 0.00618127
-469.388 0.00618833
-428.571 0.0059907
-387.755 0.00549574
-346.939 0.00458143
-306.122 0.00309358
-265.306 0.000850237
-224.49 -0.00233825
-183.673 -0.00662054
-142.857 -0.0120139
-102.041 -0.0182734
-61.2245 -0.024766
-20.4082 -0.0304559
20.4082 -0.0341283
61.2245 -0.0348508
102.041 -0.0324265
142.857 -0.0274987
183.673 -0.02122
224.49 -0.0147513
265.306 -0.00891697
306.122 -0.00412452
346.939 -0.000456978
387.755 0.00218911
428.571 0.00399324
469.388 0.00514467
510.204 0.00581133
551.02 0.00612964
591.837 0.00620491
632.653 0.00611574
673.469 0.00591949
714.286 0.00565721
755.102 0.00535787
795.918 0.00504152
836.735 0.00472181
877.551 0.00440779
918.367 0.00410522
959.184 0.0038176
1000 0.0035468
