-1000 0.00328104
-959.184 0.00246074
-918.367 0.00102721
-877.551 -0.00118872
-836.735 -0.0042736
-795.918 -0.00811118
-755.102 -0.0122595
-714.286 -0.0159303
-673.469 -0.0181883
-632.653 -0.0183562
-591.837 -0.0163808
-551.02 -0.0128634
-510.204 -0.00872934
-469.388 -0.00480789
-428.571 -0.00159594
-387.755 0.000748247
-346.939 0.00228927
-306.122 0.00318996
-265.306 0.00362795
-224.49 0.00375579
-183.673 0.00368943
-142.857 0.00351049
-102.041 0.00327342
-61.2245 0.00301293
-20.4082 0.00275018
20.4082 0.00249737
61.2245 0.00226096
102.041 0.00204385
142.857 0.00184676
183.673 0.00166921
224.49 0.00151001
265.306 0.00136767
306.122 0.00124059
346.939 0.00112719
387.755 0.00102598
428.571 0.000935579
469.388 0.000854755
510.204 0.000782392
551.02 0.000717506
591.837 0.000659228
632.653 0.000606793
673.469 0.000559531
714.286 0.000516854
755.102 0.000478245
795.918 0.000443254
836.735 0.000411483
877.551 0.000382585
918.367 0.000356252
959.184 0.000332217
1000 0.000310242
