-1000 0.00412709
-959.184 0.00444771
-918.367 0.00480039
-877.551 0.00518903
-836.735 0.0056181
-795.918 0.00609271
-755.102 0.00661879
-714.286 0.00720313
-673.469 0.00785368
-632.653 0.00857964
-591.837 0.00939182
-551.02 0.0103029
-510.204 0.0113278
-469.388 0.0124842
-428.571 0.0137932
-387.755 0.0152797
-346.939 0.0169729
-306.122 0.0189072
-265.306 0.0211211
-224.49 0.0236553
-183.673 0.0265456
-142.857 0.0298047
-102.041 0.0333777
-61.2245 0.0370351
-20.4082 0.0401099
20.4082 0.0408522
61.2245 0.034884
102.041 0.0119566
142.857 -0.0477381
183.673 -0.16281
224.49 -0.292967
265.306 -0.312972
306.122 -0.197991
346.939 -0.0712039
387.755 0.0014559
428.571 0.0313373
469.388 0.0402556
510.204 0.0406225
551.02 0.0379008
591.837 0.0342997
632.653 0.0306732
673.469 0.0273263
714.286 0.0243434
755.102 0.021723
795.918 0.0194328
836.735 0.0174324
877.551 0.0156823
918.367 0.0141471
959.184 0.0127963
1000 0.0116038
