-1000 0.021272
-959.184 0.0214387
-918.367 0.0208745
-877.551 0.019249
-836.735 0.0161532
-795.918 0.0111264
-755.102 0.00372859
-714.286 -0.00632272
-673.469 -0.0189622
-632.653 -0.0336002
-591.837 -0.049086
-551.02 -0.0639074
-510.204 -0.0765613
-469.388 -0.0858801
-428.571 -0.0911488
-387.755 -0.0920384
-346.939 -0.0884993
-306.122 -0.080739
-265.306 -0.0693043
-224.49 -0.0551829
-183.673 -0.0397729
-142.857 -0.0246304
-102.041 -0.0110878
-61.2245 3.28338e-05
-20.4082 0.008473
20.4082 0.0144005
61.2245 0.0182123
102.041 0.020373
142.857 0.0213174
183.673 0.0214086
224.49 0.0209291
265.306 0.0200888
306.122 0.019038
346.939 0.0178815
387.755 0.0166901
428.571 0.0155103
469.388 0.0143714
510.204 0.0132909
551.02 0.0122778
591.837 0.011336
632.653 0.0104657
673.469 0.00966471
714.286 0.00892971
755.102 0.00825654
795.918 0.00764074
836.735 0.00707776
877.551 0.00656318
918.367 0.00609276
959.184 0.00566255
1000 0.00526887
