-1000 0.000324277
-959.184 0.00033344
-918.367 0.000342179
-877.551 0.000350327
-836.735 0.000357683
-795.918 0.000364012
-755.102 0.000369035
-714.286 0.000372431
-673.469 0.000373823
-632.653 0.00037278
-591.837 0.000368809
-551.02 0.000361351
-510.204 0.00034978
-469.388 0.000333398
-428.571 0.000311445
-387.755 0.0002831
-346.939 0.000247493
-306.122 0.000203732
-265.306 0.000150923
-224.49 8.82154e-05
-183.673 1.48484e-05
-142.857 -6.97819e-05
-102.041 -0.000166049
-61.2245 -0.00027401
-20.4082 -0.000393313
20.4082 -0.000523105
61.2245 -0.000661949
102.041 -0.00080776
142.857 -0.000957779
183.673 -0.00110859
224.49 -0.00125618
265.306 -0.00139612
306.122 -0.00152374
346.939 -0.0016344
387.755 -0.00172378
428.571 -0.00178821
469.388 -0.00182494
510.204 -0.00183237
551.02 -0.00181016
591.837 -0.00175931
632.653 -0.00168199
673.469 -0.00158147
714.286 -0.00146177
755.102 -0.0013274
795.918 -0.00118305
836.735 -0.00103332
877.551 -0.000882443
918.367 -0.00073414
959.184 -0.00059151
1000 -0.000456973
