-1000 0.00913831
-959.184 0.00293871
-918.367 -0.00778214
-877.551 -0.0236714
-836.735 -0.0431317
-795.918 -0.0608856
-755.102 -0.0693768
-714.286 -0.064154
-673.469 -0.0480168
-632.653 -0.0283403
-591.837 -0.0112792
-551.02 0.000728561
-510.204 0.0079416
-469.388 0.0116141
-428.571 0.0130073
-387.755 0.0130672
-346.939 0.0124162
-306.122 0.0114337
-265.306 0.0103381
-224.49 0.00924858
-183.673 0.0082251
-142.857 0.00729383
-102.041 0.0064622
-61.2245 0.00572779
-20.4082 0.00508339
20.4082 0.00451992
61.2245 0.0040279
102.041 0.00359831
142.857 0.00322289
183.673 0.00289432
224.49 0.0026062
265.306 0.00235299
306.122 0.00212992
346.939 0.00193292
387.755 0.00175848
428.571 0.00160363
469.388 0.0014658
510.204 0.00134283
551.02 0.00123282
591.837 0.00113418
632.653 0.00104551
673.469 0.000965626
714.286 0.000893492
755.102 0.000828213
795.918 0.000769014
836.735 0.000715217
877.551 0.000666232
918.367 0.000621544
959.184 0.000580701
1000 0.000543303
