-1000 -0.000903355
-959.184 -0.00119481
-918.367 -0.00150406
-877.551 -0.00182656
-836.735 -0.00215659
-795.918 -0.00248734
-755.102 -0.00281115
-714.286 -0.00311974
-673.469 -0.00340455
-632.653 -0.00365717
-591.837 -0.00386973
-551.02 -0.00403535
-510.204 -0.00414849
-469.388 -0.00420531
-428.571 -0.00420385
-387.755 -0.00414415
-346.939 -0.00402827
-306.122 -0.00386016
-265.306 -0.00364543
-224.49 -0.00339101
-183.673 -0.0031048
-142.857 -0.00279525
-102.041 -0.0024709
-61.2245 -0.00214001
-20.4082 -0.00181021
20.4082 -0.00148824
61.2245 -0.00117978
102.041 -0.000889316
142.857 -0.000620178
183.673 -0.000374567
224.49 -0.000153668
265.306 4.2207e-05
306.122 0.000213467
346.939 0.00036108
387.755 0.000486427
428.571 0.000591161
469.388 0.000677099
510.204 0.000746121
551.02 0.000800105
591.837 0.000840863
632.653 0.00087011
673.469 0.000889436
714.286 0.000900294
755.102 0.000903993
795.918 0.000901702
836.735 0.000894452
877.551 0.000883145
918.367 0.000868564
959.184 0.000851387
1000 0.000832192
