-1000 0.00160505
-959.184 0.00173307
-918.367 0.00187491
-877.551 0.00203247
-836.735 0.00220796
-795.918 0.00240397
-755.102 0.00262355
-714.286 0.00287031
-673.469 0.00314851
-632.653 0.00346323
-591.837 0.00382057
-551.02 0.00422788
-510.204 0.004694
-469.388 0.00522975
-428.571 0.00584835
-387.755 0.00656606
-346.939 0.00740308
-306.122 0.00838465
-265.306 0.00954252
-224.49 0.010917
-183.673 0.0125598
-142.857 0.0145378
-102.041 0.0169386
-61.2245 0.0198782
-20.4082 0.0235129
20.4082 0.0280567
61.2245 0.0338088
102.041 0.0411988
142.857 0.0508634
183.673 0.0637858
224.49 0.0815653
265.306 0.106977
306.122 0.145249
346.939 0.20728
387.755 0.318631
428.571 0.544299
469.388 0.988624
510.204 0.264539
551.02 -6.6595
591.837 0.448731
632.653 0.963237
673.469 0.528479
714.286 0.311148
755.102 0.203318
795.918 0.142898
836.735 0.10546
877.551 0.080525
918.367 0.0630411
959.184 0.0503128
1000 0.0407816
