-1000 -0.0026746
-959.184 -0.0030485
-918.367 -0.00338967
-877.551 -0.00368093
-836.735 -0.00390615
-795.918 -0.00405202
-755.102 -0.0041095
-714.286 -0.00407492
-673.469 -0.0039505
-632.653 -0.003744
-591.837 -0.00346783
-551.02 -0.00313753
-510.204 -0.0027702
-469.388 -0.00238284
-428.571 -0.00199106
-387.755 -0.00160816
-346.939 -0.00124466
-306.122 -0.000908148
-265.306 -0.000603501
-224.49 -0.000333212
-183.673 -9.78527e-05
-142.857 0.000103463
-102.041 0.000272649
-61.2245 0.000412275
-20.4082 0.000525267
20.4082 0.000614678
61.2245 0.000683526
102.041 0.00073468
142.857 0.000770794
183.673 0.000794268
224.49 0.000807235
265.306 0.000811568
306.122 0.000808886
346.939 0.000800579
387.755 0.000787828
428.571 0.000771629
469.388 0.000752815
510.204 0.000732078
551.02 0.00070999
591.837 0.000687017
632.653 0.000663542
673.469 0.000639869
714.286 0.000616245
755.102 0.000592862
795.918 0.000569872
836.735 0.000547389
877.551 0.000525501
918.367 0.000504269
959.184 0.000483737
1000 0.000463932
