-1000 0.015638
-959.184 0.0167359
-918.367 0.0179241
-877.551 0.0192095
-836.735 0.0205994
-795.918 0.0221007
-755.102 0.02372
-714.286 0.0254624
-673.469 0.0273309
-632.653 0.0293251
-591.837 0.0314381
-551.02 0.0336538
-510.204 0.0359404
-469.388 0.0382419
-428.571 0.0404636
-387.755 0.0424495
-346.939 0.0439464
-306.122 0.044548
-265.306 0.0436105
-224.49 0.0401378
-183.673 0.0326562
-142.857 0.0191732
-102.041 -0.00253143
-61.2245 -0.0338874
-20.4082 -0.0737179
20.4082 -0.116969
61.2245 -0.156418
102.041 -0.186711
142.857 -0.206109
183.673 -0.214975
224.49 -0.214005
265.306 -0.203098
306.122 -0.181512
346.939 -0.149143
387.755 -0.108394
428.571 -0.0652627
469.388 -0.0268471
510.204 0.00256037
551.02 0.0224586
591.837 0.0345622
632.653 0.0410982
673.469 0.0439628
714.286 0.0445259
755.102 0.0437029
795.918 0.0420816
836.735 0.040032
877.551 0.0377842
918.367 0.0354796
959.184 0.0332037
1000 0.0310066
