-1000 0.0116008
-959.184 0.0111314
-918.367 0.00998705
-877.551 0.00789476
-836.735 0.00452927
-795.918 -0.000451333
-755.102 -0.00732274
-714.286 -0.0161482
-673.469 -0.0265834
-632.653 -0.0377095
-591.837 -0.0480359
-551.02 -0.0557882
-510.204 -0.0594317
-469.388 -0.0581946
-428.571 -0.0523422
-387.755 -0.0430823
-346.939 -0.0321417
-306.122 -0.0212074
-265.306 -0.0115008
-224.49 -0.0036396
-183.673 0.00226103
-142.857 0.00639283
-102.041 0.00907874
-61.2245 0.0106592
-20.4082 0.0114357
20.4082 0.0116514
61.2245 0.0114915
102.041 0.0110918
142.857 0.0105488
183.673 0.00992953
224.49 0.00927939
265.306 0.00862832
306.122 0.00799537
346.939 0.00739206
387.755 0.00682475
428.571 0.00629634
469.388 0.00580747
510.204 0.00535732
551.02 0.0049442
591.837 0.00456591
632.653 0.00422
673.469 0.00390397
714.286 0.00361533
755.102 0.0033517
795.918 0.00311084
836.735 0.00289067
877.551 0.00268927
918.367 0.00250488
959.184 0.00233593
1000 0.00218095
