-1000 0.000419279
-959.184 0.000437084
-918.367 0.000455587
-877.551 0.000474776
-836.735 0.000494631
-795.918 0.000515115
-755.102 0.000536177
-714.286 0.000557744
-673.469 0.000579717
-632.653 0.00060197
-591.837 0.000624337
-551.02 0.000646609
-510.204 0.000668525
-469.388 0.00068976
-428.571 0.000709914
-387.755 0.000728502
-346.939 0.000744935
-306.122 0.000758507
-265.306 0.000768376
-224.49 0.000773548
-183.673 0.000772856
-142.857 0.000764947
-102.041 0.000748265
-61.2245 0.000721047
-20.4082 0.000681318
20.4082 0.000626912
61.2245 0.000555495
102.041 0.000464629
142.857 0.000351851
183.673 0.000214801
224.49 5.13811e-05
265.306 -0.000140033
306.122 -0.000360345
346.939 -0.000609454
387.755 -0.000885963
428.571 -0.0011869
469.388 -0.00150747
510.204 -0.00184097
551.02 -0.00217878
591.837 -0.00251057
632.653 -0.00282474
673.469 -0.00310903
714.286 -0.00335134
755.102 -0.00354065
795.918 -0.00366788
836.735 -0.0037267
877.551 -0.00371415
918.367 -0.00363087
959.184 -0.00348104
1000 -0.00327203
