-1000 0.0218357
-959.184 0.0251394
-918.367 0.029134
-877.551 0.0340069
-836.735 0.0400092
-795.918 0.0474817
-755.102 0.0568944
-714.286 0.0689084
-673.469 0.0844724
-632.653 0.104985
-591.837 0.13258
-551.02 0.170658
-510.204 0.224987
-469.388 0.306232
-428.571 0.436519
-387.755 0.667877
-346.939 1.11807
-306.122 1.57868
-265.306 -3.61631
-224.49 -0.609764
-183.673 1.13962
-142.857 -4.55637
-102.041 2.2529
-61.2245 -4.20064
-20.4082 -0.486552
20.4082 1.52639
61.2245 0.925875
102.041 0.569785
142.857 0.38307
183.673 0.273717
224.49 0.203605
265.306 0.155846
306.122 0.121939
346.939 0.0971293
387.755 0.0785456
428.571 0.0643558
469.388 0.0533428
510.204 0.044673
551.02 0.0377609
591.837 0.0321874
632.653 0.0276467
673.469 0.0239126
714.286 0.0208153
755.102 0.0182259
795.918 0.0160452
836.735 0.0141963
877.551 0.0126188
918.367 0.0112652
959.184 0.0100972
1000 0.00908435
