-1000 0.0017569
-959.184 0.00187715
-918.367 0.00200826
-877.551 0.00215143
-836.735 0.00230803
-795.918 0.00247961
-755.102 0.00266791
-714.286 0.00287496
-673.469 0.00310302
-632.653 0.00335471
-591.837 0.00363301
-551.02 0.00394135
-510.204 0.00428366
-469.388 0.00466447
-428.571 0.00508903
-387.755 0.00556338
-346.939 0.00609457
-306.122 0.00669073
-265.306 0.00736137
-224.49 0.00811757
-183.673 0.00897227
-142.857 0.00994064
-102.041 0.0110404
-61.2245 0.0122925
-20.4082 0.0137212
20.4082 0.015355
61.2245 0.0172269
102.041 0.0193743
142.857 0.0218383
183.673 0.0246601
224.49 0.0278723
265.306 0.0314765
306.122 0.0353902
346.939 0.0393178
387.755 0.0424366
428.571 0.0426254
469.388 0.0346423
510.204 0.0065151
551.02 -0.0632436
591.837 -0.187801
632.653 -0.3065
673.469 -0.29447
714.286 -0.166681
755.102 -0.0491921
795.918 0.0127736
836.735 0.0367249
877.551 0.042936
918.367 0.0420808
959.184 0.0387508
1000 0.0347912
