-1000 0.00443621
-959.184 0.00430031
-918.367 0.00409625
-877.551 0.00381236
-836.735 0.00343615
-795.918 0.00295475
-755.102 0.00235535
-714.286 0.00162595
-673.469 0.000756267
-632.653 -0.0002612
-591.837 -0.00142986
-551.02 -0.00274776
-510.204 -0.00420627
-469.388 -0.00578912
-428.571 -0.00747178
-387.755 -0.00922147
-346.939 -0.0109979
-306.122 -0.0127547
-265.306 -0.0144415
-224.49 -0.0160069
-183.673 -0.0174007
-142.857 -0.0185769
-102.041 -0.0194959
-61.2245 -0.0201265
-20.4082 -0.0204473
20.4082 -0.0204473
61.2245 -0.0201265
102.041 -0.0194959
142.857 -0.0185769
183.673 -0.0174007
224.49 -0.0160069
265.306 -0.0144415
306.122 -0.0127547
346.939 -0.0109979
387.755 -0.00922147
428.571 -0.00747178
469.388 -0.00578912
510.204 -0.00420627
551.02 -0.00274776
591.837 -0.00142986
632.653 -0.0002612
673.469 0.000756267
714.286 0.00162595
755.102 0.00235535
795.918 0.00295475
836.735 0.00343615
877.551 0.00381236
918.367 0.00409625
959.184 0.00430031
1000 0.00443621
