-1000 0.00285925
-959.184 0.00314363
-918.367 0.00346691
-877.551 0.00383593
-836.735 0.00425907
-795.918 0.00474658
-755.102 0.00531112
-714.286 0.00596847
-673.469 0.00673842
-632.653 0.00764603
-591.837 0.00872331
-551.02 0.0100116
-510.204 0.0115647
-469.388 0.0134539
-428.571 0.0157745
-387.755 0.0186555
-346.939 0.022275
-306.122 0.0268824
-265.306 0.0328338
-224.49 0.0406485
-183.673 0.0511014
-142.857 0.0653801
-102.041 0.0853601
-61.2245 0.114113
-20.4082 0.156897
20.4082 0.223282
61.2245 0.33225
102.041 0.526033
142.857 0.903264
183.673 1.48822
224.49 -1.3805
265.306 -3.37851
306.122 1.80365
346.939 -5.67133
387.755 0.565117
428.571 1.33038
469.388 0.761747
510.204 0.454689
551.02 0.293275
591.837 0.20003
632.653 0.142137
673.469 0.104311
714.286 0.0786155
755.102 0.0606005
795.918 0.0476281
836.735 0.0380685
877.551 0.0308803
918.367 0.0253778
959.184 0.0210985
1000 0.0177229
