-1000 0.0244194
-959.184 0.0250487
-918.367 0.0238073
-877.551 0.0192948
-836.735 0.00961506
-795.918 -0.00722432
-755.102 -0.0320897
-714.286 -0.0627286
-673.469 -0.0926474
-632.653 -0.113297
-591.837 -0.11846
-551.02 -0.106643
-510.204 -0.0813191
-469.388 -0.0501073
-428.571 -0.0212308
-387.755 0.000472677
-346.939 0.0142418
-306.122 0.0216043
-265.306 0.0246059
-224.49 0.0249606
-183.673 0.0238619
-142.857 0.0220615
-102.041 0.0200019
-61.2245 0.0179283
-20.4082 0.0159667
20.4082 0.0141742
61.2245 0.012569
102.041 0.0111486
142.857 0.0099005
183.673 0.00880801
224.49 0.00785327
265.306 0.00701909
306.122 0.00628968
346.939 0.00565097
387.755 0.00509063
428.571 0.00459797
469.388 0.00416378
510.204 0.00378017
551.02 0.00344037
591.837 0.00313861
632.653 0.00286994
673.469 0.00263013
714.286 0.00241553
755.102 0.00222303
795.918 0.00204994
836.735 0.00189394
877.551 0.00175303
918.367 0.00162547
959.184 0.00150975
1000 0.00140455
