-1000 0.0179138
-959.184 0.0201565
-918.367 0.0228009
-877.551 0.0259432
-836.735 0.0297094
-795.918 0.0342663
-755.102 0.0398384
-714.286 0.0467324
-673.469 0.0553755
-632.653 0.0663744
-591.837 0.0806107
-551.02 0.0993987
-510.204 0.124757
-469.388 0.159893
-428.571 0.210131
-387.755 0.284816
-346.939 0.401717
-306.122 0.598583
-265.306 0.963001
-224.49 1.59997
-183.673 0.344488
-142.857 -4.75751
-102.041 2.56413
-61.2245 -3.36394
-20.4082 1.05403
20.4082 1.13119
61.2245 -3.11225
102.041 3.06517
142.857 -3.82467
183.673 1.92488
224.49 0.394601
265.306 -2.11523
306.122 2.91677
346.939 -4.34517
387.755 2.33451
428.571 -0.769491
469.388 -1.4192
510.204 2.06669
551.02 -5.43799
591.837 1.20608
632.653 1.46246
673.469 0.869724
714.286 0.549701
755.102 0.373598
795.918 0.267251
836.735 0.198508
877.551 0.151869
918.367 0.119028
959.184 0.0951933
1000 0.0774493
