-1000 -0.00350026
-959.184 -0.00726897
-918.367 -0.0107871
-877.551 -0.0138445
-836.735 -0.0163164
-795.918 -0.0181689
-755.102 -0.0194413
-714.286 -0.020219
-673.469 -0.0206069
-632.653 -0.0207101
-591.837 -0.0206222
-551.02 -0.0204208
-510.204 -0.0201669
-469.388 -0.019906
-428.571 -0.0196712
-387.755 -0.0194854
-346.939 -0.0193636
-306.122 -0.0193144
-265.306 -0.019341
-224.49 -0.0194417
-183.673 -0.0196095
-142.857 -0.0198316
-102.041 -0.0200876
-61.2245 -0.0203478
-20.4082 -0.0205706
20.4082 -0.0206999
61.2245 -0.0206632
102.041 -0.0203714
142.857 -0.019722
183.673 -0.0186083
224.49 -0.0169366
265.306 -0.0146507
306.122 -0.0117602
346.939 -0.00836171
387.755 -0.00464205
428.571 -0.00085328
469.388 0.00273561
510.204 0.00589368
551.02 0.00846837
591.837 0.0103988
632.653 0.0117043
673.469 0.0124581
714.286 0.0127604
755.102 0.0127164
795.918 0.0124222
836.735 0.0119587
877.551 0.0113898
918.367 0.0107633
959.184 0.010114
1000 0.00946597
