-1000 0.0043033
-959.184 0.00452698
-918.367 0.00476439
-877.551 0.00501634
-836.735 0.00528365
-795.918 0.00556716
-755.102 0.00586767
-714.286 0.00618597
-673.469 0.00652277
-632.653 0.00687867
-591.837 0.00725414
-551.02 0.00764943
-510.204 0.00806447
-469.388 0.00849882
-428.571 0.00895146
-387.755 0.00942068
-346.939 0.00990382
-306.122 0.010397
-265.306 0.0108947
-224.49 0.0113894
-183.673 0.011871
-142.857 0.0123258
-102.041 0.0127362
-61.2245 0.0130789
-20.4082 0.013324
20.4082 0.013433
61.2245 0.0133574
102.041 0.0130361
142.857 0.012394
183.673 0.0113396
224.49 0.009765
265.306 0.00754742
306.122 0.00455465
346.939 0.000656761
387.755 -0.00425407
428.571 -0.0102343
469.388 -0.0172526
510.204 -0.0251529
551.02 -0.033631
591.837 -0.0422387
632.653 -0.0504239
673.469 -0.0576012
714.286 -0.0632316
755.102 -0.0668887
795.918 -0.0682984
836.735 -0.0673563
877.551 -0.0641321
918.367 -0.0588666
959.184 -0.0519584
1000 -0.0439283
