-1000 0.0167552
-959.184 0.0193893
-918.367 0.0225935
-877.551 0.0265271
-836.735 0.0314052
-795.918 0.0375216
-755.102 0.0452852
-714.286 0.0552751
-673.469 0.0683302
-632.653 0.0856997
-591.837 0.109309
-551.02 0.142266
-510.204 0.189918
-469.388 0.262308
-428.571 0.380617
-387.755 0.595377
-346.939 1.02186
-306.122 1.4472
-265.306 -3.80343
-224.49 -0.892487
-183.673 0.672385
-142.857 -5.40455
-102.041 1.24392
-61.2245 1.14217
-20.4082 0.658735
20.4082 0.413333
61.2245 0.281285
102.041 0.201964
142.857 0.150391
183.673 0.115023
224.49 0.0898444
265.306 0.0714094
306.122 0.057608
346.939 0.0470827
387.755 0.0389269
428.571 0.0325182
469.388 0.0274191
510.204 0.0233159
551.02 0.0199801
591.837 0.0172426
632.653 0.0149768
673.469 0.0130864
714.286 0.0114977
755.102 0.0101533
795.918 0.00900857
836.735 0.00802807
877.551 0.00718362
918.367 0.00645261
959.184 0.00581676
1000 0.00526118
