-1000 0.0227686
-959.184 0.0250335
-918.367 0.0263803
-877.551 0.025682
-836.735 0.0212215
-795.918 0.0109084
-755.102 -0.00674414
-714.286 -0.0308473
-673.469 -0.057045
-632.653 -0.0793608
-591.837 -0.0937088
-551.02 -0.0987196
-510.204 -0.094185
-469.388 -0.0802878
-428.571 -0.0582995
-387.755 -0.0321566
-346.939 -0.00781834
-306.122 0.0102056
-265.306 0.0208621
-224.49 0.0255651
-183.673 0.0264058
-142.857 0.0251298
-102.041 0.0228922
-61.2245 0.0203589
-20.4082 0.0178745
20.4082 0.0155953
61.2245 0.0135761
102.041 0.011821
142.857 0.0103107
183.673 0.00901736
224.49 0.00791152
265.306 0.00696555
306.122 0.00615491
346.939 0.00545846
387.755 0.00485828
428.571 0.00433933
469.388 0.00388904
510.204 0.00349693
551.02 0.00315427
591.837 0.00285378
632.653 0.00258936
673.469 0.00235591
714.286 0.00214915
755.102 0.00196544
795.918 0.00180173
836.735 0.00165542
877.551 0.0015243
918.367 0.00140648
959.184 0.00130034
1000 0.00120449
