-1000 0.00111515
-959.184 0.00118231
-918.367 0.00125421
-877.551 0.00133115
-836.735 0.00141345
-795.918 0.00150142
-755.102 0.00159532
-714.286 0.00169543
-673.469 0.00180191
-632.653 0.0019149
-591.837 0.00203435
-551.02 0.0021601
-510.204 0.0022917
-469.388 0.00242838
-428.571 0.00256893
-387.755 0.00271154
-346.939 0.0028536
-306.122 0.00299145
-265.306 0.00312005
-224.49 0.00323259
-183.673 0.00331999
-142.857 0.00337026
-102.041 0.00336778
-61.2245 0.0032925
-20.4082 0.00311907
20.4082 0.0028161
61.2245 0.00234574
102.041 0.00166403
142.857 0.000722748
183.673 -0.000526331
224.49 -0.00212342
265.306 -0.00408787
306.122 -0.00640018
346.939 -0.00898105
387.755 -0.0116737
428.571 -0.0142406
469.388 -0.0163864
510.204 -0.0178136
551.02 -0.0182994
591.837 -0.0177633
632.653 -0.0162938
673.469 -0.0141197
714.286 -0.0115398
755.102 -0.00884771
795.918 -0.00627724
836.735 -0.00398102
877.551 -0.00203488
918.367 -0.000455887
959.184 0.000776737
1000 0.00170387
