-1000 0.0141648
-959.184 0.0158473
-918.367 0.0178057
-877.551 0.0200986
-836.735 0.0228003
-795.918 0.0260052
-755.102 0.0298351
-714.286 0.0344486
-673.469 0.0400547
-632.653 0.0469322
-591.837 0.0554585
-551.02 0.0661527
-510.204 0.0797418
-469.388 0.0972668
-428.571 0.120258
-387.755 0.151045
-346.939 0.193336
-306.122 0.253423
-265.306 0.342972
-224.49 0.486328
-183.673 0.740954
-142.857 1.23126
-102.041 1.57876
-61.2245 -4.41693
-20.4082 0.381107
20.4082 0.626509
61.2245 -3.55605
102.041 2.62072
142.857 -4.32369
183.673 1.29832
224.49 -0.496003
265.306 -3.53187
306.122 1.64301
346.939 1.16812
387.755 0.707495
428.571 0.468357
469.388 0.332156
510.204 0.246344
551.02 0.188439
591.837 0.147525
632.653 0.117655
673.469 0.0952985
714.286 0.078226
755.102 0.064967
795.918 0.0545182
836.735 0.0461774
877.551 0.0394421
918.367 0.0339465
959.184 0.0294198
1000 0.0256588
