-1000 0.377309
-959.184 0.664538
-918.367 1.12797
-877.551 -1.53919
-836.735 -4.89252
-795.918 1.06005
-755.102 0.823116
-714.286 0.454469
-673.469 0.276437
-632.653 0.18363
-591.837 0.129337
-551.02 0.0947952
-510.204 0.0715272
-469.388 0.0552094
-428.571 0.0434166
-387.755 0.0346894
-346.939 0.0281029
-306.122 0.0230478
-265.306 0.0191104
-224.49 0.0160031
-183.673 0.0135217
-142.857 0.0115187
-102.041 0.00988586
-61.2245 0.00854277
-20.4082 0.00742878
20.4082 0.00649769
61.2245 0.00571391
102.041 0.00504976
142.857 0.00448352
183.673 0.00399796
224.49 0.00357937
265.306 0.00321668
306.122 0.00290095
346.939 0.00262488
387.755 0.00238248
428.571 0.00216881
469.388 0.00197977
510.204 0.00181192
551.02 0.00166241
591.837 0.0015288
632.653 0.00140905
673.469 0.00130142
714.286 0.00120442
755.102 0.00111678
795.918 0.0010374
836.735 0.000965337
877.551 0.000899765
918.367 0.000839975
959.184 0.000785346
1000 0.000735336
