-1000 0.0008593
-959.184 0.000888785
-918.367 0.000914818
-877.551 0.000935892
-836.735 0.000950131
-795.918 0.000955224
-755.102 0.000948353
-714.286 0.000926134
-673.469 0.00088456
-632.653 0.000818979
-591.837 0.000724118
-551.02 0.000594176
-510.204 0.000423037
-469.388 0.00020463
-428.571 -6.65113e-05
-387.755 -0.000394463
-346.939 -0.000780884
-306.122 -0.0012238
-265.306 -0.0017163
-224.49 -0.00224542
-183.673 -0.00279146
-142.857 -0.00332819
-102.041 -0.00382425
-61.2245 -0.00424596
-20.4082 -0.00456118
20.4082 -0.00474388
61.2245 -0.00477817
102.041 -0.00466102
142.857 -0.00440273
183.673 -0.00402523
224.49 -0.00355845
265.306 -0.00303592
306.122 -0.00249047
346.939 -0.00195089
387.755 -0.00143991
428.571 -0.000973488
469.388 -0.000561136
510.204 -0.000206891
551.02 8.94288e-05
591.837 0.000330952
632.653 0.000522631
673.469 0.000670347
714.286 0.000780252
755.102 0.000858321
795.918 0.000910084
836.735 0.000940479
877.551 0.000953801
918.367 0.000953711
959.184 0.000943273
1000 0.000925018
