-1000 0.00107546
-959.184 0.00114601
-918.367 0.00122252
-877.551 0.00130558
-836.735 0.00139584
-795.918 0.00149403
-755.102 0.00160094
-714.286 0.00171744
-673.469 0.00184448
-632.653 0.00198308
-591.837 0.00213437
-551.02 0.0022995
-510.204 0.00247972
-469.388 0.00267627
-428.571 0.0028904
-387.755 0.00312322
-346.939 0.00337567
-306.122 0.0036483
-265.306 0.00394106
-224.49 0.00425295
-183.673 0.00458154
-142.857 0.0049223
-102.041 0.00526766
-61.2245 0.00560582
-20.4082 0.00591906
20.4082 0.00618176
61.2245 0.00635797
102.041 0.00639884
142.857 0.00624038
183.673 0.00580253
224.49 0.00499107
265.306 0.00370467
306.122 0.00184913
346.939 -0.000639711
387.755 -0.00376692
428.571 -0.00745017
469.388 -0.0115044
510.204 -0.015651
551.02 -0.0195546
591.837 -0.0228771
632.653 -0.0253286
673.469 -0.0267015
714.286 -0.0268837
755.102 -0.0258607
795.918 -0.0237152
836.735 -0.0206269
877.551 -0.0168634
918.367 -0.0127533
959.184 -0.00863857
1000 -0.00481991
