-1000 0.00186539
-959.184 0.00194717
-918.367 0.002025
-877.551 0.00209606
-836.735 0.00215679
-795.918 0.00220264
-755.102 0.002228
-714.286 0.00222592
-673.469 0.00218807
-632.653 0.00210457
-591.837 0.00196405
-551.02 0.00175382
-510.204 0.00146024
-469.388 0.00106955
-428.571 0.000568932
-387.755 -5.18012e-05
-346.939 -0.000798248
-306.122 -0.0016691
-265.306 -0.00265388
-224.49 -0.00373114
-183.673 -0.00486761
-142.857 -0.0060188
-102.041 -0.00713132
-61.2245 -0.00814682
-20.4082 -0.00900706
20.4082 -0.00965958
61.2245 -0.0100629
102.041 -0.0101907
142.857 -0.0100347
183.673 -0.00960497
224.49 -0.00892959
265.306 -0.00805132
306.122 -0.00702346
346.939 -0.00590448
387.755 -0.00475248
428.571 -0.00362011
469.388 -0.0025508
510.204 -0.00157663
551.02 -0.000717919
591.837 1.58833e-05
632.653 0.000624259
673.469 0.00111336
714.286 0.00149375
755.102 0.00177836
795.918 0.00198102
836.735 0.00211528
877.551 0.00219373
918.367 0.00222759
959.184 0.00222657
1000 0.00219888
