-1000 0.00334135
-959.184 0.00355879
-918.367 0.00379512
-877.551 0.00405237
-836.735 0.00433288
-795.918 0.00463928
-755.102 0.00497456
-714.286 0.00534212
-673.469 0.00574586
-632.653 0.00619023
-591.837 0.00668036
-551.02 0.00722215
-510.204 0.00782242
-469.388 0.00848908
-428.571 0.00923137
-387.755 0.01006
-346.939 0.0109878
-306.122 0.0120295
-265.306 0.0132028
-224.49 0.0145289
-183.673 0.0160331
-142.857 0.017746
-102.041 0.0197046
-61.2245 0.0219548
-20.4082 0.0245532
20.4082 0.0275707
61.2245 0.0310978
102.041 0.0352507
142.857 0.0401821
183.673 0.0460963
224.49 0.0532722
265.306 0.0621017
306.122 0.0731506
346.939 0.0872649
387.755 0.105761
428.571 0.130787
469.388 0.166055
510.204 0.218476
551.02 0.302167
591.837 0.449437
632.653 0.739986
673.469 1.28428
714.286 0.217605
755.102 -5.5987
795.918 1.74566
836.735 -4.03009
877.551 -1.08705
918.367 1.38444
959.184 0.827923
1000 0.492163
