-1000 0.000922377
-959.184 0.000984197
-918.367 0.00105166
-877.551 0.00112542
-836.735 0.00120624
-795.918 0.00129498
-755.102 0.00139262
-714.286 0.00150031
-673.469 0.00161939
-632.653 0.00175138
-591.837 0.00189809
-551.02 0.00206162
-510.204 0.00224444
-469.388 0.0024495
-428.571 0.00268025
-387.755 0.00294084
-346.939 0.00323625
-306.122 0.00357246
-265.306 0.00395677
-224.49 0.00439804
-183.673 0.0049072
-142.857 0.00549776
-102.041 0.00618661
-61.2245 0.00699495
-20.4082 0.00794972
20.4082 0.00908545
61.2245 0.0104468
102.041 0.0120924
142.857 0.0140997
183.673 0.0165729
224.49 0.0196541
265.306 0.0235397
306.122 0.0285068
346.939 0.0349533
387.755 0.0434631
428.571 0.0549146
469.388 0.0706651
510.204 0.0928802
551.02 0.12515
591.837 0.173723
632.653 0.250227
673.469 0.378487
714.286 0.613269
755.102 1.07358
795.918 1.46536
836.735 -4.19808
877.551 -0.361342
918.367 0.424053
959.184 -5.01103
1000 1.36839
