-1000 0.045485
-959.184 0.0507391
-918.367 0.0567366
-877.551 0.0635752
-836.735 0.0713318
-795.918 0.0800065
-755.102 0.0893849
-714.286 0.0987006
-673.469 0.105806
-632.653 0.105199
-591.837 0.0839515
-551.02 0.0173108
-510.204 -0.118398
-469.388 -0.286797
-428.571 -0.389867
-387.755 -0.43092
-346.939 -0.448527
-306.122 -0.426003
-265.306 -0.380134
-224.49 -0.263615
-183.673 -0.0939017
-142.857 0.0314137
-102.041 0.0892913
-61.2245 0.10617
-20.4082 0.105039
20.4082 0.0973672
61.2245 0.0879535
102.041 0.0786513
142.857 0.0701083
183.673 0.0624923
224.49 0.0557857
265.306 0.049906
306.122 0.0447549
346.939 0.0402367
387.755 0.0362656
428.571 0.0327667
469.388 0.029676
510.204 0.0269386
551.02 0.024508
591.837 0.0223444
632.653 0.0204139
673.469 0.0186874
714.286 0.0171399
755.102 0.0157498
795.918 0.0144986
836.735 0.0133701
877.551 0.0123502
918.367 0.0114268
959.184 0.0105892
1000 0.00982808
