-1000 0.00070043
-959.184 0.000732167
-918.367 0.000765194
-877.551 0.000799474
-836.735 0.000834948
-795.918 0.00087152
-755.102 0.000909056
-714.286 0.000947368
-673.469 0.000986206
-632.653 0.00102524
-591.837 0.00106405
-551.02 0.00110209
-510.204 0.0011387
-469.388 0.00117303
-428.571 0.00120404
-387.755 0.00123046
-346.939 0.00125077
-306.122 0.00126309
-265.306 0.00126523
-224.49 0.00125457
-183.673 0.00122806
-142.857 0.0011822
-102.041 0.00111297
-61.2245 0.00101594
-20.4082 0.000886228
20.4082 0.000718705
61.2245 0.000508137
102.041 0.000249501
142.857 -6.16114e-05
183.673 -0.000428453
224.49 -0.000852466
265.306 -0.00133252
306.122 -0.00186415
346.939 -0.00243876
387.755 -0.00304319
428.571 -0.00365944
469.388 -0.00426511
510.204 -0.00483434
551.02 -0.00533956
591.837 -0.00575366
632.653 -0.00605271
673.469 -0.00621842
714.286 -0.00624034
755.102 -0.00611706
795.918 -0.00585642
836.735 -0.00547453
877.551 -0.00499389
918.367 -0.00444094
959.184 -0.00384337
1000 -0.00322776
