-1000 0.00118059
-959.184 0.00125113
-918.367 0.0013272
-877.551 0.0014093
-836.735 0.00149802
-795.918 0.00159401
-755.102 0.00169798
-714.286 0.00181072
-673.469 0.00193312
-632.653 0.00206614
-591.837 0.00221089
-551.02 0.00236856
-510.204 0.00254048
-469.388 0.00272813
-428.571 0.00293314
-387.755 0.00315729
-346.939 0.00340253
-306.122 0.00367098
-265.306 0.00396491
-224.49 0.00428671
-183.673 0.0046389
-142.857 0.00502396
-102.041 0.00544433
-61.2245 0.00590211
-20.4082 0.00639886
20.4082 0.00693516
61.2245 0.00750999
102.041 0.00811987
142.857 0.00875756
183.673 0.00941027
224.49 0.0100571
265.306 0.0106653
306.122 0.0111858
346.939 0.0115464
387.755 0.0116435
428.571 0.0113322
469.388 0.0104163
510.204 0.00864054
551.02 0.00569326
591.837 0.00123138
632.653 -0.00505297
673.469 -0.0133059
714.286 -0.0233264
755.102 -0.0343785
795.918 -0.0451269
836.735 -0.0538348
877.551 -0.058835
918.367 -0.059083
959.184 -0.0545255
1000 -0.0461195
