-1000 -0.0130798
-959.184 -0.017355
-918.367 -0.0212938
-877.551 -0.0246304
-836.735 -0.0271675
-795.918 -0.0287821
-755.102 -0.029411
-714.286 -0.0290332
-673.469 -0.027661
-632.653 -0.0253456
-591.837 -0.0221934
-551.02 -0.0183826
-510.204 -0.0141637
-469.388 -0.00983543
-428.571 -0.00569805
-387.755 -0.0020014
-346.939 0.00109189
-306.122 0.00351626
-265.306 0.00528898
-224.49 0.00648287
-183.673 0.00719803
-142.857 0.00753979
-102.041 0.00760492
-61.2245 0.00747507
-20.4082 0.00721508
20.4082 0.00687423
61.2245 0.00648855
102.041 0.00608355
142.857 0.00567671
183.673 0.00527955
224.49 0.00489927
265.306 0.00454005
306.122 0.00420397
346.939 0.0038917
387.755 0.00360296
428.571 0.0033369
469.388 0.00309231
510.204 0.00286782
551.02 0.00266195
591.837 0.00247325
632.653 0.00230028
673.469 0.00214172
714.286 0.00199628
755.102 0.0018628
795.918 0.00174021
836.735 0.00162751
877.551 0.00152381
918.367 0.00142831
959.184 0.00134025
1000 0.00125897
