-1000 0.00194354
-959.184 0.00202587
-918.367 0.00210915
-877.551 0.0021926
-836.735 0.0022752
-795.918 0.00235569
-755.102 0.00243246
-714.286 0.00250349
-673.469 0.00256632
-632.653 0.0026179
-591.837 0.00265451
-551.02 0.00267168
-510.204 0.00266403
-469.388 0.00262519
-428.571 0.00254768
-387.755 0.0024228
-346.939 0.00224064
-306.122 0.00199006
-265.306 0.00165892
-224.49 0.0012343
-183.673 0.00070315
-142.857 5.31079e-05
-102.041 -0.000726261
-61.2245 -0.00164181
-20.4082 -0.00269475
20.4082 -0.0038783
61.2245 -0.00517523
102.041 -0.00655575
142.857 -0.00797634
183.673 -0.00938001
224.49 -0.0106988
265.306 -0.0118587
306.122 -0.0127865
346.939 -0.0134186
387.755 -0.013709
428.571 -0.0136359
469.388 -0.0132047
510.204 -0.0124476
551.02 -0.0114186
591.837 -0.0101861
632.653 -0.00882472
673.469 -0.00740666
714.286 -0.00599599
755.102 -0.00464446
795.918 -0.00339005
836.735 -0.00225732
877.551 -0.00125902
918.367 -0.000398453
959.184 0.00032812
1000 0.000929212
