-1000 0.00604304
-959.184 0.00656368
-918.367 0.00714186
-877.551 0.00778539
-836.735 0.00850336
-795.918 0.00930637
-755.102 0.0102069
-714.286 0.0112197
-673.469 0.0123621
-632.653 0.0136548
-591.837 0.0151222
-551.02 0.0167933
-510.204 0.0187018
-469.388 0.0208859
-428.571 0.0233864
-387.755 0.0262399
-346.939 0.0294628
-306.122 0.0330106
-265.306 0.0366792
-224.49 0.0398651
-183.673 0.0409757
-142.857 0.0360082
-102.041 0.0154996
-61.2245 -0.0394062
-20.4082 -0.149101
20.4082 -0.282738
61.2245 -0.318412
102.041 -0.212126
142.857 -0.0816555
183.673 -0.0034711
224.49 0.0295828
265.306 0.0398836
306.122 0.0407805
346.939 0.0382344
387.755 0.0346691
428.571 0.0310259
469.388 0.027645
510.204 0.024625
551.02 0.0219696
591.837 0.0196481
632.653 0.0176206
673.469 0.0158471
714.286 0.0142919
755.102 0.0129238
795.918 0.0117166
836.735 0.0106478
877.551 0.00969873
918.367 0.00885349
959.184 0.00809867
1000 0.00742285
