-1000 0.000188188
-959.184 0.000195637
-918.367 0.000203186
-877.551 0.000210781
-836.735 0.000218352
-795.918 0.000225812
-755.102 0.000233052
-714.286 0.000239938
-673.469 0.000246308
-632.653 0.000251963
-591.837 0.000256665
-551.02 0.000260128
-510.204 0.000262016
-469.388 0.000261931
-428.571 0.000259408
-387.755 0.000253913
-346.939 0.000244834
-306.122 0.000231482
-265.306 0.000213096
-224.49 0.000188847
-183.673 0.000157857
-142.857 0.000119229
-102.041 7.20841e-05
-61.2245 1.56208e-05
-20.4082 -5.08117e-05
20.4082 -0.00012762
61.2245 -0.000214861
102.041 -0.000312117
142.857 -0.000418385
183.673 -0.000531968
224.49 -0.000650406
265.306 -0.000770467
306.122 -0.000888214
346.939 -0.000999164
387.755 -0.00109855
428.571 -0.00118168
469.388 -0.00124431
510.204 -0.00128306
551.02 -0.00129578
591.837 -0.00128173
632.653 -0.00124172
673.469 -0.00117798
714.286 -0.00109393
755.102 -0.000993851
795.918 -0.000882449
836.735 -0.000764484
877.551 -0.000644415
918.367 -0.00052615
959.184 -0.000412881
1000 -0.000307029
