-1000 -0.00232839
-959.184 -0.00294028
-918.367 -0.0035443
-877.551 -0.00413009
-836.735 -0.00468847
-795.918 -0.0052118
-755.102 -0.00569429
-714.286 -0.00613209
-673.469 -0.00652316
-632.653 -0.00686715
-591.837 -0.00716504
-551.02 -0.00741886
-510.204 -0.00763129
-469.388 -0.0078054
-428.571 -0.00794428
-387.755 -0.00805084
-346.939 -0.00812763
-306.122 -0.00817664
-265.306 -0.00819921
-224.49 -0.008196
-183.673 -0.0081669
-142.857 -0.00811111
-102.041 -0.00802708
-61.2245 -0.0079127
-20.4082 -0.0077653
20.4082 -0.0075819
61.2245 -0.0073594
102.041 -0.00709479
142.857 -0.00678553
183.673 -0.00642982
224.49 -0.00602697
265.306 -0.00557774
306.122 -0.0050846
346.939 -0.00455189
387.755 -0.00398588
428.571 -0.00339461
469.388 -0.00278762
510.204 -0.00217546
551.02 -0.00156914
591.837 -0.000979475
632.653 -0.000416508
673.469 0.000111045
714.286 0.000596173
755.102 0.0010338
795.918 0.00142082
836.735 0.00175606
877.551 0.00203998
918.367 0.00227446
959.184 0.00246246
1000 0.00260767
