-1000 0.984474
-959.184 -5.69593
-918.367 -0.740078
-877.551 1.12964
-836.735 0.644152
-795.918 0.36414
-755.102 0.224572
-714.286 0.147836
-673.469 0.101999
-632.653 0.0729763
-591.837 0.0537852
-551.02 0.0406463
-510.204 0.0313848
-469.388 0.0246902
-428.571 0.0197437
-387.755 0.0160172
-346.939 0.0131611
-306.122 0.0109381
-265.306 0.00918386
-224.49 0.00778211
-183.673 0.00664933
-142.857 0.00572447
-102.041 0.00496227
-61.2245 0.00432871
-20.4082 0.00379793
20.4082 0.00335002
61.2245 0.00296949
102.041 0.00264421
142.857 0.00236453
183.673 0.00212278
224.49 0.00191277
265.306 0.00172946
306.122 0.00156877
346.939 0.00142732
387.755 0.00130232
428.571 0.00119146
469.388 0.0010928
510.204 0.00100471
551.02 0.000925816
591.837 0.00085495
632.653 0.000791119
673.469 0.000733474
714.286 0.000681284
755.102 0.000633921
795.918 0.00059084
836.735 0.000551569
877.551 0.000515696
918.367 0.000482863
959.184 0.000452755
1000 0.000425094
