-1000 0.000395599
-959.184 0.000426778
-918.367 0.000461265
-877.551 0.000499501
-836.735 0.000541999
-795.918 0.000589357
-755.102 0.000642272
-714.286 0.00070156
-673.469 0.000768185
-632.653 0.000843278
-591.837 0.000928183
-551.02 0.00102449
-510.204 0.00113411
-469.388 0.0012593
-428.571 0.00140277
-387.755 0.0015678
-346.939 0.0017583
-306.122 0.00197899
-265.306 0.00223552
-224.49 0.00253467
-183.673 0.00288448
-142.857 0.00329437
-102.041 0.00377509
-61.2245 0.00433841
-20.4082 0.00499615
20.4082 0.00575793
61.2245 0.00662661
102.041 0.00758923
142.857 0.00859987
183.673 0.00954865
224.49 0.0102084
265.306 0.0101518
306.122 0.0086454
346.939 0.00458477
387.755 -0.00333463
428.571 -0.0158403
469.388 -0.0315013
510.204 -0.0454165
551.02 -0.0509258
591.837 -0.0448693
632.653 -0.0307052
673.469 -0.015115
714.286 -0.0028302
755.102 0.00486896
795.918 0.00877077
836.735 0.0101815
877.551 0.0101878
918.367 0.00950554
959.184 0.00854953
1000 0.00753939
