-1000 0.000735336
-959.184 0.000785346
-918.367 0.000839975
-877.551 0.000899765
-836.735 0.000965337
-795.918 0.0010374
-755.102 0.00111678
-714.286 0.00120442
-673.469 0.00130142
-632.653 0.00140905
-591.837 0.0015288
-551.02 0.00166241
-510.204 0.00181192
-469.388 0.00197977
-428.571 0.00216881
-387.755 0.00238248
-346.939 0.00262488
-306.122 0.00290095
-265.306 0.00321668
-224.49 0.00357937
-183.673 0.00399796
-142.857 0.00448352
-102.041 0.00504976
-61.2245 0.00571391
-20.4082 0.00649769
20.4082 0.00742878
61.2245 0.00854277
102.041 0.00988586
142.857 0.0115187
183.673 0.0135217
224.49 0.0160031
265.306 0.0191104
306.122 0.0230478
346.939 0.0281029
387.755 0.0346894
428.571 0.0434166
469.388 0.0552094
510.204 0.0715272
551.02 0.0947952
591.837 0.129337
632.653 0.18363
673.469 0.276437
714.286 0.454469
755.102 0.823116
795.918 1.06005
836.735 -4.89252
877.551 -1.53919
918.367 1.12797
959.184 0.664538
1000 0.377309
