-1000 0.000897093
-959.184 0.00094018
-918.367 0.000985323
-877.551 0.00103253
-836.735 0.0010818
-795.918 0.00113305
-755.102 0.00118621
-714.286 0.00124111
-673.469 0.00129752
-632.653 0.00135511
-591.837 0.00141345
-551.02 0.00147194
-510.204 0.00152984
-469.388 0.00158618
-428.571 0.00163972
-387.755 0.00168894
-346.939 0.00173195
-306.122 0.00176642
-265.306 0.00178954
-224.49 0.00179797
-183.673 0.00178773
-142.857 0.0017542
-102.041 0.00169207
-61.2245 0.00159541
-20.4082 0.00145771
20.4082 0.00127207
61.2245 0.00103146
102.041 0.000729165
142.857 0.000359294
183.673 -8.2516e-05
224.49 -0.000598298
265.306 -0.0011869
306.122 -0.00184319
346.939 -0.00255738
387.755 -0.00331472
428.571 -0.00409558
469.388 -0.00487608
510.204 -0.00562917
551.02 -0.00632626
591.837 -0.006939
632.653 -0.00744125
673.469 -0.00781084
714.286 -0.0080311
755.102 -0.00809199
795.918 -0.00799071
836.735 -0.00773189
877.551 -0.00732734
918.367 -0.00679521
959.184 -0.00615881
1000 -0.00544502
