-1000 0.000156388
-959.184 0.000161175
-918.367 0.000165844
-877.551 0.000170328
-836.735 0.000174547
-795.918 0.000178408
-755.102 0.000181798
-714.286 0.000184586
-673.469 0.000186617
-632.653 0.000187712
-591.837 0.000187663
-551.02 0.000186233
-510.204 0.000183152
-469.388 0.000178113
-428.571 0.000170778
-387.755 0.000160769
-346.939 0.000147679
-306.122 0.000131072
-265.306 0.000110494
-224.49 8.54824e-05
-183.673 5.5588e-05
-142.857 2.03951e-05
-102.041 -2.04468e-05
-61.2245 -6.71861e-05
-20.4082 -0.000119927
20.4082 -0.000178579
61.2245 -0.000242814
102.041 -0.000312009
142.857 -0.000385217
183.673 -0.000461134
224.49 -0.000538102
265.306 -0.000614135
306.122 -0.000686981
346.939 -0.000754219
387.755 -0.000813394
428.571 -0.000862177
469.388 -0.000898525
510.204 -0.00092085
551.02 -0.000928148
591.837 -0.000920085
632.653 -0.000897029
673.469 -0.000860017
714.286 -0.000810664
755.102 -0.000751028
795.918 -0.000683451
836.735 -0.00061039
877.551 -0.000534258
918.367 -0.000457298
959.184 -0.00038148
1000 -0.000308445
