-1000 0.00071061
-959.184 0.000757786
-918.367 0.000809182
-877.551 0.000865276
-836.735 0.000926611
-795.918 0.000993803
-755.102 0.00106756
-714.286 0.00114869
-673.469 0.00123812
-632.653 0.00133692
-591.837 0.00144634
-551.02 0.0015678
-510.204 0.00170298
-469.388 0.00185383
-428.571 0.00202263
-387.755 0.00221206
-346.939 0.00242529
-306.122 0.00266605
-265.306 0.00293881
-224.49 0.00324888
-183.673 0.0036026
-142.857 0.00400764
-102.041 0.0044732
-61.2245 0.00501048
-20.4082 0.00563306
20.4082 0.00635749
61.2245 0.00720405
102.041 0.00819755
142.857 0.00936841
183.673 0.0107539
224.49 0.0123994
265.306 0.0143598
306.122 0.0167006
346.939 0.019497
387.755 0.0228311
428.571 0.0267806
469.388 0.0313921
510.204 0.036616
551.02 0.0421559
591.837 0.0471076
632.653 0.0490967
673.469 0.0422834
714.286 0.0135766
755.102 -0.0594264
795.918 -0.186386
836.735 -0.296349
877.551 -0.268638
918.367 -0.137756
959.184 -0.0273526
1000 0.0273669
