-1000 -0.000916649
-959.184 -0.000927762
-918.367 -0.000923532
-877.551 -0.000904153
-836.735 -0.000870499
-795.918 -0.000824053
-755.102 -0.000766776
-714.286 -0.000700956
-673.469 -0.000629035
-632.653 -0.000553452
-591.837 -0.000476502
-551.02 -0.000400231
-510.204 -0.000326366
-469.388 -0.000256281
-428.571 -0.000190995
-387.755 -0.000131191
-346.939 -7.72539e-05
-306.122 -2.93172e-05
-265.306 1.26883e-05
-224.49 4.89857e-05
-183.673 7.99082e-05
-142.857 0.000105861
-102.041 0.000127289
-61.2245 0.000144653
-20.4082 0.000158411
20.4082 0.000169002
61.2245 0.000176842
102.041 0.000182311
142.857 0.000185758
183.673 0.000187496
224.49 0.0001878
265.306 0.000186917
306.122 0.000185058
346.939 0.000182409
387.755 0.000179128
428.571 0.000175351
469.388 0.000171195
510.204 0.000166758
551.02 0.00016212
591.837 0.000157352
632.653 0.000152511
673.469 0.000147642
714.286 0.000142786
755.102 0.000137973
795.918 0.000133228
836.735 0.000128571
877.551 0.000124017
918.367 0.000119578
959.184 0.000115263
1000 0.000111078
