-1000 0.0571878
-959.184 0.0719014
-918.367 0.0920627
-877.551 0.120405
-836.735 0.161474
-795.918 0.22323
-755.102 0.320694
-714.286 0.485319
-673.469 0.790241
-632.653 1.3627
-591.837 1.07842
-551.02 -5.60512
-510.204 1.84179
-469.388 -1.73244
-428.571 -1.22608
-387.755 1.62471
-346.939 -5.53812
-306.122 1.21895
-265.306 1.32836
-224.49 0.769659
-183.673 0.474634
-142.857 0.314594
-102.041 0.219462
-61.2245 0.159015
-20.4082 0.118734
20.4082 0.0908887
61.2245 0.0710538
102.041 0.0565613
142.857 0.0457375
183.673 0.037497
224.49 0.0311164
265.306 0.0261011
306.122 0.0221058
346.939 0.0188846
387.755 0.016259
428.571 0.0140979
469.388 0.012303
510.204 0.0108
551.02 0.00953208
591.837 0.00845496
632.653 0.00753413
673.469 0.00674225
714.286 0.00605753
755.102 0.00546244
795.918 0.0049428
836.735 0.00448703
877.551 0.0040856
918.367 0.00373065
959.184 0.00341566
1000 0.00313515
