-1000 1.63305
-959.184 -4.53693
-918.367 1.09974
-877.551 0.613463
-836.735 -2.67328
-795.918 3.03093
-755.102 -4.04465
-714.286 2.2774
-673.469 0.0163861
-632.653 -1.49034
-591.837 2.92597
-551.02 -4.26012
-510.204 2.7677
-469.388 -0.961129
-428.571 -0.454606
-387.755 2.55486
-346.939 -4.18084
-306.122 3.02491
-265.306 -2.04365
-224.49 0.418411
-183.673 1.88736
-142.857 -3.95119
-102.041 2.75273
-61.2245 -3.79123
-20.4082 -0.220811
20.4082 1.61732
61.2245 0.899682
102.041 0.495108
142.857 0.298638
183.673 0.195288
224.49 0.135903
265.306 0.0991785
306.122 0.0750959
346.939 0.0585455
387.755 0.0467319
428.571 0.0380328
469.388 0.031459
510.204 0.0263816
551.02 0.0223861
591.837 0.019191
632.653 0.0166
673.469 0.0144728
714.286 0.0127074
755.102 0.0112279
795.918 0.00997716
836.735 0.00891155
877.551 0.00799717
918.367 0.00720747
959.184 0.00652141
1000 0.00592213
