-1000 0.00253702
-959.184 0.00265102
-918.367 0.00276643
-877.551 0.00288202
-836.735 0.00299621
-795.918 0.00310696
-755.102 0.00321169
-714.286 0.00330714
-673.469 0.00338924
-632.653 0.00345298
-591.837 0.00349225
-551.02 0.00349962
-510.204 0.00346623
-469.388 0.00338158
-428.571 0.00323346
-387.755 0.00300788
-346.939 0.00268921
-306.122 0.00226042
-265.306 0.00170372
-224.49 0.00100145
-183.673 0.000137514
-142.857 -0.000900681
-102.041 -0.00211977
-61.2245 -0.0035175
-20.4082 -0.00507971
20.4082 -0.00677746
61.2245 -0.00856514
102.041 -0.0103802
142.857 -0.0121448
183.673 -0.0137711
224.49 -0.0151676
265.306 -0.0162483
306.122 -0.0169423
346.939 -0.0172022
387.755 -0.0170098
428.571 -0.0163785
469.388 -0.0153518
510.204 -0.0139975
551.02 -0.0123999
591.837 -0.0106501
632.653 -0.00883739
673.469 -0.00704122
714.286 -0.00532665
755.102 -0.00374188
795.918 -0.00231823
836.735 -0.00107195
877.551 -6.86323e-06
918.367 0.000882524
959.184 0.00160808
1000 0.00218551
