-1000 -0.0031054
-959.184 -0.00684556
-918.367 -0.0103326
-877.551 -0.0133559
-836.735 -0.0157908
-795.918 -0.0176027
-755.102 -0.0188309
-714.286 -0.0195602
-673.469 -0.0198953
-632.653 -0.0199408
-591.837 -0.0197901
-551.02 -0.0195205
-510.204 -0.0191927
-469.388 -0.0188523
-428.571 -0.0185323
-387.755 -0.0182564
-346.939 -0.0180404
-306.122 -0.0178947
-265.306 -0.0178255
-224.49 -0.0178354
-183.673 -0.0179241
-142.857 -0.0180881
-102.041 -0.0183203
-61.2245 -0.018609
-20.4082 -0.0189366
20.4082 -0.0192774
61.2245 -0.0195955
102.041 -0.0198416
142.857 -0.0199512
183.673 -0.0198426
224.49 -0.019419
265.306 -0.0185744
306.122 -0.017207
346.939 -0.0152406
387.755 -0.012652
428.571 -0.00949737
469.388 -0.00592451
510.204 -0.0021612
551.02 0.00152403
591.837 0.00487661
632.653 0.00770513
673.469 0.00990745
714.286 0.0114692
755.102 0.0124429
795.918 0.0129196
836.735 0.0130043
877.551 0.0127982
918.367 0.0123896
959.184 0.0118497
1000 0.0112333
