-1000 0.00147484
-959.184 0.00156215
-918.367 0.00165632
-877.551 0.00175804
-836.735 0.00186806
-795.918 0.00198722
-755.102 0.00211647
-714.286 0.00225688
-673.469 0.00240964
-632.653 0.00257612
-591.837 0.00275785
-551.02 0.00295657
-510.204 0.00317428
-469.388 0.00341322
-428.571 0.00367601
-387.755 0.00396561
-346.939 0.00428545
-306.122 0.00463949
-265.306 0.00503234
-224.49 0.00546935
-183.673 0.00595679
-142.857 0.00650205
-102.041 0.00711386
-61.2245 0.0078026
-20.4082 0.00858074
20.4082 0.00946329
61.2245 0.0104686
102.041 0.0116191
142.857 0.0129427
183.673 0.0144746
224.49 0.0162596
265.306 0.0183555
306.122 0.0208383
346.939 0.0238102
387.755 0.0274107
428.571 0.0318357
469.388 0.0373668
510.204 0.0444226
551.02 0.0536463
591.837 0.0660695
632.653 0.0834302
673.469 0.108843
714.286 0.14834
755.102 0.214815
795.918 0.339163
836.735 0.599176
877.551 1.06298
918.367 -0.823338
959.184 -5.78333
1000 0.90753
