-1000 0.0131394
-959.184 0.014371
-918.367 0.0157588
-877.551 0.0173279
-836.735 0.0191081
-795.918 0.0211358
-755.102 0.0234546
-714.286 0.0261176
-673.469 0.0291901
-632.653 0.0327524
-591.837 0.0369045
-551.02 0.0417719
-510.204 0.0475137
-469.388 0.0543342
-428.571 0.0624989
-387.755 0.0723597
-346.939 0.084391
-306.122 0.0992499
-265.306 0.117873
-224.49 0.141647
-183.673 0.172721
-142.857 0.214625
-102.041 0.273585
-61.2245 0.361635
-20.4082 0.504829
20.4082 0.765951
61.2245 1.27372
102.041 1.41579
142.857 -5.16265
183.673 1.0426
224.49 -0.268179
265.306 -2.67336
306.122 2.40046
346.939 -4.86915
387.755 1.73987
428.571 -1.55563
469.388 -2.61677
510.204 1.62883
551.02 1.08868
591.837 0.668727
632.653 0.453455
673.469 0.331034
714.286 0.253556
755.102 0.20062
795.918 0.162459
836.735 0.133865
877.551 0.111819
918.367 0.0944464
959.184 0.0805189
1000 0.069198
