-1000 0.00165676
-959.184 0.00174753
-918.367 0.00184348
-877.551 0.00194473
-836.735 0.00205132
-795.918 0.00216319
-755.102 0.00228016
-714.286 0.0024019
-673.469 0.00252782
-632.653 0.00265707
-591.837 0.00278844
-551.02 0.00292024
-510.204 0.00305022
-469.388 0.00317536
-428.571 0.00329181
-387.755 0.0033946
-346.939 0.00347751
-306.122 0.00353284
-265.306 0.00355123
-224.49 0.00352153
-183.673 0.00343077
-142.857 0.00326429
-102.041 0.00300613
-61.2245 0.00263971
-20.4082 0.00214896
20.4082 0.00151986
61.2245 0.000742419
102.041 -0.000187196
142.857 -0.00126449
183.673 -0.002475
224.49 -0.00379362
265.306 -0.00518517
306.122 -0.0066065
346.939 -0.0080097
387.755 -0.00934606
428.571 -0.0105699
469.388 -0.0116414
510.204 -0.0125286
551.02 -0.0132078
591.837 -0.0136626
632.653 -0.0138832
673.469 -0.0138652
714.286 -0.0136091
755.102 -0.0131199
795.918 -0.0124083
836.735 -0.0114917
877.551 -0.0103951
918.367 -0.00915172
959.184 -0.0078023
1000 -0.00639326
