-1000 0.000933594
-959.184 0.000977255
-918.367 0.00101981
-877.551 0.00106009
-836.735 0.00109653
-795.918 0.00112715
-755.102 0.00114943
-714.286 0.00116021
-673.469 0.0011556
-632.653 0.00113086
-591.837 0.00108033
-551.02 0.000997403
-510.204 0.000874611
-469.388 0.000703787
-428.571 0.000476483
-387.755 0.000184626
-346.939 -0.000178504
-306.122 -0.000616944
-265.306 -0.00113042
-224.49 -0.00171258
-183.673 -0.00234935
-142.857 -0.00301786
-102.041 -0.00368651
-61.2245 -0.00431647
-20.4082 -0.00486504
20.4082 -0.00529042
61.2245 -0.00555741
102.041 -0.00564269
142.857 -0.00553862
183.673 -0.00525451
224.49 -0.00481507
265.306 -0.00425642
306.122 -0.0036207
346.939 -0.00295042
387.755 -0.00228379
428.571 -0.00165161
469.388 -0.00107582
510.204 -0.000569677
551.02 -0.00013884
591.837 0.000216924
632.653 0.000501992
673.469 0.000723272
714.286 0.000888913
755.102 0.00100736
795.918 0.00108672
836.735 0.00113439
877.551 0.00115689
918.367 0.00115976
959.184 0.00114766
1000 0.00112441
