-1000 4.55173e-05
-959.184 -3.45481e-05
-918.367 -0.000126134
-877.551 -0.000229435
-836.735 -0.000344273
-795.918 -0.000470008
-755.102 -0.000605444
-714.286 -0.000748761
-673.469 -0.000897471
-632.653 -0.00104841
-591.837 -0.00119781
-551.02 -0.00134136
-510.204 -0.00147448
-469.388 -0.00159246
-428.571 -0.00169083
-387.755 -0.00176563
-346.939 -0.0018137
-306.122 -0.00183296
-265.306 -0.00182257
-224.49 -0.00178297
-183.673 -0.00171591
-142.857 -0.00162422
-102.041 -0.00151167
-61.2245 -0.00138261
-20.4082 -0.00124169
20.4082 -0.00109358
61.2245 -0.00094268
102.041 -0.000792939
142.857 -0.000647711
183.673 -0.00050969
224.49 -0.000380892
265.306 -0.000262694
306.122 -0.000155894
346.939 -6.07992e-05
387.755 2.26835e-05
428.571 9.49543e-05
469.388 0.000156636
510.204 0.000208501
551.02 0.000251406
591.837 0.000286246
632.653 0.000313914
673.469 0.000335274
714.286 0.000351141
755.102 0.000362271
795.918 0.000369353
836.735 0.000373007
877.551 0.000373785
918.367 0.000372175
959.184 0.0003686
1000 0.000363433
