-1000 -0.00378417
-959.184 -0.00542714
-918.367 -0.00718802
-877.551 -0.0090112
-836.735 -0.0108261
-795.918 -0.012551
-755.102 -0.0140993
-714.286 -0.0153862
-673.469 -0.0163374
-632.653 -0.0168957
-591.837 -0.0170267
-551.02 -0.0167223
-510.204 -0.0160013
-469.388 -0.0149079
-428.571 -0.0135067
-387.755 -0.0118774
-346.939 -0.0101062
-306.122 -0.00827867
-265.306 -0.00647272
-224.49 -0.00475324
-183.673 -0.0031693
-142.857 -0.00175337
-102.041 -0.000522477
-61.2245 0.000519373
-20.4082 0.00137821
20.4082 0.00206701
61.2245 0.00260297
102.041 0.00300525
142.857 0.00329333
183.673 0.00348582
224.49 0.00359979
265.306 0.00365042
306.122 0.00365085
346.939 0.00361227
387.755 0.00354399
428.571 0.00345371
469.388 0.00334768
510.204 0.00323092
551.02 0.00310742
591.837 0.00298031
632.653 0.00285202
673.469 0.00272441
714.286 0.00259886
755.102 0.0024764
795.918 0.00235776
836.735 0.00224343
877.551 0.00213374
918.367 0.00202886
959.184 0.00192885
1000 0.00183371
