-1000 0.000229065
-959.184 0.000209853
-918.367 0.00018465
-877.551 0.000152572
-836.735 0.000112721
-795.918 6.42267e-05
-755.102 6.30467e-06
-714.286 -6.16656e-05
-673.469 -0.000140046
-632.653 -0.000228828
-591.837 -0.000327516
-551.02 -0.000435007
-510.204 -0.000549494
-469.388 -0.0006684
-428.571 -0.000788381
-387.755 -0.000905405
-346.939 -0.00101493
-306.122 -0.00111217
-265.306 -0.00119248
-224.49 -0.00125171
-183.673 -0.00128666
-142.857 -0.00129537
-102.041 -0.00127735
-61.2245 -0.0012336
-20.4082 -0.00116657
20.4082 -0.00107983
61.2245 -0.000977745
102.041 -0.000865059
142.857 -0.000746505
183.673 -0.000626474
224.49 -0.000508773
265.306 -0.000396481
306.122 -0.000291903
346.939 -0.00019659
387.755 -0.00011142
428.571 -3.67038e-05
469.388 2.76931e-05
510.204 8.22346e-05
551.02 0.000127608
591.837 0.000164637
632.653 0.000194207
673.469 0.000217215
714.286 0.00023453
755.102 0.000246968
795.918 0.000255278
836.735 0.000260132
877.551 0.000262127
918.367 0.000261783
959.184 0.00025955
1000 0.000255813
