-1000 0.00776606
-959.184 0.00840631
-918.367 0.00903619
-877.551 0.00961349
-836.735 0.0100728
-795.918 0.0103162
-755.102 0.0102017
-714.286 0.00953188
-673.469 0.00804541
-632.653 0.00542221
-591.837 0.00131638
-551.02 -0.0045612
-510.204 -0.0122952
-469.388 -0.0215698
-428.571 -0.0315067
-387.755 -0.0406808
-346.939 -0.0474197
-306.122 -0.0503201
-265.306 -0.0487402
-224.49 -0.0430322
-183.673 -0.0344144
-142.857 -0.0245371
-102.041 -0.0149441
-61.2245 -0.00669129
-20.4082 -0.000251416
20.4082 0.00436143
61.2245 0.00739354
102.041 0.00918525
142.857 0.0100697
183.673 0.0103272
224.49 0.010174
265.306 0.00976741
306.122 0.00921735
346.939 0.00859792
387.755 0.00795742
428.571 0.00732616
469.388 0.00672221
510.204 0.00615545
551.02 0.00563048
591.837 0.00514849
632.653 0.00470863
673.469 0.00430882
714.286 0.00394635
755.102 0.00361825
795.918 0.00332148
836.735 0.00305309
877.551 0.00281031
918.367 0.00259057
959.184 0.0023915
1000 0.00221099
