-1000 0.00112784
-959.184 0.00118082
-918.367 0.00123555
-877.551 0.00129182
-836.735 0.00134931
-795.918 0.0014076
-755.102 0.00146611
-714.286 0.00152411
-673.469 0.00158065
-632.653 0.00163453
-591.837 0.00168426
-551.02 0.00172799
-510.204 0.00176343
-469.388 0.00178783
-428.571 0.0017979
-387.755 0.00178972
-346.939 0.00175875
-306.122 0.00169974
-265.306 0.00160682
-224.49 0.00147352
-183.673 0.00129299
-142.857 0.00105819
-102.041 0.000762348
-61.2245 0.000399462
-20.4082 -3.50177e-05
20.4082 -0.000543395
61.2245 -0.00112488
102.041 -0.00177476
142.857 -0.00248374
183.673 -0.00323757
224.49 -0.00401709
265.306 -0.0047988
306.122 -0.00555591
346.939 -0.00625989
387.755 -0.00688229
428.571 -0.00739666
469.388 -0.00778037
510.204 -0.00801614
551.02 -0.00809321
591.837 -0.00800806
632.653 -0.00776458
673.469 -0.00737388
714.286 -0.00685353
755.102 -0.0062264
795.918 -0.00551907
836.735 -0.00476007
877.551 -0.00397785
918.367 -0.00319909
959.184 -0.00244708
1000 -0.00174076
