-1000 0.00431663
-959.184 0.00458649
-918.367 0.00486974
-877.551 0.00516476
-836.735 0.00546895
-795.918 0.00577834
-755.102 0.00608723
-714.286 0.00638762
-673.469 0.00666866
-632.653 0.00691598
-591.837 0.00711102
-551.02 0.00723044
-510.204 0.00724581
-469.388 0.00712379
-428.571 0.00682717
-387.755 0.00631706
-346.939 0.00555674
-306.122 0.00451702
-265.306 0.00318287
-224.49 0.0015601
-183.673 -0.000319542
-142.857 -0.0023972
-102.041 -0.00459093
-61.2245 -0.00680513
-20.4082 -0.00894347
20.4082 -0.010922
61.2245 -0.0126788
102.041 -0.0141789
142.857 -0.0154132
183.673 -0.0163935
224.49 -0.0171456
265.306 -0.0177029
306.122 -0.0180997
346.939 -0.0183674
387.755 -0.0185316
428.571 -0.0186101
469.388 -0.018612
510.204 -0.0185375
551.02 -0.0183779
591.837 -0.0181159
632.653 -0.0177262
673.469 -0.0171778
714.286 -0.0164362
755.102 -0.0154681
795.918 -0.014247
836.735 -0.0127601
877.551 -0.0110155
918.367 -0.00904681
959.184 -0.00691462
1000 -0.00470198
