-1000 -0.000615474
-959.184 -0.000794361
-918.367 -0.000983447
-877.551 -0.00117867
-836.735 -0.00137487
-795.918 -0.0015659
-755.102 -0.00174488
-714.286 -0.0019046
-673.469 -0.002038
-632.653 -0.00213875
-591.837 -0.00220182
-551.02 -0.00222393
-510.204 -0.00220391
-469.388 -0.00214283
-428.571 -0.00204386
-387.755 -0.00191195
-346.939 -0.00175338
-306.122 -0.00157519
-265.306 -0.0013846
-224.49 -0.00118851
-183.673 -0.000993101
-142.857 -0.000803602
-102.041 -0.000624126
-61.2245 -0.000457674
-20.4082 -0.0003062
20.4082 -0.000170738
61.2245 -5.15653e-05
102.041 5.16373e-05
142.857 0.000139624
183.673 0.000213445
224.49 0.000274329
265.306 0.00032359
306.122 0.000362554
346.939 0.000392512
387.755 0.000414682
428.571 0.000430186
469.388 0.000440044
510.204 0.000445168
551.02 0.000446362
591.837 0.000444327
632.653 0.000439674
673.469 0.000432925
714.286 0.000424524
755.102 0.00041485
795.918 0.00040422
836.735 0.0003929
877.551 0.000381109
918.367 0.00036903
959.184 0.000356812
1000 0.000344576
