-1000 0.0100622
-959.184 0.0111356
-918.367 0.012363
-877.551 0.0137724
-836.735 0.015398
-795.918 0.0172819
-755.102 0.0194761
-714.286 0.0220459
-673.469 0.0250731
-632.653 0.0286625
-591.837 0.0329488
-551.02 0.0381082
-510.204 0.0443749
-469.388 0.0520661
-428.571 0.0616223
-387.755 0.0736724
-346.939 0.0891473
-306.122 0.109484
-265.306 0.137021
-224.49 0.175814
-183.673 0.23348
-142.857 0.325831
-102.041 0.489701
-61.2245 0.815452
-20.4082 1.37553
20.4082 -0.69329
61.2245 -4.49161
102.041 1.81538
142.857 -5.28945
183.673 -0.0407943
224.49 1.32468
265.306 0.771315
306.122 0.468159
346.939 0.314255
387.755 0.226515
428.571 0.171253
469.388 0.133847
510.204 0.107175
551.02 0.08741
591.837 0.0723317
632.653 0.0605667
673.469 0.0512216
714.286 0.0436902
755.102 0.0375469
795.918 0.0324842
836.735 0.0282747
877.551 0.024747
918.367 0.0217698
959.184 0.019241
1000 0.0170805
