-1000 -0.000904371
-959.184 -0.00126873
-918.367 -0.00166092
-877.551 -0.00207404
-836.735 -0.00249895
-795.918 -0.00292445
-755.102 -0.00333763
-714.286 -0.00372446
-673.469 -0.00407056
-632.653 -0.00436213
-591.837 -0.00458687
-551.02 -0.00473492
-510.204 -0.00479961
-469.388 -0.00477796
-428.571 -0.00467098
-387.755 -0.00448354
-346.939 -0.00422398
-306.122 -0.00390349
-265.306 -0.00353524
-224.49 -0.00313344
-183.673 -0.0027124
-142.857 -0.00228567
-102.041 -0.00186538
-61.2245 -0.00146173
-20.4082 -0.00108273
20.4082 -0.00073418
61.2245 -0.000419761
102.041 -0.000141265
142.857 0.000101085
183.673 0.000308306
224.49 0.000482325
265.306 0.000625681
306.122 0.000741268
346.939 0.000832133
387.755 0.000901319
428.571 0.000951752
469.388 0.000986168
510.204 0.00100707
551.02 0.0010167
591.837 0.00101704
632.653 0.00100984
673.469 0.000996573
714.286 0.000978535
755.102 0.000956806
795.918 0.000932298
836.735 0.000905771
877.551 0.000877855
918.367 0.000849065
959.184 0.000819823
1000 0.000790468
