-1000 0.0263716
-959.184 0.0316693
-918.367 0.0385823
-877.551 0.0478101
-836.735 0.0604648
-795.918 0.0783924
-755.102 0.10482
-714.286 0.145747
-673.469 0.213168
-632.653 0.333148
-591.837 0.566794
-551.02 1.05113
-510.204 1.72604
-469.388 -2.34966
-428.571 -1.17954
-387.755 2.171
-346.939 -4.39095
-306.122 2.91667
-265.306 -2.07969
-224.49 0.447303
-183.673 1.99202
-142.857 -3.73462
-102.041 3.16835
-61.2245 -2.97386
-20.4082 1.30548
20.4082 1.28913
61.2245 -3.02663
102.041 3.06609
142.857 -3.91592
183.673 1.66644
224.49 -0.172252
265.306 -3.29699
306.122 1.7233
346.939 1.12018
387.755 0.600842
428.571 0.349887
469.388 0.222172
510.204 0.151017
551.02 0.108125
591.837 0.080582
632.653 0.0619808
673.469 0.0488981
714.286 0.0393865
755.102 0.0322787
795.918 0.0268431
836.735 0.022604
877.551 0.0192418
918.367 0.0165356
959.184 0.0143293
1000 0.01251
