-1000 0.00119209
-959.184 0.0012387
-918.367 0.00128569
-877.551 0.00133263
-836.735 0.00137902
-795.918 0.0014242
-755.102 0.00146738
-714.286 0.00150756
-673.469 0.00154355
-632.653 0.0015739
-591.837 0.00159688
-551.02 0.00161041
-510.204 0.00161206
-469.388 0.00159894
-428.571 0.00156774
-387.755 0.00151462
-346.939 0.00143526
-306.122 0.0013248
-265.306 0.00117795
-224.49 0.000989029
-183.673 0.000752157
-142.857 0.000461495
-102.041 0.000111611
-61.2245 -0.000302044
-20.4082 -0.000782515
20.4082 -0.0013306
61.2245 -0.00194404
102.041 -0.00261663
142.857 -0.00333748
183.673 -0.00409046
224.49 -0.00485407
265.306 -0.00560186
306.122 -0.00630358
346.939 -0.0069271
387.755 -0.00744085
428.571 -0.00781676
469.388 -0.00803316
510.204 -0.0080771
551.02 -0.00794594
591.837 -0.00764757
632.653 -0.00719957
673.469 -0.00662714
714.286 -0.00596047
755.102 -0.00523176
795.918 -0.00447249
836.735 -0.00371118
877.551 -0.00297191
918.367 -0.00227351
959.184 -0.00162944
1000 -0.00104817
