-1000 0.00210569
-959.184 0.00201767
-918.367 0.00189628
-877.551 0.00173715
-836.735 0.00153604
-795.918 0.00128911
-755.102 0.000993131
-714.286 0.000645854
-673.469 0.000246333
-632.653 -0.000204767
-591.837 -0.000704898
-551.02 -0.00124947
-510.204 -0.00183183
-469.388 -0.00244337
-428.571 -0.00307383
-387.755 -0.00371176
-346.939 -0.00434508
-306.122 -0.00496166
-265.306 -0.00554992
-224.49 -0.00609932
-183.673 -0.00660072
-142.857 -0.00704657
-102.041 -0.00743091
-61.2245 -0.00774934
-20.4082 -0.00799872
20.4082 -0.008177
61.2245 -0.00828294
102.041 -0.00831588
142.857 -0.00827562
183.673 -0.00816242
224.49 -0.00797695
265.306 -0.00772056
306.122 -0.00739538
346.939 -0.00700466
387.755 -0.00655297
428.571 -0.0060464
469.388 -0.00549267
510.204 -0.00490109
551.02 -0.0042823
591.837 -0.00364797
632.653 -0.00301025
673.469 -0.00238118
714.286 -0.00177213
755.102 -0.00119319
795.918 -0.000652793
836.735 -0.000157393
877.551 0.000288631
918.367 0.000682929
959.184 0.00102501
1000 0.00131597
