-1000 0.00899284
-959.184 0.00990222
-918.367 0.0109282
-877.551 0.0120889
-836.735 0.0134054
-795.918 0.0149026
-755.102 0.0166098
-714.286 0.0185609
-673.469 0.020794
-632.653 0.0233498
-591.837 0.0262654
-551.02 0.0295594
-510.204 0.0331945
-469.388 0.0369875
-428.571 0.0403897
-387.755 0.0419481
-346.939 0.0380003
-306.122 0.0198175
-265.306 -0.0304661
-224.49 -0.134492
-183.673 -0.270174
-142.857 -0.320943
-102.041 -0.224819
-61.2245 -0.0914731
-20.4082 -0.00768717
20.4082 0.0286902
61.2245 0.0404012
102.041 0.0417718
142.857 0.0393055
183.673 0.0356647
224.49 0.0318902
265.306 0.028364
306.122 0.0252022
346.939 0.022416
387.755 0.0199778
428.571 0.017848
469.388 0.0159864
510.204 0.0143563
551.02 0.0129254
591.837 0.0116661
632.653 0.0105548
673.469 0.00957151
714.286 0.00869921
755.102 0.00792346
795.918 0.00723189
836.735 0.00661395
877.551 0.00606057
918.367 0.00556392
959.184 0.00511727
1000 0.00471476
