-1000 0.00538044
-959.184 0.00611634
-918.367 0.00699097
-877.551 0.008038
-836.735 0.0093011
-795.918 0.0108375
-755.102 0.0127227
-714.286 0.0150575
-673.469 0.0179771
-632.653 0.0216639
-591.837 0.0263637
-551.02 0.032404
-510.204 0.040206
-469.388 0.0502637
-428.571 0.0630064
-387.755 0.0783151
-346.939 0.0941034
-306.122 0.102805
-265.306 0.0853765
-224.49 0.0125618
-183.673 -0.113527
-142.857 -0.210436
-102.041 -0.239313
-61.2245 -0.255383
-20.4082 -0.248978
20.4082 -0.230858
61.2245 -0.176551
102.041 -0.0539181
142.857 0.0537044
183.673 0.0982786
224.49 0.100643
265.306 0.0872333
306.122 0.0711686
346.939 0.0569247
387.755 0.0454265
428.571 0.0364465
469.388 0.0294952
510.204 0.0241046
551.02 0.0198958
591.837 0.0165805
632.653 0.0139435
673.469 0.0118254
714.286 0.0101079
755.102 0.00870267
795.918 0.00754298
836.735 0.00657827
877.551 0.00576973
918.367 0.00508734
959.184 0.00450766
1000 0.00401222
