-1000 0.00158407
-959.184 0.0016872
-918.367 0.00179903
-877.551 0.00192042
-836.735 0.00205233
-795.918 0.00219585
-755.102 0.00235217
-714.286 0.0025226
-673.469 0.00270861
-632.653 0.00291181
-591.837 0.00313396
-551.02 0.003377
-510.204 0.00364303
-469.388 0.0039343
-428.571 0.00425321
-387.755 0.00460224
-346.939 0.00498391
-306.122 0.00540064
-265.306 0.00585459
-224.49 0.0063474
-183.673 0.00687976
-142.857 0.00745085
-102.041 0.00805748
-61.2245 0.00869285
-20.4082 0.00934484
20.4082 0.00999346
61.2245 0.0106075
102.041 0.0111396
142.857 0.0115202
183.673 0.0116494
224.49 0.0113869
265.306 0.0105419
306.122 0.00886532
346.939 0.00605045
387.755 0.00175525
428.571 -0.00433632
469.388 -0.0123941
510.204 -0.022261
551.02 -0.0332607
591.837 -0.0441139
632.653 -0.0531066
673.469 -0.0585386
714.286 -0.059282
755.102 -0.0551771
795.918 -0.0470897
836.735 -0.0366046
877.551 -0.0254887
918.367 -0.0151834
959.184 -0.00654619
1000 0.000128344
