-1000 1.63691
-959.184 -4.53263
-918.367 1.10455
-877.551 0.618856
-836.735 -2.66719
-795.918 3.03783
-755.102 -4.03678
-714.286 2.28643
-673.469 0.0268255
-632.653 -1.47818
-591.837 2.94026
-551.02 -4.24318
-510.204 2.78803
-469.388 -0.936437
-428.571 -0.424172
-387.755 2.59302
-346.939 -4.13203
-306.122 3.08889
-265.306 -1.95725
-224.49 0.539514
-183.673 2.06536
-142.857 -3.67293
-102.041 3.22354
-61.2245 -2.92088
-20.4082 1.36059
20.4082 1.35177
61.2245 -2.94842
102.041 3.17373
142.857 -3.75211
183.673 1.94361
224.49 0.350246
265.306 -2.26413
306.122 2.55575
346.939 -5.13284
387.755 0.895973
428.571 1.47359
469.388 0.796573
510.204 0.447161
551.02 0.275399
591.837 0.18327
632.653 0.129408
673.469 0.0956148
714.286 0.0731844
755.102 0.0576088
795.918 0.0463897
836.735 0.0380612
877.551 0.0317208
918.367 0.0267902
959.184 0.0228855
1000 0.0197442
