-1000 0.0152616
-959.184 0.0167786
-918.367 0.0184976
-877.551 0.0204527
-836.735 0.0226851
-795.918 0.0252448
-755.102 0.0281931
-714.286 0.0316058
-673.469 0.0355773
-632.653 0.0402269
-591.837 0.0457068
-551.02 0.0522148
-510.204 0.0600116
-469.388 0.0694493
-428.571 0.0810143
-387.755 0.0953992
-346.939 0.113625
-306.122 0.13726
-265.306 0.16884
-224.49 0.212716
-183.673 0.276964
-142.857 0.378118
-102.041 0.554182
-61.2245 0.897482
-20.4082 1.48398
20.4082 -0.542754
61.2245 -4.26864
102.041 2.17668
142.857 -4.63608
183.673 1.06161
224.49 -0.681124
265.306 -3.67696
306.122 1.53132
346.939 1.08484
387.755 0.648007
428.571 0.428114
469.388 0.306888
510.204 0.232292
551.02 0.182491
591.837 0.147237
632.653 0.121178
673.469 0.101276
714.286 0.0856846
755.102 0.0732249
795.918 0.0631067
836.735 0.0547813
877.551 0.0478559
918.367 0.0420414
959.184 0.0371205
1000 0.0329267
