-1000 0.00112908
-959.184 0.00123184
-918.367 0.00134737
-877.551 0.00147772
-836.735 0.00162532
-795.918 0.0017931
-755.102 0.0019846
-714.286 0.00220411
-673.469 0.00245692
-632.653 0.00274948
-591.837 0.00308985
-551.02 0.00348804
-510.204 0.00395669
-469.388 0.0045118
-428.571 0.00517384
-387.755 0.00596923
-346.939 0.00693234
-306.122 0.00810837
-265.306 0.0095572
-224.49 0.0113589
-183.673 0.0136214
-142.857 0.0164907
-102.041 0.0201643
-61.2245 0.0249064
-20.4082 0.0310594
20.4082 0.0390299
61.2245 0.0491868
102.041 0.0614916
142.857 0.0743898
183.673 0.0819494
224.49 0.0682917
265.306 0.00493503
306.122 -0.120394
346.939 -0.240353
387.755 -0.280507
428.571 -0.273057
469.388 -0.200202
510.204 -0.0649566
551.02 0.0381561
591.837 0.0779189
632.653 0.0802795
673.469 0.0693887
714.286 0.0563557
755.102 0.0448473
795.918 0.0355968
836.735 0.0284038
877.551 0.0228612
918.367 0.0185831
959.184 0.0152589
1000 0.0126528
