-1000 0.0196919
-959.184 0.022705
-918.367 0.0263628
-877.551 0.0308571
-836.735 0.03646
-795.918 0.0435693
-755.102 0.0527889
-714.286 0.0650758
-673.469 0.0820256
-632.653 0.106468
-591.837 0.143815
-551.02 0.205465
-510.204 0.318305
-469.388 0.550541
-428.571 1.00137
-387.755 0.035938
-346.939 -6.57795
-306.122 0.591191
-265.306 0.925735
-224.49 0.503364
-183.673 0.296172
-142.857 0.193897
-102.041 0.137047
-61.2245 0.102154
-20.4082 0.0790946
20.4082 0.0629845
61.2245 0.0512391
102.041 0.0423862
142.857 0.0355351
183.673 0.0301201
224.49 0.0257662
265.306 0.0222158
306.122 0.0192863
346.939 0.016845
387.755 0.0147928
428.571 0.0130549
469.388 0.0115732
510.204 0.0103025
551.02 0.0092068
591.837 0.00825735
632.653 0.00743088
673.469 0.00670841
714.286 0.00607435
755.102 0.00551582
795.918 0.00502209
836.735 0.00458422
877.551 0.00419466
918.367 0.00384705
959.184 0.003536
1000 0.0032569
