-1000 0.00573793
-959.184 0.00577255
-918.367 0.00576371
-877.551 0.00570187
-836.735 0.00557626
-795.918 0.00537498
-755.102 0.00508506
-714.286 0.00469278
-673.469 0.00418402
-632.653 0.00354488
-591.837 0.00276242
-551.02 0.00182569
-510.204 0.000726816
-469.388 -0.000537681
-428.571 -0.00196565
-387.755 -0.0035482
-346.939 -0.00526889
-306.122 -0.00710343
-265.306 -0.00902008
-224.49 -0.0109807
-183.673 -0.0129422
-142.857 -0.0148593
-102.041 -0.0166862
-61.2245 -0.0183793
-20.4082 -0.0198989
20.4082 -0.0212106
61.2245 -0.0222863
102.041 -0.0231039
142.857 -0.0236476
183.673 -0.0239073
224.49 -0.0238784
265.306 -0.0235613
306.122 -0.0229618
346.939 -0.0220912
387.755 -0.0209663
428.571 -0.0196106
469.388 -0.0180534
510.204 -0.0163302
551.02 -0.0144817
591.837 -0.012552
632.653 -0.010587
673.469 -0.00863194
714.286 -0.00672884
755.102 -0.00491475
795.918 -0.00322
836.735 -0.0016673
877.551 -0.000271544
918.367 0.000959802
959.184 0.00202581
1000 0.00293094
