-1000 0.000732501
-959.184 0.000680527
-918.367 0.00061072
-877.551 0.000520203
-836.735 0.000405952
-795.918 0.000264915
-755.102 9.41795e-05
-714.286 -0.0001088
-673.469 -0.000345895
-632.653 -0.000617929
-591.837 -0.000924246
-551.02 -0.00126224
-510.204 -0.00162692
-469.388 -0.00201053
-428.571 -0.00240243
-387.755 -0.00278918
-346.939 -0.00315507
-306.122 -0.00348306
-265.306 -0.0037561
-224.49 -0.00395875
-183.673 -0.00407882
-142.857 -0.0041088
-102.041 -0.00404678
-61.2245 -0.00389668
-20.4082 -0.00366781
20.4082 -0.00337366
61.2245 -0.00303043
102.041 -0.00265535
142.857 -0.00226511
183.673 -0.00187472
224.49 -0.00149667
265.306 -0.0011406
306.122 -0.000813252
346.939 -0.000518747
387.755 -0.000258953
428.571 -3.39542e-05
469.388 0.000157485
510.204 0.000317512
551.02 0.000448831
591.837 0.000554427
632.653 0.000637357
673.469 0.000700605
714.286 0.000746979
755.102 0.000779061
795.918 0.000799171
836.735 0.000809363
877.551 0.000811432
918.367 0.000806927
959.184 0.000797171
1000 0.000783289
