-1000 0.00707653
-959.184 0.0073813
-918.367 0.00764879
-877.551 0.00785902
-836.735 0.00798712
-795.918 0.00800311
-755.102 0.00787236
-714.286 0.00755701
-673.469 0.00701869
-632.653 0.00622292
-591.837 0.00514497
-551.02 0.00377668
-510.204 0.00213285
-469.388 0.000255083
-428.571 -0.00178865
-387.755 -0.0039101
-346.939 -0.00601172
-306.122 -0.00800007
-265.306 -0.00979821
-224.49 -0.0113538
-183.673 -0.012642
-142.857 -0.0136627
-102.041 -0.0144354
-61.2245 -0.0149917
-20.4082 -0.0153695
20.4082 -0.0156076
61.2245 -0.0157423
102.041 -0.0158056
142.857 -0.0158239
183.673 -0.0158182
224.49 -0.0158042
265.306 -0.0157925
306.122 -0.015789
346.939 -0.0157953
387.755 -0.0158086
428.571 -0.0158214
469.388 -0.0158218
510.204 -0.0157924
551.02 -0.0157108
591.837 -0.0155486
632.653 -0.0152726
673.469 -0.0148453
714.286 -0.0142279
755.102 -0.0133838
795.918 -0.0122841
836.735 -0.0109146
877.551 -0.00928238
918.367 -0.00742046
959.184 -0.00538909
1000 -0.00327127
