-1000 1.63385
-959.184 -4.66445
-918.367 0.922206
-877.551 0.428911
-836.735 -2.84561
-795.918 2.88717
-755.102 -4.17455
-714.286 2.17339
-673.469 -0.0737186
-632.653 -1.56745
-591.837 2.86692
-551.02 -4.31558
-510.204 2.73003
-469.388 -0.993346
-428.571 -0.475823
-387.755 2.54914
-346.939 -4.17962
-306.122 3.0518
-265.306 -1.99823
-224.49 0.502935
-183.673 2.03245
-142.857 -3.71008
-102.041 3.19573
-61.2245 -2.95404
-20.4082 1.33408
20.4082 1.32864
61.2245 -2.97063
102.041 3.16716
142.857 -3.7521
183.673 1.9747
224.49 0.426093
265.306 -2.09903
306.122 2.91993
346.939 -4.35317
387.755 2.31751
428.571 -0.792558
469.388 -1.44383
510.204 2.04686
551.02 -5.44553
591.837 1.21695
632.653 1.49321
673.469 0.916411
714.286 0.605671
755.102 0.432609
795.918 0.324957
836.735 0.252492
877.551 0.201095
918.367 0.163293
959.184 0.134725
1000 0.112666
