-1000 0.00362685
-959.184 0.00401909
-918.367 0.00446979
-877.551 0.00499022
-836.735 0.00559436
-795.918 0.00629965
-755.102 0.00712808
-714.286 0.00810759
-673.469 0.00927402
-632.653 0.0106739
-591.837 0.0123682
-551.02 0.014438
-510.204 0.0169923
-469.388 0.0201799
-428.571 0.0242077
-387.755 0.0293677
-346.939 0.0360808
-306.122 0.0449667
-265.306 0.0569614
-224.49 0.0735176
-183.673 0.0969655
-142.857 0.131193
-102.041 0.183025
-61.2245 0.26532
-20.4082 0.404882
20.4082 0.664148
61.2245 1.16815
102.041 1.29422
142.857 -5.33267
183.673 0.756226
224.49 -0.810029
265.306 -3.73529
306.122 1.49261
346.939 1.04328
387.755 0.597455
428.571 0.370205
469.388 0.245449
510.204 0.17076
551.02 0.123217
591.837 0.0915685
632.653 0.0697464
673.469 0.0542538
714.286 0.0429766
755.102 0.0345878
795.918 0.0282273
836.735 0.0233225
877.551 0.0194828
918.367 0.0164362
959.184 0.0139893
1000 0.0120023
