-1000 0.00054881
-959.184 0.000580869
-918.367 0.000615383
-877.551 0.000652582
-836.735 0.000692719
-795.918 0.000736076
-755.102 0.000782963
-714.286 0.000833728
-673.469 0.000888754
-632.653 0.000948469
-591.837 0.00101335
-551.02 0.00108391
-510.204 0.00116075
-469.388 0.00124451
-428.571 0.0013359
-387.755 0.00143573
-346.939 0.00154485
-306.122 0.00166423
-265.306 0.0017949
-224.49 0.00193799
-183.673 0.00209471
-142.857 0.0022663
-102.041 0.00245407
-61.2245 0.00265929
-20.4082 0.00288316
20.4082 0.00312665
61.2245 0.00339039
102.041 0.00367434
142.857 0.00397751
183.673 0.00429735
224.49 0.00462899
265.306 0.0049642
306.122 0.00528977
346.939 0.00558543
387.755 0.00582089
428.571 0.00595199
469.388 0.00591576
510.204 0.00562462
551.02 0.00496046
591.837 0.00377085
632.653 0.00187182
673.469 -0.000934012
714.286 -0.00481128
755.102 -0.00980375
795.918 -0.0157044
836.735 -0.0219249
877.551 -0.0274697
918.367 -0.0311425
959.184 -0.0319964
1000 -0.029794
