-1000 -0.00150557
-959.184 -0.00161906
-918.367 -0.00171188
-877.551 -0.00178025
-836.735 -0.00182127
-795.918 -0.00183315
-755.102 -0.00181536
-714.286 -0.00176869
-673.469 -0.00169516
-632.653 -0.00159788
-591.837 -0.00148077
-551.02 -0.00134831
-510.204 -0.00120516
-469.388 -0.00105595
-428.571 -0.000904994
-387.755 -0.000756092
-346.939 -0.00061244
-306.122 -0.000476562
-265.306 -0.000350309
-224.49 -0.000234906
-183.673 -0.000131021
-142.857 -3.88509e-05
-102.041 4.17812e-05
-61.2245 0.000111339
-20.4082 0.00017049
20.4082 0.000220033
61.2245 0.000260837
102.041 0.000293801
142.857 0.000319813
183.673 0.000339725
224.49 0.00035434
265.306 0.000364396
306.122 0.000370565
346.939 0.000373451
387.755 0.000373589
428.571 0.00037145
469.388 0.000367445
510.204 0.00036193
551.02 0.000355212
591.837 0.000347554
632.653 0.000339178
673.469 0.000330273
714.286 0.000320997
755.102 0.000311482
795.918 0.000301839
836.735 0.000292156
877.551 0.000282509
918.367 0.000272957
959.184 0.000263548
1000 0.000254319
