-1000 0.000528418
-959.184 0.000556383
-918.367 0.000586136
-877.551 0.000617795
-836.735 0.000651481
-795.918 0.000687321
-755.102 0.000725442
-714.286 0.000765972
-673.469 0.000809039
-632.653 0.000854762
-591.837 0.000903251
-551.02 0.000954597
-510.204 0.00100887
-469.388 0.00106609
-428.571 0.00112623
-387.755 0.00118921
-346.939 0.00125484
-306.122 0.0013228
-265.306 0.00139261
-224.49 0.00146358
-183.673 0.00153474
-142.857 0.00160477
-102.041 0.00167191
-61.2245 0.0017338
-20.4082 0.00178743
20.4082 0.00182885
61.2245 0.00185311
102.041 0.00185394
142.857 0.00182358
183.673 0.00175257
224.49 0.00162954
265.306 0.00144123
306.122 0.00117256
346.939 0.000807152
387.755 0.00032828
428.571 -0.000279426
469.388 -0.00102744
510.204 -0.00191977
551.02 -0.00294858
591.837 -0.00408943
632.653 -0.00529734
673.469 -0.00650534
714.286 -0.0076273
755.102 -0.0085666
795.918 -0.00923035
836.735 -0.00954639
877.551 -0.00947849
918.367 -0.00903453
959.184 -0.0082647
1000 -0.00725036
