-1000 0.000542252
-959.184 -0.00100341
-918.367 -0.00287864
-877.551 -0.00507101
-836.735 -0.00753379
-795.918 -0.0101793
-755.102 -0.0128776
-714.286 -0.0154629
-673.469 -0.0177488
-632.653 -0.0195507
-591.837 -0.0207111
-551.02 -0.0211238
-510.204 -0.0207501
-469.388 -0.019625
-428.571 -0.0178519
-387.755 -0.0155859
-346.939 -0.013011
-306.122 -0.0103142
-265.306 -0.00766263
-224.49 -0.00518828
-183.673 -0.00298096
-142.857 -0.00108933
-102.041 0.000472678
-61.2245 0.00171686
-20.4082 0.00267159
20.4082 0.00337397
61.2245 0.00386392
102.041 0.00418023
142.857 0.00435823
183.673 0.00442868
224.49 0.00441749
265.306 0.00434589
306.122 0.00423097
346.939 0.00408619
387.755 0.00392201
428.571 0.00374643
469.388 0.00356546
510.204 0.00338356
551.02 0.00320397
591.837 0.00302896
632.653 0.00286009
673.469 0.00269836
714.286 0.00254438
755.102 0.00239843
795.918 0.00226057
836.735 0.00213071
877.551 0.00200863
918.367 0.00189406
959.184 0.00178664
1000 0.00168604
