-1000 0.00117899
-959.184 0.00127157
-918.367 0.00137394
-877.551 0.0014874
-836.735 0.00161346
-795.918 0.00175389
-755.102 0.00191074
-714.286 0.00208643
-673.469 0.0022838
-632.653 0.00250621
-591.837 0.00275763
-551.02 0.00304279
-510.204 0.00336735
-469.388 0.00373809
-428.571 0.00416317
-387.755 0.00465245
-346.939 0.0052179
-306.122 0.00587407
-265.306 0.00663873
-224.49 0.00753364
-183.673 0.00858543
-142.857 0.00982677
-102.041 0.0112976
-61.2245 0.0130466
-20.4082 0.0151322
20.4082 0.0176234
61.2245 0.0205985
102.041 0.02414
142.857 0.0283189
183.673 0.0331585
224.49 0.038547
265.306 0.0440333
306.122 0.0483374
346.939 0.0481834
387.755 0.0357068
428.571 -0.00566978
469.388 -0.0988934
510.204 -0.233837
551.02 -0.305221
591.837 -0.227367
632.653 -0.0928293
673.469 -0.00254263
714.286 0.0368349
755.102 0.0483903
795.918 0.0481881
836.735 0.0437711
877.551 0.0382693
918.367 0.0329016
959.184 0.0280941
1000 0.0239483
