-1000 -0.00424589
-959.184 -0.00476232
-918.367 -0.00523739
-877.551 -0.00565646
-836.735 -0.00600616
-795.918 -0.0062751
-755.102 -0.00645437
-714.286 -0.006538
-673.469 -0.00652319
-632.653 -0.00641042
-591.837 -0.00620348
-551.02 -0.00590926
-510.204 -0.00553744
-469.388 -0.0051001
-428.571 -0.00461104
-387.755 -0.00408517
-346.939 -0.00353772
-306.122 -0.0029835
-265.306 -0.0024362
-224.49 -0.00190783
-183.673 -0.00140833
-142.857 -0.000945313
-102.041 -0.000524087
-61.2245 -0.000147737
-20.4082 0.000182613
20.4082 0.000467482
61.2245 0.000708681
102.041 0.000908964
142.857 0.00107171
183.673 0.00120063
224.49 0.00129958
265.306 0.00137235
306.122 0.00142257
346.939 0.00145361
387.755 0.00146854
428.571 0.00147011
469.388 0.00146074
510.204 0.00144256
551.02 0.00141739
591.837 0.00138677
632.653 0.00135202
673.469 0.00131425
714.286 0.00127437
755.102 0.00123314
795.918 0.00119117
836.735 0.00114897
877.551 0.00110693
918.367 0.00106538
959.184 0.00102457
1000 0.000984673
