-1000 0.941995
-959.184 -5.74655
-918.367 -0.787458
-877.551 1.095
-836.735 0.625328
-795.918 0.358669
-755.102 0.227921
-714.286 0.155915
-673.469 0.111995
-632.653 0.0832491
-591.837 0.0634991
-551.02 0.049446
-510.204 0.0391746
-469.388 0.0315027
-428.571 0.0256669
-387.755 0.0211572
-346.939 0.0176232
-306.122 0.0148189
-265.306 0.0125683
-224.49 0.0107434
-183.673 0.00924963
-142.857 0.00801617
-102.041 0.00698949
-61.2245 0.00612857
-20.4082 0.00540166
20.4082 0.00478396
61.2245 0.00425592
102.041 0.00380203
142.857 0.00340982
183.673 0.00306926
224.49 0.0027722
265.306 0.00251195
306.122 0.00228304
346.939 0.00208091
387.755 0.00190179
428.571 0.00174252
469.388 0.00160044
510.204 0.00147331
551.02 0.00135921
591.837 0.00125654
632.653 0.0011639
673.469 0.0010801
714.286 0.00100412
755.102 0.000935071
795.918 0.000872183
836.735 0.000814788
877.551 0.0007623
918.367 0.000714208
959.184 0.000670064
1000 0.000629471
