-1000 0.00374799
-959.184 0.00404233
-918.367 0.00436612
-877.551 0.00472273
-836.735 0.0051159
-795.918 0.00554974
-755.102 0.00602879
-714.286 0.00655793
-673.469 0.00714233
-632.653 0.00778736
-591.837 0.00849832
-551.02 0.00928008
-510.204 0.0101365
-469.388 0.0110693
-428.571 0.0120769
-387.755 0.0131522
-346.939 0.014279
-306.122 0.0154276
-265.306 0.0165485
-224.49 0.0175623
-183.673 0.0183487
-142.857 0.0187312
-102.041 0.0184617
-61.2245 0.0172096
-20.4082 0.0145643
20.4082 0.0100716
61.2245 0.00332231
102.041 -0.005892
142.857 -0.0173852
183.673 -0.0304379
224.49 -0.043843
265.306 -0.0561788
306.122 -0.0661759
346.939 -0.0729542
387.755 -0.0760418
428.571 -0.075266
469.388 -0.0706674
510.204 -0.0625239
551.02 -0.0514612
591.837 -0.0385292
632.653 -0.0250983
673.469 -0.0125479
714.286 -0.00191137
755.102 0.00631289
795.918 0.0121191
836.735 0.0158184
877.551 0.017853
918.367 0.018667
959.184 0.0186407
1000 0.0180713
