-1000 0.00861704
-959.184 0.00947616
-918.367 0.010453
-877.551 0.0115684
-836.735 0.0128477
-795.918 0.0143221
-755.102 0.0160298
-714.286 0.0180188
-673.469 0.020349
-632.653 0.0230964
-591.837 0.0263578
-551.02 0.0302582
-510.204 0.0349606
-469.388 0.0406799
-428.571 0.0477034
-387.755 0.0564203
-346.939 0.067367
-306.122 0.0812965
-265.306 0.0992891
-224.49 0.122938
-183.673 0.154679
-142.857 0.198407
-102.041 0.260787
-61.2245 0.354302
-20.4082 0.505348
20.4082 0.776763
61.2245 1.29685
102.041 1.4523
142.857 -5.11305
183.673 1.10363
224.49 -0.198518
265.306 -2.59855
306.122 2.47663
346.939 -4.79549
387.755 1.80729
428.571 -1.49778
469.388 -2.57098
510.204 1.66129
551.02 1.10795
591.837 0.676209
632.653 0.451357
673.469 0.321822
714.286 0.239536
755.102 0.183708
795.918 0.144113
836.735 0.115126
877.551 0.0933825
918.367 0.076748
959.184 0.0638092
1000 0.0535989
