-1000 0.00137473
-959.184 0.00147036
-918.367 0.00157496
-877.551 0.00168958
-836.735 0.00181544
-795.918 0.00195391
-755.102 0.0021066
-714.286 0.00227536
-673.469 0.0024623
-632.653 0.00266992
-591.837 0.0029011
-551.02 0.0031592
-510.204 0.00344819
-469.388 0.00377273
-428.571 0.00413833
-387.755 0.00455155
-346.939 0.00502023
-306.122 0.00555375
-265.306 0.00616344
-224.49 0.00686303
-183.673 0.00766927
-142.857 0.00860275
-102.041 0.00968889
-61.2245 0.0109594
-20.4082 0.0124541
20.4082 0.0142235
61.2245 0.0163326
102.041 0.0188656
142.857 0.0219336
183.673 0.0256861
224.49 0.0303278
265.306 0.0361467
306.122 0.0435608
346.939 0.0531993
387.755 0.0660527
428.571 0.0837657
469.388 0.109252
510.204 0.148103
551.02 0.212152
591.837 0.3295
632.653 0.571396
673.469 1.02939
714.286 -0.20842
755.102 -6.38693
795.918 0.725307
836.735 0.904178
877.551 0.492559
918.367 0.292407
959.184 0.192685
1000 0.136654
