-1000 0.000944716
-959.184 0.000980584
-918.367 0.00101657
-877.551 0.00105231
-836.735 0.00108738
-795.918 0.00112123
-755.102 0.00115319
-714.286 0.00118248
-673.469 0.00120811
-632.653 0.00122894
-591.837 0.00124359
-551.02 0.00125046
-510.204 0.00124767
-469.388 0.00123308
-428.571 0.00120423
-387.755 0.00115839
-346.939 0.00109253
-306.122 0.00100337
-265.306 0.000887477
-224.49 0.000741327
-183.673 0.000561483
-142.857 0.000344787
-102.041 8.86183e-05
-61.2245 -0.000208812
-20.4082 -0.000548115
20.4082 -0.000928376
61.2245 -0.00134682
102.041 -0.00179851
142.857 -0.00227624
183.673 -0.00277042
224.49 -0.00326932
265.306 -0.00375938
306.122 -0.00422585
346.939 -0.00465343
387.755 -0.00502718
428.571 -0.00533338
469.388 -0.00556038
510.204 -0.0056993
551.02 -0.00574463
591.837 -0.00569454
632.653 -0.00555106
673.469 -0.00531987
714.286 -0.00500999
755.102 -0.0046332
795.918 -0.00420332
836.735 -0.00373532
877.551 -0.00324446
918.367 -0.00274549
959.184 -0.00225187
1000 -0.00177524
