-1000 0.00972696
-959.184 0.011131
-918.367 0.0128173
-877.551 0.0148593
-836.735 0.0173538
-795.918 0.0204295
-755.102 0.0242583
-714.286 0.0290714
-673.469 0.0351781
-632.653 0.0429854
-591.837 0.0530035
-551.02 0.0657933
-510.204 0.0817225
-469.388 0.100174
-428.571 0.117369
-387.755 0.12157
-346.939 0.0878283
-306.122 -0.00727433
-265.306 -0.12431
-224.49 -0.175086
-183.673 -0.181097
-142.857 -0.177969
-102.041 -0.16019
-61.2245 -0.162252
-20.4082 -0.159493
20.4082 -0.167201
61.2245 -0.182197
102.041 -0.179125
142.857 -0.162368
183.673 -0.0753875
224.49 0.0429311
265.306 0.109752
306.122 0.122559
346.939 0.110275
387.755 0.0916857
428.571 0.0741664
469.388 0.0596616
510.204 0.0481856
551.02 0.0392313
591.837 0.0322465
632.653 0.026766
673.469 0.0224289
714.286 0.0189637
755.102 0.016168
795.918 0.0138908
836.735 0.0120193
877.551 0.010468
918.367 0.00917174
959.184 0.00808061
1000 0.00715576
