-1000 -0.0157645
-959.184 -0.0194468
-918.367 -0.0229151
-877.551 -0.0260151
-836.735 -0.028616
-795.918 -0.0306171
-755.102 -0.0319487
-714.286 -0.0325687
-673.469 -0.0324589
-632.653 -0.0316225
-591.837 -0.0300845
-551.02 -0.0278947
-510.204 -0.0251321
-469.388 -0.0219067
-428.571 -0.0183572
-387.755 -0.0146428
-346.939 -0.0109289
-306.122 -0.00737012
-265.306 -0.00409506
-224.49 -0.0011958
-183.673 0.00127562
-142.857 0.00330436
-102.041 0.00490555
-61.2245 0.00611521
-20.4082 0.00698143
20.4082 0.00755707
61.2245 0.0078944
102.041 0.00804174
142.857 0.00804168
183.673 0.0079304
224.49 0.0077378
265.306 0.00748799
306.122 0.00720006
346.939 0.00688882
387.755 0.00656558
428.571 0.00623881
469.388 0.00591472
510.204 0.00559778
551.02 0.00529108
591.837 0.00499665
632.653 0.00471575
673.469 0.00444904
714.286 0.00419674
755.102 0.00395877
795.918 0.0037348
836.735 0.00352437
877.551 0.00332692
918.367 0.0031418
959.184 0.00296837
1000 0.00280594
