-1000 0.0320281
-959.184 0.0369963
-918.367 0.0430192
-877.551 0.050395
-836.735 0.0595351
-795.918 0.0710238
-755.102 0.085719
-714.286 0.104933
-673.469 0.130778
-632.653 0.166865
-591.837 0.21986
-551.02 0.303304
-510.204 0.448027
-469.388 0.730203
-428.571 1.26695
-387.755 0.468185
-346.939 -5.79474
-306.122 1.66853
-265.306 -3.50723
-224.49 -1.48652
-183.673 1.41455
-142.857 0.862733
-102.041 0.51278
-61.2245 0.33808
-20.4082 0.240778
20.4082 0.180558
61.2245 0.140305
102.041 0.111864
142.857 0.0909324
183.673 0.0750469
224.49 0.0627026
265.306 0.0529292
306.122 0.0450738
346.939 0.0386806
387.755 0.0334221
428.571 0.0290572
469.388 0.0254048
510.204 0.0223265
551.02 0.019715
591.837 0.0174864
632.653 0.015574
673.469 0.0139246
714.286 0.0124952
755.102 0.0112509
795.918 0.0101633
836.735 0.00920875
877.551 0.00836791
918.367 0.0076246
959.184 0.00696529
1000 0.00637862
