-1000 0.0517657
-959.184 0.0720411
-918.367 0.104438
-877.551 0.159415
-836.735 0.259892
-795.918 0.460035
-755.102 0.884932
-714.286 1.55486
-673.469 -1.63357
-632.653 -2.58203
-591.837 1.95493
-551.02 -5.54306
-510.204 0.901958
-469.388 1.30351
-428.571 0.676125
-387.755 0.362168
-346.939 0.211834
-306.122 0.133663
-265.306 0.0895266
-224.49 0.0628423
-183.673 0.0457921
-142.857 0.034397
-102.041 0.0264942
-61.2245 0.0208416
-20.4082 0.0166914
20.4082 0.0135755
61.2245 0.0111904
102.041 0.00933366
142.857 0.00786649
183.673 0.00669178
224.49 0.00574007
265.306 0.0049608
306.122 0.00431659
346.939 0.00377937
387.755 0.00332781
428.571 0.00294548
469.388 0.00261959
510.204 0.00234009
551.02 0.00209901
591.837 0.00188997
632.653 0.0017078
673.469 0.00154833
714.286 0.00140812
755.102 0.00128435
795.918 0.00117468
836.735 0.00107716
877.551 0.000990144
918.367 0.000912258
959.184 0.000842335
1000 0.000779382
