-1000 0.00182061
-959.184 0.00195206
-918.367 0.0020963
-877.551 0.00225491
-836.735 0.00242969
-795.918 0.00262272
-755.102 0.00283642
-714.286 0.00307356
-673.469 0.00333739
-632.653 0.0036317
-591.837 0.0039609
-551.02 0.00433021
-510.204 0.00474576
-469.388 0.00521481
-428.571 0.00574599
-387.755 0.0063496
-346.939 0.00703795
-306.122 0.00782585
-265.306 0.00873117
-224.49 0.00977555
-183.673 0.0109853
-142.857 0.0123924
-102.041 0.0140361
-61.2245 0.0159643
-20.4082 0.0182357
20.4082 0.0209221
61.2245 0.0241106
102.041 0.0279064
142.857 0.0324335
183.673 0.037833
224.49 0.044254
265.306 0.0518272
306.122 0.0605997
346.939 0.0703794
387.755 0.0803649
428.571 0.0882596
469.388 0.0882054
510.204 0.0666271
551.02 -0.00181337
591.837 -0.139122
632.653 -0.302505
673.469 -0.389624
714.286 -0.397733
755.102 -0.339689
795.918 -0.190122
836.735 -0.0357526
877.551 0.0524292
918.367 0.0849087
959.184 0.0894977
1000 0.0831234
