-1000 0.00303037
-959.184 0.00328348
-918.367 0.00356536
-877.551 0.00388015
-836.735 0.00423272
-795.918 0.0046288
-755.102 0.00507517
-714.286 0.00557983
-673.469 0.00615233
-632.653 0.00680401
-591.837 0.00754842
-551.02 0.00840174
-510.204 0.00938329
-469.388 0.0105161
-428.571 0.0118273
-387.755 0.0133487
-346.939 0.0151169
-306.122 0.0171721
-265.306 0.0195557
-224.49 0.0223039
-183.673 0.0254348
-142.857 0.0289225
-102.041 0.0326501
-61.2245 0.0363271
-20.4082 0.0393605
20.4082 0.0406854
61.2245 0.0386442
102.041 0.0311666
142.857 0.016679
183.673 -0.0041831
224.49 -0.0274566
265.306 -0.0476476
306.122 -0.0614265
346.939 -0.0687955
387.755 -0.071531
428.571 -0.071732
469.388 -0.0709462
510.204 -0.0701442
551.02 -0.0698511
591.837 -0.0701745
632.653 -0.0709924
673.469 -0.0717553
714.286 -0.0714706
755.102 -0.0685551
795.918 -0.0609001
836.735 -0.0467777
877.551 -0.0263238
918.367 -0.00303761
959.184 0.0175733
1000 0.0316997
