-1000 0.00197539
-959.184 0.00216839
-918.367 0.00238747
-877.551 0.00263719
-836.735 0.00292313
-795.918 0.00325212
-755.102 0.00363261
-714.286 0.00407515
-673.469 0.00459296
-632.653 0.00520285
-591.837 0.00592635
-551.02 0.00679137
-510.204 0.00783449
-469.388 0.00910438
-428.571 0.0106667
-387.755 0.0126113
-346.939 0.015064
-306.122 0.0182038
-265.306 0.0222921
-224.49 0.0277204
-183.673 0.0350935
-142.857 0.0453798
-102.041 0.0601952
-61.2245 0.0823733
-20.4082 0.117184
20.4082 0.175135
61.2245 0.278938
102.041 0.481652
142.857 0.906268
183.673 1.60965
224.49 -1.07862
265.306 -2.90684
306.122 2.46275
346.939 -4.66351
387.755 1.99413
428.571 -1.3014
469.388 -2.43759
510.204 1.66027
551.02 1.0005
591.837 0.526884
632.653 0.301074
673.469 0.186964
714.286 0.124035
755.102 0.086612
795.918 0.0629598
836.735 0.0472617
877.551 0.0364205
918.367 0.0286838
959.184 0.0230091
1000 0.0187488
