-1000 0.017164
-959.184 0.0191379
-918.367 0.0214273
-877.551 0.0240969
-836.735 0.0272273
-795.918 0.0309199
-755.102 0.0353016
-714.286 0.0405326
-673.469 0.0468142
-632.653 0.0543978
-591.837 0.0635912
-551.02 0.0747576
-510.204 0.0882888
-469.388 0.104515
-428.571 0.123456
-387.755 0.144179
-346.939 0.163252
-306.122 0.171337
-265.306 0.14794
-224.49 0.0643005
-183.673 -0.0735913
-142.857 -0.177219
-102.041 -0.203447
-61.2245 -0.207891
-20.4082 -0.187283
20.4082 -0.168563
61.2245 -0.156063
102.041 -0.135395
142.857 -0.133165
183.673 -0.120746
224.49 -0.119307
265.306 -0.121403
306.122 -0.117926
346.939 -0.131536
387.755 -0.133692
428.571 -0.150154
469.388 -0.16668
510.204 -0.180465
551.02 -0.205447
591.837 -0.205563
632.653 -0.189065
673.469 -0.106966
714.286 0.0327578
755.102 0.133626
795.918 0.169543
836.735 0.166873
877.551 0.149329
918.367 0.128543
959.184 0.109008
1000 0.0920837
