-1000 0.0012231
-959.184 0.00124542
-918.367 0.00126035
-877.551 0.0012658
-836.735 0.00125928
-795.918 0.00123788
-755.102 0.00119822
-714.286 0.00113645
-673.469 0.00104825
-632.653 0.000928873
-591.837 0.000773244
-551.02 0.000576134
-510.204 0.000332418
-469.388 3.74545e-05
-428.571 -0.00031242
-387.755 -0.000719268
-346.939 -0.00118282
-306.122 -0.00169967
-265.306 -0.00226256
-224.49 -0.00285971
-183.673 -0.00347458
-142.857 -0.004086
-102.041 -0.00466903
-61.2245 -0.00519636
-20.4082 -0.00564051
20.4082 -0.0059763
61.2245 -0.0061835
102.041 -0.00624913
142.857 -0.006169
183.673 -0.00594822
224.49 -0.00560059
265.306 -0.00514693
306.122 -0.00461277
346.939 -0.0040257
387.755 -0.00341286
428.571 -0.00279889
469.388 -0.00220449
510.204 -0.00164576
551.02 -0.00113398
591.837 -0.000676005
632.653 -0.000274887
673.469 6.93717e-05
714.286 0.000359025
755.102 0.00059786
795.918 0.000790587
836.735 0.000942357
877.551 0.00105839
918.367 0.00114374
959.184 0.00120311
1000 0.00124078
