-1000 0.00309611
-959.184 0.00320158
-918.367 0.00329812
-877.551 0.00338176
-836.735 0.0034476
-795.918 0.00348962
-755.102 0.00350056
-714.286 0.00347169
-673.469 0.00339269
-632.653 0.00325151
-591.837 0.00303436
-551.02 0.00272574
-510.204 0.00230876
-469.388 0.00176566
-428.571 0.00107871
-387.755 0.000231579
-346.939 -0.000788771
-306.122 -0.0019897
-265.306 -0.00336999
-224.49 -0.00491679
-183.673 -0.00660275
-142.857 -0.00838398
-102.041 -0.0101995
-61.2245 -0.0119731
-20.4082 -0.0136174
20.4082 -0.0150408
61.2245 -0.0161566
102.041 -0.0168919
142.857 -0.0171965
183.673 -0.0170492
224.49 -0.0164603
265.306 -0.0154705
306.122 -0.0141453
346.939 -0.012568
387.755 -0.0108294
428.571 -0.00901913
469.388 -0.00721811
510.204 -0.00549293
551.02 -0.0038935
591.837 -0.00245278
632.653 -0.00118841
673.469 -0.000105316
714.286 0.000801191
755.102 0.00154247
795.918 0.00213394
836.735 0.00259302
877.551 0.00293758
918.367 0.00318491
959.184 0.00335102
1000 0.00345032
