-1000 0.000893327
-959.184 0.000944095
-918.367 0.000997776
-877.551 0.00105441
-836.735 0.00111397
-795.918 0.0011764
-755.102 0.00124152
-714.286 0.00130904
-673.469 0.00137853
-632.653 0.00144933
-591.837 0.00152055
-551.02 0.00159094
-510.204 0.00165882
-469.388 0.00172198
-428.571 0.00177754
-387.755 0.00182177
-346.939 0.00184991
-306.122 0.001856
-265.306 0.00183258
-224.49 0.00177054
-183.673 0.00165892
-142.857 0.00148482
-102.041 0.0012335
-61.2245 0.000888782
-20.4082 0.000433907
20.4082 -0.000146946
61.2245 -0.000866278
102.041 -0.00172993
142.857 -0.0027328
183.673 -0.00385413
224.49 -0.0050533
265.306 -0.00626765
306.122 -0.00741438
346.939 -0.008398
387.755 -0.00912355
428.571 -0.00951335
469.388 -0.00952306
510.204 -0.00915154
551.02 -0.00844115
591.837 -0.00746825
632.653 -0.00632735
673.469 -0.00511427
714.286 -0.00391267
755.102 -0.0027863
795.918 -0.00177686
836.735 -0.000906024
877.551 -0.000179541
918.367 0.000407978
959.184 0.000868793
1000 0.00121862
