-1000 0.00291596
-959.184 0.00296962
-918.367 0.00300623
-877.551 0.00302104
-836.735 0.00300848
-795.918 0.00296209
-755.102 0.00287446
-714.286 0.00273728
-673.469 0.00254138
-632.653 0.00227688
-591.837 0.00193352
-551.02 0.00150103
-510.204 0.000969814
-469.388 0.000331672
-428.571 -0.000419168
-387.755 -0.00128495
-346.939 -0.00226317
-306.122 -0.00334551
-265.306 -0.00451686
-224.49 -0.00575487
-183.673 -0.00702999
-142.857 -0.00830631
-102.041 -0.00954299
-61.2245 -0.0106965
-20.4082 -0.0117231
20.4082 -0.0125817
61.2245 -0.0132368
102.041 -0.0136603
142.857 -0.013834
183.673 -0.0137501
224.49 -0.0134125
265.306 -0.0128358
306.122 -0.0120447
346.939 -0.0110724
387.755 -0.00995844
428.571 -0.00874585
469.388 -0.00747857
510.204 -0.00619865
551.02 -0.00494395
591.837 -0.00374635
632.653 -0.00263077
673.469 -0.00161483
714.286 -0.000709132
755.102 8.18985e-05
795.918 0.000758984
836.735 0.0013268
877.551 0.0017928
918.367 0.00216621
959.184 0.00245713
1000 0.00267589
