-1000 0.0100699
-959.184 0.0114672
-918.367 0.0130983
-877.551 0.0149976
-836.735 0.0171954
-795.918 0.0197072
-755.102 0.022512
-714.286 0.0255123
-673.469 0.0284638
-632.653 0.0308601
-591.837 0.0317722
-551.02 0.0296952
-510.204 0.0225996
-469.388 0.0085814
-428.571 -0.0126006
-387.755 -0.0379588
-346.939 -0.0620343
-306.122 -0.0804116
-265.306 -0.0919005
-224.49 -0.0973412
-183.673 -0.0978095
-142.857 -0.0934325
-102.041 -0.0832493
-61.2245 -0.0662501
-20.4082 -0.0430578
20.4082 -0.0174946
61.2245 0.00487462
102.041 0.0203938
142.857 0.0287475
183.673 0.031655
224.49 0.0312005
265.306 0.02901
306.122 0.026118
346.939 0.0231015
387.755 0.0202464
428.571 0.0176726
469.388 0.0154124
510.204 0.0134556
551.02 0.0117736
591.837 0.0103323
632.653 0.00909788
673.469 0.00803932
714.286 0.00712959
755.102 0.00634554
795.918 0.00566764
836.735 0.00507949
877.551 0.00456742
918.367 0.00412001
959.184 0.00372771
1000 0.00338257
