-1000 0.00132116
-959.184 0.00136852
-918.367 0.00141599
-877.551 0.00146312
-836.735 0.00150941
-795.918 0.0015542
-755.102 0.00159672
-714.286 0.00163602
-673.469 0.001671
-632.653 0.0017003
-591.837 0.00172236
-551.02 0.00173534
-510.204 0.00173709
-469.388 0.00172513
-428.571 0.00169664
-387.755 0.00164844
-346.939 0.00157695
-306.122 0.00147827
-265.306 0.00134816
-224.49 0.00118216
-183.673 0.000975679
-142.857 0.000724179
-102.041 0.000423406
-61.2245 6.9685e-05
-20.4082 -0.000339714
20.4082 -0.000806151
61.2245 -0.00132915
102.041 -0.00190593
142.857 -0.00253095
183.673 -0.00319557
224.49 -0.00388788
265.306 -0.00459269
306.122 -0.00529188
346.939 -0.005965
387.755 -0.00659018
428.571 -0.00714535
469.388 -0.00760951
510.204 -0.00796418
551.02 -0.0081947
591.837 -0.00829128
632.653 -0.00824977
673.469 -0.00807195
714.286 -0.00776543
755.102 -0.00734304
795.918 -0.00682187
836.735 -0.00622207
877.551 -0.00556546
918.367 -0.00487414
959.184 -0.00416926
1000 -0.00346995
