-1000 -0.0226821
-959.184 -0.0467185
-918.367 -0.0661205
-877.551 -0.0789568
-836.735 -0.0860887
-795.918 -0.0893866
-755.102 -0.0904299
-714.286 -0.0898177
-673.469 -0.0871974
-632.653 -0.0812072
-591.837 -0.0699444
-551.02 -0.0521422
-510.204 -0.0288836
-469.388 -0.00459075
-428.571 0.0153851
-387.755 0.0282465
-346.939 0.0343622
-306.122 0.0356633
-265.306 0.0341502
-224.49 0.0312851
-183.673 0.0279609
-142.857 0.0246575
-102.041 0.0216015
-61.2245 0.018878
-20.4082 0.0164994
20.4082 0.0144446
61.2245 0.0126785
102.041 0.0111634
142.857 0.00986316
183.673 0.00874538
224.49 0.00778205
265.306 0.00694929
306.122 0.00622703
346.939 0.00559842
387.755 0.00504938
428.571 0.00456816
469.388 0.00414493
510.204 0.00377143
551.02 0.00344075
591.837 0.00314705
632.653 0.00288539
673.469 0.00265159
714.286 0.00244211
755.102 0.00225389
795.918 0.00208435
836.735 0.00193124
877.551 0.00179265
918.367 0.00166691
959.184 0.00155258
1000 0.0014484
