-1000 0.0289616
-959.184 0.0322972
-918.367 0.0361842
-877.551 0.0407444
-836.735 0.0461337
-795.918 0.0525542
-755.102 0.060271
-714.286 0.0696361
-673.469 0.0811252
-632.653 0.0953909
-591.837 0.113347
-551.02 0.136306
-510.204 0.166205
-469.388 0.206022
-428.571 0.260579
-387.755 0.338287
-346.939 0.455405
-306.122 0.647687
-265.306 1.00097
-224.49 1.62035
-183.673 0.344221
-142.857 -4.77592
-102.041 2.53417
-61.2245 -3.39815
-20.4082 1.02147
20.4082 1.10428
61.2245 -3.13094
102.041 3.05654
142.857 -3.82155
183.673 1.94185
224.49 0.428335
265.306 -2.06035
306.122 2.99954
346.939 -4.22398
387.755 2.51117
428.571 -0.508556
469.388 -1.02176
510.204 2.70521
551.02 -4.33738
591.837 2.84767
632.653 -1.58454
673.469 -0.0889482
714.286 2.15976
755.102 -4.1868
795.918 2.87612
836.735 -2.85561
877.551 0.419835
918.367 0.913942
959.184 -4.67199
1000 1.62694
