-1000 0.000365397
-959.184 0.000378811
-918.367 0.000392535
-877.551 0.000406526
-836.735 0.000420727
-795.918 0.000435067
-755.102 0.000449455
-714.286 0.000463783
-673.469 0.000477916
-632.653 0.000491689
-591.837 0.000504907
-551.02 0.000517333
-510.204 0.000528688
-469.388 0.00053864
-428.571 0.000546801
-387.755 0.000552717
-346.939 0.00055586
-306.122 0.000555623
-265.306 0.000551313
-224.49 0.00054214
-183.673 0.000527221
-142.857 0.000505571
-102.041 0.000476112
-61.2245 0.000437679
-20.4082 0.000389035
20.4082 0.000328901
61.2245 0.000255992
102.041 0.00016907
142.857 6.70099e-05
183.673 -5.11125e-05
224.49 -0.00018592
265.306 -0.00033762
306.122 -0.000505879
346.939 -0.000689694
387.755 -0.000887283
428.571 -0.00109599
469.388 -0.00131223
510.204 -0.00153153
551.02 -0.00174854
591.837 -0.00195728
632.653 -0.00215133
673.469 -0.0023242
714.286 -0.00246964
755.102 -0.00258214
795.918 -0.0026572
836.735 -0.00269177
877.551 -0.0026844
918.367 -0.00263541
959.184 -0.00254682
1000 -0.00242222
