-1000 -0.00350185
-959.184 -0.00380499
-918.367 -0.00405502
-877.551 -0.00424035
-836.735 -0.00435201
-795.918 -0.0043844
-755.102 -0.00433589
-714.286 -0.00420893
-673.469 -0.00400985
-632.653 -0.00374821
-591.837 -0.00343598
-551.02 -0.0030865
-510.204 -0.00271344
-469.388 -0.00232989
-428.571 -0.00194765
-387.755 -0.00157672
-346.939 -0.00122504
-306.122 -0.000898467
-265.306 -0.00060085
-224.49 -0.000334296
-183.673 -9.94361e-05
-142.857 0.000104258
-102.041 0.000278177
-61.2245 0.000424306
-20.4082 0.000544997
20.4082 0.000642786
61.2245 0.000720247
102.041 0.000779896
142.857 0.000824116
183.673 0.000855115
224.49 0.0008749
265.306 0.000885269
306.122 0.000887813
346.939 0.000883924
387.755 0.000874809
428.571 0.000861507
469.388 0.000844904
510.204 0.000825751
551.02 0.000804682
591.837 0.000782224
632.653 0.000758819
673.469 0.00073483
714.286 0.000710554
755.102 0.000686234
795.918 0.000662065
836.735 0.000638201
877.551 0.000614765
918.367 0.000591851
959.184 0.00056953
1000 0.000547853
