-1000 0.000760246
-959.184 0.000769478
-918.367 0.000773849
-877.551 0.000772166
-836.735 0.000763045
-795.918 0.0007449
-755.102 0.000715936
-714.286 0.000674148
-673.469 0.000617342
-632.653 0.000543165
-591.837 0.000449169
-551.02 0.000332896
-510.204 0.000192015
-469.388 2.44851e-05
-428.571 -0.000171227
-387.755 -0.000395894
-346.939 -0.000649237
-306.122 -0.000929641
-265.306 -0.00123387
-224.49 -0.00155686
-183.673 -0.0018916
-142.857 -0.0022292
-102.041 -0.00255911
-61.2245 -0.00286959
-20.4082 -0.00314834
20.4082 -0.00338337
61.2245 -0.00356388
102.041 -0.00368117
142.857 -0.0037294
183.673 -0.00370611
224.49 -0.00361249
265.306 -0.00345325
306.122 -0.00323616
346.939 -0.00297139
387.755 -0.00267061
428.571 -0.00234613
469.388 -0.00200995
510.204 -0.0016731
551.02 -0.0013451
591.837 -0.00103363
632.653 -0.00074443
673.469 -0.000481353
714.286 -0.000246556
755.102 -4.07502e-05
795.918 0.000136503
836.735 0.0002865
877.551 0.000411131
918.367 0.000512648
959.184 0.00059348
1000 0.000656092
