-1000 0.00345411
-959.184 0.00138936
-918.367 -0.00161989
-877.551 -0.00572265
-836.735 -0.0109239
-795.918 -0.0169494
-755.102 -0.0231256
-714.286 -0.0283912
-673.469 -0.0315588
-632.653 -0.0317924
-591.837 -0.0290271
-551.02 -0.0240031
-510.204 -0.0178884
-469.388 -0.0117867
-428.571 -0.00643565
-387.755 -0.00216325
-346.939 0.00100272
-306.122 0.00319701
-265.306 0.00461271
-224.49 0.00544166
-183.673 0.00584821
-142.857 0.00596225
-102.041 0.00588142
-61.2245 0.00567661
-20.4082 0.00539796
20.4082 0.00508011
61.2245 0.00474646
102.041 0.00441242
142.857 0.00408775
183.673 0.00377836
224.49 0.0034875
265.306 0.00321664
306.122 0.00296611
346.939 0.00273547
387.755 0.00252385
428.571 0.00233012
469.388 0.00215301
510.204 0.00199123
551.02 0.00184351
591.837 0.00170862
632.653 0.00158541
673.469 0.00147281
714.286 0.00136984
755.102 0.00127559
795.918 0.00118924
836.735 0.00111006
877.551 0.00103737
918.367 0.000970563
959.184 0.000909098
1000 0.000852482
