-1000 -0.00144518
-959.184 -0.00179576
-918.367 -0.00213287
-877.551 -0.00243344
-836.735 -0.00267387
-795.918 -0.00283327
-755.102 -0.00289687
-714.286 -0.00285856
-673.469 -0.00272202
-632.653 -0.00250008
-591.837 -0.00221238
-551.02 -0.00188217
-510.204 -0.00153293
-469.388 -0.0011856
-428.571 -0.000856825
-387.755 -0.000558261
-346.939 -0.000296724
-306.122 -7.49293e-05
-265.306 0.000107534
-224.49 0.000253205
-183.673 0.000365878
-142.857 0.000449924
-102.041 0.000509805
-61.2245 0.000549754
-20.4082 0.000573605
20.4082 0.000584703
61.2245 0.000585895
102.041 0.000579551
142.857 0.000567609
183.673 0.00055163
224.49 0.000532858
265.306 0.000512268
306.122 0.000490616
346.939 0.000468481
387.755 0.000446299
428.571 0.000424395
469.388 0.000403003
510.204 0.000382287
551.02 0.000362359
591.837 0.000343288
632.653 0.000325112
673.469 0.000307845
714.286 0.000291485
755.102 0.000276015
795.918 0.00026141
836.735 0.000247638
877.551 0.000234664
918.367 0.00022245
959.184 0.000210958
1000 0.000200147
