-1000 0.000398801
-959.184 0.000412895
-918.367 0.000427168
-877.551 0.000441541
-836.735 0.000455918
-795.918 0.000470176
-755.102 0.000484169
-714.286 0.000497719
-673.469 0.000510612
-632.653 0.000522594
-591.837 0.000533362
-551.02 0.00054256
-510.204 0.000549771
-469.388 0.000554509
-428.571 0.000556211
-387.755 0.000554233
-346.939 0.000547837
-306.122 0.000536194
-265.306 0.000518374
-224.49 0.000493349
-183.673 0.00046
-142.857 0.000417128
-102.041 0.000363474
-61.2245 0.000297749
-20.4082 0.000218682
20.4082 0.000125077
61.2245 1.5888e-05
102.041 -0.000109688
142.857 -0.000252101
183.673 -0.000411331
224.49 -0.000586758
265.306 -0.000777042
306.122 -0.000980018
346.939 -0.00119262
387.755 -0.00141084
428.571 -0.00162981
469.388 -0.00184387
510.204 -0.00204681
551.02 -0.00223213
591.837 -0.00239339
632.653 -0.00252464
673.469 -0.00262077
714.286 -0.0026779
755.102 -0.00269367
795.918 -0.00266743
836.735 -0.00260026
877.551 -0.00249494
918.367 -0.00235567
959.184 -0.00218781
1000 -0.00199747
