-1000 0.00173612
-959.184 0.00181573
-918.367 0.00189758
-877.551 0.00198122
-836.735 0.00206603
-795.918 0.00215123
-755.102 0.00223576
-714.286 0.00231829
-673.469 0.00239717
-632.653 0.00247029
-591.837 0.0025351
-551.02 0.00258849
-510.204 0.0026267
-469.388 0.00264529
-428.571 0.00263909
-387.755 0.00260213
-346.939 0.0025277
-306.122 0.00240844
-265.306 0.00223646
-224.49 0.00200369
-183.673 0.00170226
-142.857 0.00132506
-102.041 0.000866408
-61.2245 0.000322866
-20.4082 -0.000305978
20.4082 -0.00101677
61.2245 -0.00180184
102.041 -0.00264902
142.857 -0.00354181
183.673 -0.00446009
224.49 -0.00538116
265.306 -0.00628115
306.122 -0.00713641
346.939 -0.00792491
387.755 -0.00862724
428.571 -0.00922722
469.388 -0.00971215
510.204 -0.0100727
551.02 -0.0103024
591.837 -0.0103976
632.653 -0.0103568
673.469 -0.0101805
714.286 -0.00987171
755.102 -0.00943559
795.918 -0.0088803
836.735 -0.00821717
877.551 -0.00746098
918.367 -0.0066299
959.184 -0.00574503
1000 -0.00482951
