-1000 0.00142692
-959.184 0.0014956
-918.367 0.00156794
-877.551 0.00164408
-836.735 0.00172414
-795.918 0.00180823
-755.102 0.00189642
-714.286 0.00198874
-673.469 0.00208518
-632.653 0.00218565
-591.837 0.00228997
-551.02 0.00239785
-510.204 0.00250885
-469.388 0.00262235
-428.571 0.00273751
-387.755 0.00285318
-346.939 0.00296789
-306.122 0.00307973
-265.306 0.00318624
-224.49 0.00328435
-183.673 0.00337022
-142.857 0.00343908
-102.041 0.00348511
-61.2245 0.00350123
-20.4082 0.00347895
20.4082 0.00340819
61.2245 0.00327717
102.041 0.00307237
142.857 0.00277851
183.673 0.00237891
224.49 0.00185587
265.306 0.00119159
306.122 0.000369424
346.939 -0.000624305
387.755 -0.00179798
428.571 -0.00315186
469.388 -0.00467505
510.204 -0.00634252
551.02 -0.00811293
591.837 -0.00992786
632.653 -0.0117131
673.469 -0.0133826
714.286 -0.0148449
755.102 -0.0160119
795.918 -0.0168081
836.735 -0.0171795
877.551 -0.0171001
918.367 -0.0165755
959.184 -0.0156422
1000 -0.0143623
