-1000 0.0019934
-959.184 0.00203879
-918.367 0.00207797
-877.551 0.00210915
-836.735 0.00213025
-795.918 0.00213882
-755.102 0.00213204
-714.286 0.00210671
-673.469 0.00205918
-632.653 0.00198539
-591.837 0.00188086
-551.02 0.00174074
-510.204 0.0015599
-469.388 0.00133305
-428.571 0.0010549
-387.755 0.000720472
-346.939 0.000325344
-306.122 -0.000133905
-265.306 -0.000659266
-224.49 -0.0012508
-183.673 -0.00190613
-142.857 -0.00261998
-102.041 -0.00338381
-61.2245 -0.00418558
-20.4082 -0.00500979
20.4082 -0.00583774
61.2245 -0.00664808
102.041 -0.00741769
142.857 -0.00812277
183.673 -0.00874004
224.49 -0.00924811
265.306 -0.00962868
306.122 -0.00986769
346.939 -0.00995615
387.755 -0.00989071
428.571 -0.00967384
469.388 -0.00931372
510.204 -0.0088237
551.02 -0.00822151
591.837 -0.00752815
632.653 -0.0067667
673.469 -0.00596096
714.286 -0.00513424
755.102 -0.0043082
795.918 -0.00350199
836.735 -0.00273162
877.551 -0.00200964
918.367 -0.00134512
959.184 -0.000743806
1000 -0.000208469
