-1000 -0.00436343
-959.184 -0.00529891
-918.367 -0.00617807
-877.551 -0.00694616
-836.735 -0.00755039
-795.918 -0.00794621
-755.102 -0.0081031
-714.286 -0.00800865
-673.469 -0.00767036
-632.653 -0.00711451
-591.837 -0.00638265
-551.02 -0.00552609
-510.204 -0.00459968
-469.388 -0.00365583
-428.571 -0.0027398
-387.755 -0.00188681
-346.939 -0.0011209
-306.122 -0.000455528
-265.306 0.000104931
-224.49 0.00056302
-183.673 0.000926055
-142.857 0.00120418
-102.041 0.00140879
-61.2245 0.00155143
-20.4082 0.00164302
20.4082 0.00169346
61.2245 0.00171137
102.041 0.00170411
142.857 0.0016778
183.673 0.00163745
224.49 0.00158711
265.306 0.00152999
306.122 0.00146859
346.939 0.00140488
387.755 0.00134034
428.571 0.00127608
469.388 0.00121293
510.204 0.00115148
551.02 0.00109214
591.837 0.00103518
632.653 0.00098075
673.469 0.000928943
714.286 0.000879775
755.102 0.000833221
795.918 0.000789222
836.735 0.000747697
877.551 0.000708552
918.367 0.000671678
959.184 0.000636966
1000 0.000604302
