-1000 0.00160792
-959.184 0.00172426
-918.367 0.00185177
-877.551 0.00199175
-836.735 0.00214569
-795.918 0.0023153
-755.102 0.0025025
-714.286 0.0027095
-673.469 0.0029388
-632.653 0.00319325
-591.837 0.00347607
-551.02 0.00379092
-510.204 0.00414193
-469.388 0.00453371
-428.571 0.00497136
-387.755 0.00546044
-346.939 0.00600685
-306.122 0.00661661
-265.306 0.00729544
-224.49 0.00804804
-183.673 0.00887687
-142.857 0.00978025
-102.041 0.0107493
-61.2245 0.0117631
-20.4082 0.0127822
20.4082 0.0137381
61.2245 0.0145206
102.041 0.014962
142.857 0.0148219
183.673 0.0137828
224.49 0.0114705
265.306 0.00752239
306.122 0.00171663
346.939 -0.00586175
387.755 -0.0147051
428.571 -0.0239361
469.388 -0.0325608
510.204 -0.0397832
551.02 -0.045178
591.837 -0.0486528
632.653 -0.0502844
673.469 -0.0501532
714.286 -0.0482517
755.102 -0.0444917
795.918 -0.0388103
836.735 -0.0313409
877.551 -0.0225666
918.367 -0.0133295
959.184 -0.004627
1000 0.00270706
