-1000 1.49762
-959.184 -4.81825
-918.367 0.728774
-877.551 0.16093
-836.735 -3.24339
-795.918 2.25989
-755.102 -5.23525
-714.286 0.477492
-673.469 1.46356
-632.653 0.856365
-591.837 0.519416
-551.02 0.339977
-510.204 0.235061
-469.388 0.169157
-428.571 0.125609
-387.755 0.0957072
-346.939 0.0745257
-306.122 0.0591231
-265.306 0.0476671
-224.49 0.0389771
-183.673 0.03227
-142.857 0.0270132
-102.041 0.0228362
-61.2245 0.0194763
-20.4082 0.0167433
20.4082 0.0144981
61.2245 0.0126365
102.041 0.0110802
142.857 0.00976914
183.673 0.0086569
224.49 0.0077072
265.306 0.00689142
306.122 0.00618679
346.939 0.00557501
387.755 0.00504128
428.571 0.00457356
469.388 0.00416193
510.204 0.00379826
551.02 0.00347574
591.837 0.00318872
632.653 0.00293246
673.469 0.00270293
714.286 0.00249674
755.102 0.002311
795.918 0.00214324
836.735 0.00199133
877.551 0.00185344
918.367 0.001728
959.184 0.00161363
1000 0.00150913
