-1000 -8.7906e-05
-959.184 -0.00016995
-918.367 -0.000262284
-877.551 -0.000364213
-836.735 -0.000474397
-795.918 -0.000590764
-755.102 -0.000710465
-714.286 -0.0008299
-673.469 -0.000944834
-632.653 -0.0010506
-591.837 -0.00114243
-551.02 -0.00121579
-510.204 -0.00126684
-469.388 -0.00129276
-428.571 -0.00129209
-387.755 -0.00126486
-346.939 -0.00121263
-306.122 -0.00113824
-265.306 -0.00104561
-224.49 -0.000939265
-183.673 -0.000823998
-142.857 -0.000704453
-102.041 -0.00058484
-61.2245 -0.000468721
-20.4082 -0.000358907
20.4082 -0.000257432
61.2245 -0.0001656
102.041 -8.40788e-05
142.857 -1.3009e-05
183.673 4.78722e-05
224.49 9.91182e-05
265.306 0.000141473
306.122 0.000175789
346.939 0.000202961
387.755 0.00022388
428.571 0.000239398
469.388 0.00025031
510.204 0.000257338
551.02 0.000261128
591.837 0.000262248
632.653 0.000261195
673.469 0.000258395
714.286 0.000254212
755.102 0.000248954
795.918 0.000242879
836.735 0.000236203
877.551 0.000229104
918.367 0.000221729
959.184 0.000214196
1000 0.000206602
