-1000 0.00190506
-959.184 0.00210868
-918.367 0.00234175
-877.551 0.00260967
-836.735 0.00291903
-795.918 0.00327791
-755.102 0.0036963
-714.286 0.00418661
-673.469 0.00476432
-632.653 0.00544887
-591.837 0.0062648
-551.02 0.00724322
-510.204 0.00842368
-469.388 0.00985659
-428.571 0.011606
-387.755 0.0137531
-346.939 0.0163984
-306.122 0.0196634
-265.306 0.0236839
-224.49 0.0285871
-183.673 0.0344246
-142.857 0.0410002
-102.041 0.0474419
-61.2245 0.0511698
-20.4082 0.0455615
20.4082 0.0158343
61.2245 -0.0616295
102.041 -0.190169
142.857 -0.284133
183.673 -0.234421
224.49 -0.10273
265.306 -0.00463779
306.122 0.0389901
346.939 0.0508056
387.755 0.0492754
428.571 0.0433504
469.388 0.036666
510.204 0.0305261
551.02 0.0252943
591.837 0.0209775
632.653 0.0174639
673.469 0.0146164
714.286 0.0123076
755.102 0.0104291
795.918 0.00889352
836.735 0.00763107
877.551 0.00658694
918.367 0.00571806
959.184 0.00499062
1000 0.00437796
