-1000 0.00136481
-959.184 0.00145541
-918.367 0.00155418
-877.551 0.00166207
-836.735 0.00178012
-795.918 0.00190959
-755.102 0.00205185
-714.286 0.00220855
-673.469 0.00238152
-632.653 0.00257295
-591.837 0.00278534
-551.02 0.00302162
-510.204 0.00328523
-469.388 0.00358021
-428.571 0.00391133
-387.755 0.00428428
-346.939 0.00470579
-306.122 0.00518399
-265.306 0.00572863
-224.49 0.00635156
-183.673 0.00706722
-142.857 0.00789333
-102.041 0.00885179
-61.2245 0.00996983
-20.4082 0.0112816
20.4082 0.0128304
61.2245 0.0146713
102.041 0.0168753
142.857 0.0195348
183.673 0.0227713
224.49 0.0267465
265.306 0.0316787
306.122 0.0378667
346.939 0.0457261
387.755 0.0558466
428.571 0.0690835
469.388 0.0867121
510.204 0.110702
551.02 0.144241
591.837 0.192836
632.653 0.266879
673.469 0.388432
714.286 0.610384
755.102 1.05104
795.918 1.41872
836.735 -4.26719
877.551 -0.444195
918.367 0.340508
959.184 -5.08201
1000 1.3193
