-1000 0.00120784
-959.184 0.00131873
-918.367 0.00144341
-877.551 0.00158408
-836.735 0.00174331
-795.918 0.00192423
-755.102 0.00213058
-714.286 0.00236687
-673.469 0.00263862
-632.653 0.00295254
-591.837 0.00331689
-551.02 0.00374187
-510.204 0.00424016
-469.388 0.0048276
-428.571 0.00552409
-387.755 0.00635475
-346.939 0.00735143
-306.122 0.00855467
-265.306 0.0100161
-224.49 0.0118014
-183.673 0.0139933
-142.857 0.0166948
-102.041 0.0200291
-61.2245 0.0241327
-20.4082 0.0291293
20.4082 0.035056
61.2245 0.0416746
102.041 0.0480035
142.857 0.0511932
183.673 0.0440131
224.49 0.0106419
265.306 -0.0726869
306.122 -0.203471
346.939 -0.286239
387.755 -0.222539
428.571 -0.090328
469.388 0.00188403
510.204 0.0412108
551.02 0.0510439
591.837 0.0487921
632.653 0.0426829
673.469 0.0360169
714.286 0.0299603
755.102 0.0248228
795.918 0.0205923
836.735 0.0171514
877.551 0.0143633
918.367 0.0121019
959.184 0.0102614
1000 0.00875599
