-1000 0.00484507
-959.184 0.00521416
-918.367 0.00562113
-877.551 0.00607083
-836.735 0.0065689
-795.918 0.0071218
-755.102 0.00773705
-714.286 0.00842335
-673.469 0.00919081
-632.653 0.0100512
-591.837 0.0110182
-551.02 0.0121078
-510.204 0.0133384
-469.388 0.0147316
-428.571 0.0163121
-387.755 0.0181081
-346.939 0.0201514
-306.122 0.0224769
-265.306 0.0251215
-224.49 0.0281212
-183.673 0.0315058
-142.857 0.0352889
-102.041 0.0394502
-61.2245 0.0439053
-20.4082 0.0484548
20.4082 0.0527035
61.2245 0.0559412
102.041 0.0569916
142.857 0.0540891
183.673 0.0449722
224.49 0.0275633
265.306 0.00153529
306.122 -0.0299592
346.939 -0.0607359
387.755 -0.0852153
428.571 -0.101443
469.388 -0.110473
510.204 -0.114574
551.02 -0.115924
591.837 -0.116043
632.653 -0.115914
673.469 -0.115927
714.286 -0.116058
755.102 -0.115831
795.918 -0.11418
836.735 -0.109493
877.551 -0.0995145
918.367 -0.0820654
959.184 -0.0564194
1000 -0.0251141
