-1000 0.000778071
-959.184 0.00081037
-918.367 0.000843653
-877.551 0.000877827
-836.735 0.000912763
-795.918 0.000948289
-755.102 0.000984182
-714.286 0.00102016
-673.469 0.00105585
-632.653 0.00109083
-591.837 0.00112452
-551.02 0.00115626
-510.204 0.00118523
-469.388 0.00121043
-428.571 0.00123071
-387.755 0.00124466
-346.939 0.00125065
-306.122 0.00124678
-265.306 0.00123088
-224.49 0.00120046
-183.673 0.00115276
-142.857 0.00108472
-102.041 0.000993043
-61.2245 0.000874282
-20.4082 0.000724914
20.4082 0.00054152
61.2245 0.000320984
102.041 6.07525e-05
142.857 -0.00024086
183.673 -0.000584328
224.49 -0.000968565
265.306 -0.00139059
306.122 -0.00184526
346.939 -0.00232509
387.755 -0.00282031
428.571 -0.00331896
469.388 -0.00380734
510.204 -0.00427061
551.02 -0.00469346
591.837 -0.00506105
632.653 -0.00535982
673.469 -0.00557835
714.286 -0.0057081
755.102 -0.00574391
795.918 -0.00568433
836.735 -0.00553176
877.551 -0.00529224
918.367 -0.0049751
959.184 -0.00459237
1000 -0.00415798
