-1000 1.52444
-959.184 -4.79568
-918.367 0.762659
-877.551 0.231841
-836.735 -3.09377
-795.918 2.56688
-755.102 -4.60211
-714.286 1.57319
-673.469 -0.984199
-632.653 -3.05422
-591.837 1.657
-551.02 1.13764
-510.204 0.691591
-469.388 0.45974
-428.571 0.326931
-387.755 0.242907
-346.939 0.186053
-306.122 0.145806
-265.306 0.116381
-224.49 0.0943341
-183.673 0.0774824
-142.857 0.0643847
-102.041 0.054056
-61.2245 0.045806
-20.4082 0.0391405
20.4082 0.0336991
61.2245 0.029215
102.041 0.025488
142.857 0.0223656
183.673 0.0197307
224.49 0.0174922
265.306 0.0155786
306.122 0.0139332
346.939 0.012511
387.755 0.0112753
428.571 0.0101967
469.388 0.00925107
510.204 0.00841858
551.02 0.00768285
591.837 0.00703025
632.653 0.00644939
673.469 0.00593069
714.286 0.00546607
755.102 0.00504868
795.918 0.00467266
836.735 0.00433303
877.551 0.0040255
918.367 0.00374636
959.184 0.00349242
1000 0.0032609
