-1000 0.0328518
-959.184 0.0332239
-918.367 0.0332132
-877.551 0.032703
-836.735 0.0315577
-795.918 0.0296273
-755.102 0.0267572
-714.286 0.0228063
-673.469 0.0176735
-632.653 0.011332
-591.837 0.00386398
-551.02 -0.00451725
-510.204 -0.0134719
-469.388 -0.022573
-428.571 -0.0313746
-387.755 -0.0394866
-346.939 -0.04663
-306.122 -0.0526589
-265.306 -0.0575503
-224.49 -0.061373
-183.673 -0.0642528
-142.857 -0.0663411
-102.041 -0.0677922
-61.2245 -0.0687499
-20.4082 -0.0693405
20.4082 -0.0696699
61.2245 -0.0698244
102.041 -0.0698718
142.857 -0.0698637
183.673 -0.0698371
224.49 -0.0698162
265.306 -0.0698136
306.122 -0.0698306
346.939 -0.0698576
387.755 -0.0698733
428.571 -0.069844
469.388 -0.0697219
510.204 -0.0694436
551.02 -0.0689275
591.837 -0.0680726
632.653 -0.0667577
673.469 -0.064843
714.286 -0.0621757
755.102 -0.0586019
795.918 -0.053987
836.735 -0.0482445
877.551 -0.0413712
918.367 -0.0334804
959.184 -0.0248182
1000 -0.0157511
