-1000 0.00954039
-959.184 0.0104264
-918.367 0.0112994
-877.551 0.0120878
-836.735 0.0126774
-795.918 0.012896
-755.102 0.012499
-714.286 0.0111663
-673.469 0.00852543
-632.653 0.00422449
-591.837 -0.00193376
-551.02 -0.00982206
-510.204 -0.018874
-469.388 -0.028141
-428.571 -0.0365457
-387.755 -0.0431867
-346.939 -0.0475005
-306.122 -0.0492283
-265.306 -0.0482962
-224.49 -0.0447419
-183.673 -0.0387557
-142.857 -0.0307996
-102.041 -0.021681
-61.2245 -0.0124528
-20.4082 -0.0041355
20.4082 0.00257399
61.2245 0.0074229
102.041 0.0105287
142.857 0.0122137
183.673 0.0128547
224.49 0.0127916
265.306 0.0122922
306.122 0.0115491
346.939 0.0106922
387.755 0.00980457
428.571 0.00893607
469.388 0.00811474
510.204 0.00735443
551.02 0.00666025
591.837 0.0060321
632.653 0.00546691
673.469 0.00496016
714.286 0.00450668
755.102 0.0041012
795.918 0.00373864
836.735 0.00341429
877.551 0.00312384
918.367 0.00286342
959.184 0.00262959
1000 0.00241928
