-1000 0.00499496
-959.184 0.00515405
-918.367 0.00523331
-877.551 0.00519443
-836.735 0.00498771
-795.918 0.00455059
-755.102 0.00380763
-714.286 0.00267309
-673.469 0.00105811
-632.653 -0.00111526
-591.837 -0.00389161
-551.02 -0.00725161
-510.204 -0.0110786
-469.388 -0.015134
-428.571 -0.0190577
-387.755 -0.0224078
-346.939 -0.0247418
-306.122 -0.0257188
-265.306 -0.0251886
-224.49 -0.0232331
-183.673 -0.0201439
-142.857 -0.0163441
-102.041 -0.0122855
-61.2245 -0.00835905
-20.4082 -0.00484147
20.4082 -0.0018842
61.2245 0.000467651
102.041 0.00224296
142.857 0.00351246
183.673 0.00436356
224.49 0.00488396
265.306 0.00515263
306.122 0.00523607
346.939 0.00518775
387.755 0.0050492
428.571 0.00485182
469.388 0.00461882
510.204 0.00436701
551.02 0.00410825
591.837 0.00385076
632.653 0.00360002
673.469 0.00335955
714.286 0.00313145
755.102 0.0029168
795.918 0.00271601
836.735 0.00252899
877.551 0.00235535
918.367 0.00219451
959.184 0.00204575
1000 0.00190833
