-1000 0.00111569
-959.184 0.00121223
-918.367 0.00131984
-877.551 0.00144008
-836.735 0.00157477
-795.918 0.00172603
-755.102 0.00189632
-714.286 0.00208856
-673.469 0.0023061
-632.653 0.00255293
-591.837 0.00283365
-551.02 0.00315365
-510.204 0.00351914
-469.388 0.00393727
-428.571 0.0044161
-387.755 0.00496453
-346.939 0.00559198
-306.122 0.00630773
-265.306 0.00711951
-224.49 0.00803103
-183.673 0.0090374
-142.857 0.0101172
-102.041 0.0112187
-61.2245 0.0122374
-20.4082 0.0129788
20.4082 0.0131017
61.2245 0.0120397
102.041 0.00891559
142.857 0.00252013
183.673 -0.00845486
224.49 -0.0245874
265.306 -0.0441198
306.122 -0.0615907
346.939 -0.0694492
387.755 -0.0635536
428.571 -0.0470527
469.388 -0.0273897
510.204 -0.0105532
551.02 0.00119435
591.837 0.00819791
632.653 0.0117286
673.469 0.0130355
714.286 0.0130475
755.102 0.0123726
795.918 0.0113803
836.735 0.0102828
877.551 0.00919552
918.367 0.00817623
959.184 0.00724988
1000 0.00642322
