-1000 0.0109739
-959.184 0.0100073
-918.367 0.00846535
-877.551 0.00621152
-836.735 0.00311204
-795.918 -0.000941404
-755.102 -0.00599976
-714.286 -0.0120189
-673.469 -0.0188255
-632.653 -0.0261015
-591.837 -0.0333999
-551.02 -0.0401953
-510.204 -0.0459584
-469.388 -0.050228
-428.571 -0.0526648
-387.755 -0.0530784
-346.939 -0.0514368
-306.122 -0.0478676
-265.306 -0.0426525
-224.49 -0.0362088
-183.673 -0.0290466
-142.857 -0.0217021
-102.041 -0.0146616
-61.2245 -0.00829864
-20.4082 -0.00284409
20.4082 0.00160967
61.2245 0.00508014
102.041 0.007657
142.857 0.00946706
183.673 0.0106479
224.49 0.0113308
265.306 0.011632
306.122 0.0116492
346.939 0.0114616
387.755 0.0111314
428.571 0.0107068
469.388 0.0102238
510.204 0.00970928
551.02 0.00918286
591.837 0.00865838
632.653 0.00814547
673.469 0.00765056
714.286 0.00717772
755.102 0.00672932
795.918 0.00630645
836.735 0.00590935
877.551 0.00553764
918.367 0.00519051
959.184 0.0048669
1000 0.00456561
