-1000 0.00159408
-959.184 0.00168478
-918.367 0.00178173
-877.551 0.00188541
-836.735 0.00199627
-795.918 0.00211483
-755.102 0.00224162
-714.286 0.00237716
-673.469 0.00252201
-632.653 0.0026767
-591.837 0.00284175
-551.02 0.00301762
-510.204 0.00320472
-469.388 0.00340332
-428.571 0.00361352
-387.755 0.00383517
-346.939 0.00406775
-306.122 0.00431027
-265.306 0.004561
-224.49 0.00481731
-183.673 0.00507524
-142.857 0.00532908
-102.041 0.00557068
-61.2245 0.00578862
-20.4082 0.00596702
20.4082 0.00608387
61.2245 0.00610895
102.041 0.00600093
142.857 0.00570372
183.673 0.00514194
224.49 0.00421601
265.306 0.00279785
306.122 0.00073005
346.939 -0.00216589
387.755 -0.00606232
428.571 -0.0110656
469.388 -0.017113
510.204 -0.0238367
551.02 -0.0304588
591.837 -0.0358393
632.653 -0.0387827
673.469 -0.0385344
714.286 -0.0351608
755.102 -0.029514
795.918 -0.0228107
836.735 -0.0161495
877.551 -0.0102443
918.367 -0.00540859
959.184 -0.00167157
1000 0.00108853
