-1000 0.00091574
-959.184 0.00084439
-918.367 0.000754648
-877.551 0.000644424
-836.735 0.000511681
-795.918 0.000354542
-755.102 0.000171398
-714.286 -3.89466e-05
-673.469 -0.000277123
-632.653 -0.000543035
-591.837 -0.000835697
-551.02 -0.0011531
-510.204 -0.00149207
-469.388 -0.00184828
-428.571 -0.00221615
-387.755 -0.00258904
-346.939 -0.00295932
-306.122 -0.00331867
-265.306 -0.00365836
-224.49 -0.00396963
-183.673 -0.00424404
-142.857 -0.00447388
-102.041 -0.0046525
-61.2245 -0.00477464
-20.4082 -0.00483665
20.4082 -0.00483665
61.2245 -0.00477464
102.041 -0.0046525
142.857 -0.00447388
183.673 -0.00424404
224.49 -0.00396963
265.306 -0.00365836
306.122 -0.00331867
346.939 -0.00295932
387.755 -0.00258904
428.571 -0.00221615
469.388 -0.00184828
510.204 -0.00149207
551.02 -0.0011531
591.837 -0.000835697
632.653 -0.000543035
673.469 -0.000277123
714.286 -3.89466e-05
755.102 0.000171398
795.918 0.000354542
836.735 0.000511681
877.551 0.000644424
918.367 0.000754648
959.184 0.00084439
1000 0.00091574
