-1000 0.0256521
-959.184 0.0288708
-918.367 0.0324457
-877.551 0.0362345
-836.735 0.0397901
-795.918 0.0419109
-755.102 0.0395426
-714.286 0.0252951
-673.469 -0.0166623
-632.653 -0.109123
-591.837 -0.24513
-551.02 -0.323521
-510.204 -0.251651
-469.388 -0.11528
-428.571 -0.0199104
-387.755 0.024033
-346.939 0.0392023
-306.122 0.0419372
-265.306 0.0399454
-224.49 0.0364236
-183.673 0.0326321
-142.857 0.0290416
-102.041 0.025804
-61.2245 0.0229443
-20.4082 0.0204395
20.4082 0.0182512
61.2245 0.0163391
102.041 0.0146654
142.857 0.013197
183.673 0.0119054
224.49 0.0107662
265.306 0.00975878
306.122 0.00886552
346.939 0.0080715
387.755 0.007364
428.571 0.0067321
469.388 0.00616647
510.204 0.00565905
551.02 0.00520289
591.837 0.00479198
632.653 0.00442111
673.469 0.00408572
714.286 0.00378186
755.102 0.00350607
795.918 0.00325531
836.735 0.00302692
877.551 0.00281855
918.367 0.00262815
959.184 0.00245388
1000 0.00229414
