-1000 0.000483019
-959.184 0.000508247
-918.367 0.000534761
-877.551 0.000562561
-836.735 0.000591623
-795.918 0.000621896
-755.102 0.000653287
-714.286 0.000685655
-673.469 0.000718791
-632.653 0.000752408
-591.837 0.000786113
-551.02 0.000819383
-510.204 0.000851535
-469.388 0.000881686
-428.571 0.00090871
-387.755 0.000931184
-346.939 0.00094733
-306.122 0.000954953
-265.306 0.000951367
-224.49 0.000933336
-183.673 0.000897011
-142.857 0.000837903
-102.041 0.000750888
-61.2245 0.000630282
-20.4082 0.000470021
20.4082 0.000263979
61.2245 6.47337e-06
102.041 -0.000307006
142.857 -0.000678831
183.673 -0.00110805
224.49 -0.00158912
265.306 -0.00211067
306.122 -0.0026547
346.939 -0.00319653
387.755 -0.00370588
428.571 -0.00414933
469.388 -0.00449392
510.204 -0.0047117
551.02 -0.00478391
591.837 -0.00470416
632.653 -0.00447951
673.469 -0.00412924
714.286 -0.0036817
755.102 -0.00316994
795.918 -0.00262732
836.735 -0.00208388
877.551 -0.00156399
918.367 -0.00108529
959.184 -0.000658852
1000 -0.000289955
