-1000 0.00426111
-959.184 0.00415714
-918.367 0.00396872
-877.551 0.00367516
-836.735 0.00325248
-795.918 0.00267358
-755.102 0.00190881
-714.286 0.000927243
-673.469 -0.000301109
-632.653 -0.00180175
-591.837 -0.00359064
-551.02 -0.00566755
-510.204 -0.00800825
-469.388 -0.0105566
-428.571 -0.0132185
-387.755 -0.015861
-346.939 -0.0183179
-306.122 -0.0204058
-265.306 -0.0219474
-224.49 -0.0227994
-183.673 -0.0228784
-142.857 -0.0221766
-102.041 -0.0207631
-61.2245 -0.018771
-20.4082 -0.016373
20.4082 -0.0137535
61.2245 -0.0110836
102.041 -0.00850374
142.857 -0.00611588
183.673 -0.00398336
224.49 -0.00213619
265.306 -0.000578768
306.122 0.000702223
346.939 0.00173084
387.755 0.00253648
428.571 0.00315012
469.388 0.00360178
510.204 0.00391914
551.02 0.00412683
591.837 0.00424618
632.653 0.00429536
673.469 0.00428958
714.286 0.0042414
755.102 0.00416115
795.918 0.00405718
836.735 0.00393622
877.551 0.00380365
918.367 0.00366372
959.184 0.00351978
1000 0.00337441
