-1000 0.0257985
-959.184 0.0301026
-918.367 0.0354421
-877.551 0.0421319
-836.735 0.0505857
-795.918 0.0613261
-755.102 0.0749417
-714.286 0.0918755
-673.469 0.111718
-632.653 0.131226
-591.837 0.139822
-551.02 0.113945
-510.204 0.0280466
-469.388 -0.0872273
-428.571 -0.141078
-387.755 -0.142156
-346.939 -0.133116
-306.122 -0.10505
-265.306 -0.0927971
-224.49 -0.0752843
-183.673 -0.0614362
-142.857 -0.0580031
-102.041 -0.0430905
-61.2245 -0.0446805
-20.4082 -0.0360706
20.4082 -0.0327172
61.2245 -0.0344268
102.041 -0.0253386
142.857 -0.0317005
183.673 -0.024999
224.49 -0.0265231
265.306 -0.0289426
306.122 -0.0231746
346.939 -0.031763
387.755 -0.0260636
428.571 -0.0316862
469.388 -0.0345831
510.204 -0.033037
551.02 -0.04446
591.837 -0.0420541
632.653 -0.0542426
673.469 -0.0614156
714.286 -0.0696234
755.102 -0.0902579
795.918 -0.100009
836.735 -0.126818
877.551 -0.14151
918.367 -0.143167
959.184 -0.108894
1000 -0.00143707
