-1000 -0.0089721
-959.184 -0.0105775
-918.367 -0.0121456
-877.551 -0.0136253
-836.735 -0.014964
-795.918 -0.0161113
-755.102 -0.0170222
-714.286 -0.0176598
-673.469 -0.0179975
-632.653 -0.0180212
-591.837 -0.01773
-551.02 -0.0171361
-510.204 -0.016264
-469.388 -0.0151494
-428.571 -0.0138363
-387.755 -0.0123745
-346.939 -0.0108163
-306.122 -0.00921336
-265.306 -0.00761378
-224.49 -0.00605972
-183.673 -0.00458579
-142.857 -0.0032183
-102.041 -0.00197522
-61.2245 -0.000866759
-20.4082 0.000103571
20.4082 0.000937725
61.2245 0.00164179
102.041 0.00222474
142.857 0.00269734
183.673 0.00307124
224.49 0.00335828
265.306 0.00356997
306.122 0.00371717
346.939 0.00380986
387.755 0.003857
428.571 0.00386657
469.388 0.00384554
510.204 0.00379992
551.02 0.00373486
591.837 0.00365472
632.653 0.00356319
673.469 0.00346332
714.286 0.00335764
755.102 0.00324823
795.918 0.00313679
836.735 0.0030247
877.551 0.00291303
918.367 0.00280266
959.184 0.00269425
1000 0.00258832
