-1000 -0.0180285
-959.184 -0.128009
-918.367 -0.165352
-877.551 -0.167465
-836.735 -0.157448
-795.918 -0.136493
-755.102 -0.13414
-714.286 -0.12292
-673.469 -0.126709
-632.653 -0.134666
-591.837 -0.140854
-551.02 -0.163286
-510.204 -0.167007
-469.388 -0.161487
-428.571 -0.100605
-387.755 0.017779
-346.939 0.102602
-306.122 0.12768
-265.306 0.119502
-224.49 0.101008
-183.673 0.0822945
-142.857 0.0664108
-102.041 0.0537165
-61.2245 0.04377
-20.4082 0.0359986
20.4082 0.0298978
61.2245 0.0250693
102.041 0.0212115
142.857 0.018099
183.673 0.0155637
224.49 0.0134794
265.306 0.0117512
306.122 0.0103066
346.939 0.00908991
387.755 0.008058
428.571 0.00717712
469.388 0.00642061
510.204 0.00576724
551.02 0.00519999
591.837 0.0047051
632.653 0.00427136
673.469 0.00388958
714.286 0.00355218
755.102 0.00325289
795.918 0.00298645
836.735 0.00274845
877.551 0.0025352
918.367 0.00234355
959.184 0.00217081
1000 0.00201472
