-1000 0.00103818
-959.184 0.00110581
-918.367 0.00117859
-877.551 0.00125689
-836.735 0.00134109
-795.918 0.00143151
-755.102 0.00152849
-714.286 0.00163228
-673.469 0.00174305
-632.653 0.00186085
-591.837 0.0019855
-551.02 0.00211656
-510.204 0.00225318
-469.388 0.00239397
-428.571 0.00253678
-387.755 0.00267841
-346.939 0.00281435
-306.122 0.00293825
-265.306 0.00304139
-224.49 0.00311202
-183.673 0.00313449
-142.857 0.00308837
-102.041 0.00294748
-61.2245 0.00267906
-20.4082 0.00224343
20.4082 0.0015946
61.2245 0.000682748
102.041 -0.00054028
142.857 -0.00211121
183.673 -0.00404025
224.49 -0.00629123
265.306 -0.00876073
306.122 -0.0112647
346.939 -0.0135447
387.755 -0.0153049
428.571 -0.0162781
469.388 -0.0163026
510.204 -0.0153741
551.02 -0.0136476
591.837 -0.0113864
632.653 -0.00888699
673.469 -0.0064107
714.286 -0.00414571
755.102 -0.00219924
795.918 -0.000610342
836.735 0.000629359
877.551 0.00155567
918.367 0.00221646
959.184 0.00266161
1000 0.00293739
