-1000 0.00229758
-959.184 0.00248293
-918.367 0.00268784
-877.551 0.00291479
-836.735 0.00316658
-795.918 0.00344641
-755.102 0.00375788
-714.286 0.00410508
-673.469 0.00449256
-632.653 0.00492538
-591.837 0.00540905
-551.02 0.00594945
-510.204 0.00655261
-469.388 0.0072243
-428.571 0.00796936
-387.755 0.00879056
-346.939 0.00968674
-306.122 0.0106499
-265.306 0.0116606
-224.49 0.0126817
-183.673 0.0136481
-142.857 0.0144544
-102.041 0.0149394
-61.2245 0.0148705
-20.4082 0.0139376
20.4082 0.0117699
61.2245 0.00799899
102.041 0.0023815
142.857 -0.00503519
183.673 -0.0137868
224.49 -0.0230245
265.306 -0.031751
306.122 -0.0391392
346.939 -0.0447253
387.755 -0.04839
428.571 -0.0502013
469.388 -0.050245
510.204 -0.0485237
551.02 -0.0449541
591.837 -0.0394635
632.653 -0.0321576
673.469 -0.023481
714.286 -0.0142454
755.102 -0.0054468
795.918 0.00205134
836.735 0.00776304
877.551 0.0116222
918.367 0.0138617
959.184 0.0148473
1000 0.0149514
