-1000 0.912201
-959.184 -5.77855
-918.367 -0.8186
-877.551 1.06753
-836.735 0.603403
-795.918 0.342964
-755.102 0.218117
-714.286 0.151104
-673.469 0.111061
-632.653 0.0851209
-591.837 0.0672699
-551.02 0.0544065
-510.204 0.0447992
-469.388 0.0374184
-428.571 0.0316189
-387.755 0.0269781
-346.939 0.0232086
-306.122 0.0201087
-265.306 0.0175325
-224.49 0.0153724
-183.673 0.013547
-142.857 0.0119937
-102.041 0.0106638
-61.2245 0.00951895
-20.4082 0.00852831
20.4082 0.00766712
61.2245 0.00691522
102.041 0.0062561
142.857 0.00567612
183.673 0.00516397
224.49 0.00471019
265.306 0.00430685
306.122 0.00394726
346.939 0.00362576
387.755 0.00333752
428.571 0.00307843
469.388 0.00284495
510.204 0.00263406
551.02 0.00244312
591.837 0.00226988
632.653 0.00211237
673.469 0.00196885
714.286 0.00183785
755.102 0.00171803
795.918 0.00160826
836.735 0.00150751
877.551 0.00141488
918.367 0.00132959
959.184 0.00125093
1000 0.00117828
