-1000 0.00249718
-959.184 0.00268164
-918.367 0.00288425
-877.551 0.00310722
-836.735 0.00335313
-795.918 0.00362492
-755.102 0.003926
-714.286 0.00426034
-673.469 0.00463253
-632.653 0.00504795
-591.837 0.00551291
-551.02 0.00603485
-510.204 0.00662258
-469.388 0.00728659
-428.571 0.00803943
-387.755 0.00889628
-346.939 0.00987553
-306.122 0.0109997
-265.306 0.0122968
-224.49 0.0138015
-183.673 0.015558
-142.857 0.017623
-102.041 0.0200701
-61.2245 0.0229973
-20.4082 0.0265374
20.4082 0.0308747
61.2245 0.0362717
102.041 0.0431149
142.857 0.0519922
183.673 0.0638372
224.49 0.0802055
265.306 0.103848
306.122 0.140006
346.939 0.199647
387.755 0.308482
428.571 0.531734
469.388 0.974029
510.204 0.248588
551.02 -6.67591
591.837 0.432827
632.653 0.948729
673.469 0.516028
714.286 0.301124
755.102 0.19581
795.918 0.137768
836.735 0.102428
877.551 0.0792442
918.367 0.063154
959.184 0.0514875
1000 0.0427304
