-1000 0.00166268
-959.184 0.00175397
-918.367 0.00185038
-877.551 0.00195203
-836.735 0.00205893
-795.918 0.00217103
-755.102 0.00228814
-714.286 0.00240991
-673.469 0.00253578
-632.653 0.00266489
-591.837 0.00279603
-551.02 0.00292749
-510.204 0.00305695
-469.388 0.00318132
-428.571 0.00329648
-387.755 0.00339703
-346.939 0.00347594
-306.122 0.00352413
-265.306 0.00352995
-224.49 0.00347861
-183.673 0.00335143
-142.857 0.00312514
-102.041 0.0027712
-61.2245 0.00225523
-20.4082 0.00153713
20.4082 0.000572099
61.2245 -0.000686393
102.041 -0.00228072
142.857 -0.00423901
183.673 -0.00655993
224.49 -0.00919313
265.306 -0.012019
306.122 -0.0148362
346.939 -0.0173697
387.755 -0.0193088
428.571 -0.0203756
469.388 -0.0204023
510.204 -0.0193848
551.02 -0.0174833
591.837 -0.0149721
632.653 -0.0121621
673.469 -0.00933118
714.286 -0.00668486
755.102 -0.00434663
795.918 -0.00236986
836.735 -0.000757821
877.551 0.000516526
918.367 0.00149513
959.184 0.00222448
1000 0.00274956
