-1000 0.107471
-959.184 0.115631
-918.367 0.112925
-877.551 0.0824218
-836.735 -0.00390969
-795.918 -0.157468
-755.102 -0.310023
-714.286 -0.382035
-673.469 -0.414641
-632.653 -0.417905
-591.837 -0.387901
-551.02 -0.326179
-510.204 -0.183258
-469.388 -0.0231685
-428.571 0.0737754
-387.755 0.110703
-346.939 0.116198
-306.122 0.10902
-265.306 0.0978136
-224.49 0.086093
-183.673 0.0751707
-142.857 0.0654585
-102.041 0.0570062
-61.2245 0.0497247
-20.4082 0.0434796
20.4082 0.0381304
61.2245 0.0335464
102.041 0.0296118
142.857 0.0262268
183.673 0.023307
224.49 0.0207807
265.306 0.0185882
306.122 0.0166792
346.939 0.0150117
387.755 0.0135506
428.571 0.0122661
469.388 0.0111335
510.204 0.0101317
551.02 0.00924308
591.837 0.00845252
632.653 0.00774727
673.469 0.00711643
714.286 0.0065507
755.102 0.00604208
795.918 0.00558371
836.735 0.00516966
877.551 0.0047948
918.367 0.0044547
959.184 0.00414548
1000 0.00386379
