-1000 0.003423
-959.184 0.0034592
-918.367 0.00338926
-877.551 0.00316642
-836.735 0.00273246
-795.918 0.0020195
-755.102 0.000955857
-714.286 -0.00052165
-673.469 -0.00244764
-632.653 -0.00480125
-591.837 -0.00747824
-551.02 -0.010274
-510.204 -0.0128925
-469.388 -0.0149902
-428.571 -0.0162513
-387.755 -0.0164701
-346.939 -0.0156098
-306.122 -0.0138133
-265.306 -0.0113616
-224.49 -0.00859714
-183.673 -0.00584239
-142.857 -0.00334147
-102.041 -0.00123784
-61.2245 0.000417361
-20.4082 0.00164003
20.4082 0.00248479
61.2245 0.00302179
102.041 0.00332148
142.857 0.00344632
183.673 0.00344769
224.49 0.00336567
265.306 0.0032303
306.122 0.00306344
346.939 0.00288052
387.755 0.00269214
428.571 0.00250539
469.388 0.00232478
510.204 0.00215306
551.02 0.0019917
591.837 0.00184136
632.653 0.00170213
673.469 0.00157375
714.286 0.00145571
755.102 0.00134741
795.918 0.00124817
836.735 0.00115729
877.551 0.00107411
918.367 0.000997955
959.184 0.000928218
1000 0.000864324
