-1000 -0.00276006
-959.184 -0.00338682
-918.367 -0.0040053
-877.551 -0.0046049
-836.735 -0.00517611
-795.918 -0.00571092
-755.102 -0.00620309
-714.286 -0.00664821
-673.469 -0.0070436
-632.653 -0.00738813
-591.837 -0.0076819
-551.02 -0.00792591
-510.204 -0.00812166
-469.388 -0.00827089
-428.571 -0.00837523
-387.755 -0.00843601
-346.939 -0.00845405
-306.122 -0.00842963
-265.306 -0.00836239
-224.49 -0.00825141
-183.673 -0.00809531
-142.857 -0.00789242
-102.041 -0.00764104
-61.2245 -0.0073397
-20.4082 -0.00698752
20.4082 -0.00658457
61.2245 -0.00613218
102.041 -0.00563329
142.857 -0.00509257
183.673 -0.00451655
224.49 -0.00391348
265.306 -0.00329306
306.122 -0.00266602
346.939 -0.00204355
387.755 -0.00143669
428.571 -0.000855691
469.388 -0.000309534
510.204 0.000194509
551.02 0.000651104
591.837 0.00105692
632.653 0.00141054
673.469 0.00171228
714.286 0.00196387
755.102 0.00216817
795.918 0.00232882
836.735 0.00244995
877.551 0.00253593
918.367 0.00259115
959.184 0.00261987
1000 0.00262609
