-1000 0.000330646
-959.184 2.319e-05
-918.367 -0.00033019
-877.551 -0.000729234
-836.735 -0.00117187
-795.918 -0.00165394
-755.102 -0.00216897
-714.286 -0.00270819
-673.469 -0.00326057
-632.653 -0.0038132
-591.837 -0.00435175
-551.02 -0.00486112
-510.204 -0.00532613
-469.388 -0.00573234
-428.571 -0.00606673
-387.755 -0.00631836
-346.939 -0.00647889
-306.122 -0.00654295
-265.306 -0.0065084
-224.49 -0.00637639
-183.673 -0.00615134
-142.857 -0.00584074
-102.041 -0.0054548
-61.2245 -0.00500596
-20.4082 -0.00450832
20.4082 -0.00397692
61.2245 -0.00342696
102.041 -0.00287307
142.857 -0.00232866
183.673 -0.00180534
224.49 -0.0013126
265.306 -0.000857595
306.122 -0.000445165
346.939 -7.79821e-05
387.755 0.000243184
428.571 0.000519139
469.388 0.00075191
510.204 0.0009444
551.02 0.00110007
591.837 0.00122269
632.653 0.00131611
673.469 0.00138409
714.286 0.00143021
755.102 0.00145779
795.918 0.00146984
836.735 0.00146904
877.551 0.00145775
918.367 0.00143803
959.184 0.00141165
1000 0.00138011
