-1000 0.0119811
-959.184 0.0142655
-918.367 0.0171761
-877.551 0.0209459
-836.735 0.0259205
-795.918 0.032629
-755.102 0.0419087
-714.286 0.0551389
-673.469 0.0747
-632.653 0.104937
-591.837 0.154325
-551.02 0.240729
-510.204 0.405016
-469.388 0.744434
-428.571 1.40771
-387.755 0.810542
-346.939 -5.24727
-306.122 2.39602
-265.306 -2.49938
-224.49 -0.0215009
-183.673 1.30163
-142.857 -4.9501
-102.041 1.49307
-61.2245 1.21432
-20.4082 0.634294
20.4082 0.352767
61.2245 0.214033
102.041 0.139449
142.857 0.0960167
183.673 0.0690261
224.49 0.0513544
265.306 0.0392847
306.122 0.0307505
346.939 0.024539
387.755 0.0199065
428.571 0.0163786
469.388 0.0136429
510.204 0.0114879
551.02 0.00976651
591.837 0.00837442
632.653 0.00723615
673.469 0.00629614
714.286 0.00551287
755.102 0.00485485
795.918 0.00429793
836.735 0.00382335
877.551 0.00341639
918.367 0.00306538
959.184 0.00276101
1000 0.00249575
