-1000 0.000687997
-959.184 0.00072588
-918.367 0.000766083
-877.551 0.00080871
-836.735 0.00085385
-795.918 0.000901575
-755.102 0.00095193
-714.286 0.00100492
-673.469 0.0010605
-632.653 0.00111856
-591.837 0.0011789
-551.02 0.00124117
-510.204 0.0013049
-469.388 0.00136941
-428.571 0.00143373
-387.755 0.00149661
-346.939 0.00155636
-306.122 0.00161078
-265.306 0.00165707
-224.49 0.00169165
-183.673 0.00171007
-142.857 0.00170684
-102.041 0.00167527
-61.2245 0.00160746
-20.4082 0.00149419
20.4082 0.00132506
61.2245 0.00108881
102.041 0.000773849
142.857 0.000369166
183.673 -0.00013432
224.49 -0.00074204
265.306 -0.00145369
306.122 -0.00226106
346.939 -0.00314607
387.755 -0.00407962
428.571 -0.00502174
469.388 -0.00592348
510.204 -0.00673064
551.02 -0.0073892
591.837 -0.00785149
632.653 -0.00808224
673.469 -0.00806331
714.286 -0.00779622
755.102 -0.00730188
795.918 -0.00661776
836.735 -0.00579289
877.551 -0.00488172
918.367 -0.00393795
959.184 -0.00300938
1000 -0.00213444
