-1000 0.0318595
-959.184 0.0408315
-918.367 0.0535813
-877.551 0.0723575
-836.735 0.10124
-795.918 0.14813
-755.102 0.229546
-714.286 0.382987
-673.469 0.697882
-632.653 1.33014
-591.837 1.1656
-551.02 -5.40754
-510.204 2.07766
-469.388 -1.47942
-428.571 -0.973802
-387.755 1.85967
-346.939 -5.3443
-306.122 1.29945
-265.306 1.29123
-224.49 0.675881
-183.673 0.372553
-142.857 0.224213
-102.041 0.145157
-61.2245 0.0994572
-20.4082 0.0712234
20.4082 0.0528247
61.2245 0.040307
102.041 0.0314839
142.857 0.0250794
183.673 0.0203137
224.49 0.0166915
265.306 0.0138875
306.122 0.0116819
346.939 0.00992237
387.755 0.00850114
428.571 0.00734026
469.388 0.00638249
510.204 0.0055851
551.02 0.00491575
591.837 0.00434965
632.653 0.00386755
673.469 0.0034544
714.286 0.00309825
755.102 0.00278957
795.918 0.0025207
836.735 0.00228539
877.551 0.00207856
918.367 0.00189601
959.184 0.00173428
1000 0.00159047
