-1000 -0.0146475
-959.184 -0.017598
-918.367 -0.0204494
-877.551 -0.0231223
-836.735 -0.0255463
-795.918 -0.0276632
-755.102 -0.0294277
-714.286 -0.0308076
-673.469 -0.0317811
-632.653 -0.0323352
-591.837 -0.0324635
-551.02 -0.0321644
-510.204 -0.0314414
-469.388 -0.0303034
-428.571 -0.0287665
-387.755 -0.0268565
-346.939 -0.0246106
-306.122 -0.0220793
-265.306 -0.0193259
-224.49 -0.016425
-183.673 -0.0134582
-142.857 -0.0105088
-102.041 -0.00765592
-61.2245 -0.00496856
-20.4082 -0.00250159
20.4082 -0.000293301
61.2245 0.00163488
102.041 0.0032769
142.857 0.00463954
183.673 0.00573921
224.49 0.00659879
265.306 0.00724481
306.122 0.00770511
346.939 0.00800716
387.755 0.00817683
428.571 0.00823772
469.388 0.0082108
510.204 0.00811428
551.02 0.00796375
591.837 0.00777232
632.653 0.00755088
673.469 0.00730838
714.286 0.00705208
755.102 0.0067878
795.918 0.00652016
836.735 0.00625278
877.551 0.00598844
918.367 0.00572928
959.184 0.00547684
1000 0.00523226
