-1000 -0.00285116
-959.184 -0.00330613
-918.367 -0.00375316
-877.551 -0.0041854
-836.735 -0.00459637
-795.918 -0.00498021
-755.102 -0.0053318
-714.286 -0.00564683
-673.469 -0.00592185
-632.653 -0.00615414
-591.837 -0.00634172
-551.02 -0.00648315
-510.204 -0.0065775
-469.388 -0.00662421
-428.571 -0.00662301
-387.755 -0.00657391
-346.939 -0.00647719
-306.122 -0.00633342
-265.306 -0.00614358
-224.49 -0.00590909
-183.673 -0.00563201
-142.857 -0.00531505
-102.041 -0.00496174
-61.2245 -0.00457642
-20.4082 -0.00416424
20.4082 -0.00373111
61.2245 -0.00328351
102.041 -0.00282833
142.857 -0.00237261
183.673 -0.00192324
224.49 -0.00148671
265.306 -0.00106886
306.122 -0.000674677
346.939 -0.000308159
387.755 2.77624e-05
428.571 0.000331218
469.388 0.000601342
510.204 0.000838173
551.02 0.00104252
591.837 0.0012158
632.653 0.00135991
673.469 0.00147707
714.286 0.00156967
755.102 0.00164022
795.918 0.00169119
836.735 0.00172498
877.551 0.00174388
918.367 0.00175001
959.184 0.0017453
1000 0.00173153
