-1000 0.0177229
-959.184 0.0210985
-918.367 0.0253778
-877.551 0.0308803
-836.735 0.0380685
-795.918 0.0476281
-755.102 0.0606005
-714.286 0.0786155
-673.469 0.104311
-632.653 0.142137
-591.837 0.20003
-551.02 0.293275
-510.204 0.454689
-469.388 0.761747
-428.571 1.33038
-387.755 0.565117
-346.939 -5.67133
-306.122 1.80365
-265.306 -3.37851
-224.49 -1.3805
-183.673 1.48822
-142.857 0.903264
-102.041 0.526033
-61.2245 0.33225
-20.4082 0.223282
20.4082 0.156897
61.2245 0.114113
102.041 0.0853601
142.857 0.0653801
183.673 0.0511014
224.49 0.0406485
265.306 0.0328338
306.122 0.0268824
346.939 0.022275
387.755 0.0186555
428.571 0.0157745
469.388 0.0134539
510.204 0.0115647
551.02 0.0100116
591.837 0.00872331
632.653 0.00764603
673.469 0.00673842
714.286 0.00596847
755.102 0.00531112
795.918 0.00474658
836.735 0.00425907
877.551 0.00383593
918.367 0.00346691
959.184 0.00314363
1000 0.00285925
