-1000 0.0168325
-959.184 0.0181393
-918.367 0.0195813
-877.551 0.0211764
-836.735 0.0229451
-795.918 0.0249115
-755.102 0.0271036
-714.286 0.0295549
-673.469 0.0323047
-632.653 0.0354001
-591.837 0.038898
-551.02 0.0428673
-510.204 0.0473926
-469.388 0.0525791
-428.571 0.0585588
-387.755 0.0655001
-346.939 0.0736215
-306.122 0.0832117
-265.306 0.0946608
-224.49 0.108509
-183.673 0.125527
-142.857 0.146849
-102.041 0.174221
-61.2245 0.210452
-20.4082 0.260359
20.4082 0.332864
61.2245 0.446252
102.041 0.64266
142.857 1.0229
183.673 1.61864
224.49 -1.21543
265.306 -3.12652
306.122 2.24706
346.939 -4.82255
387.755 1.99078
428.571 -0.993696
469.388 -1.50296
510.204 2.19708
551.02 -4.91376
591.837 2.131
632.653 -2.59326
673.469 -1.65381
714.286 1.63438
755.102 1.04955
795.918 0.656097
836.735 0.453579
877.551 0.337346
918.367 0.263346
959.184 0.21257
1000 0.175792
