-1000 0.00142625
-959.184 0.00153404
-918.367 0.00165174
-877.551 0.00178027
-836.735 0.0019206
-795.918 0.00207373
-755.102 0.00224064
-714.286 0.00242224
-673.469 0.00261929
-632.653 0.00283226
-591.837 0.0030612
-551.02 0.00330539
-510.204 0.00356306
-469.388 0.00383082
-428.571 0.00410293
-387.755 0.00437037
-346.939 0.0046195
-306.122 0.00483044
-265.306 0.00497501
-224.49 0.00501444
-183.673 0.00489713
-142.857 0.00455711
-102.041 0.00391445
-61.2245 0.00287932
-20.4082 0.00136225
20.4082 -0.000707676
61.2245 -0.0033562
102.041 -0.00653317
142.857 -0.0100871
183.673 -0.0137588
224.49 -0.0172045
265.306 -0.020049
306.122 -0.0219541
346.939 -0.0226828
387.755 -0.0221425
428.571 -0.0204019
469.388 -0.0176785
510.204 -0.0142992
551.02 -0.010638
591.837 -0.00704738
632.653 -0.00380153
673.469 -0.00106829
714.286 0.00108829
755.102 0.00268454
795.918 0.00378646
836.735 0.00448212
877.551 0.00486213
918.367 0.00500828
959.184 0.00498874
1000 0.00485718
