-1000 0.00148775
-959.184 0.00160397
-918.367 0.0017325
-877.551 0.00187501
-836.735 0.00203342
-795.918 0.00220999
-755.102 0.00240737
-714.286 0.00262867
-673.469 0.00287757
-632.653 0.00315845
-591.837 0.00347653
-551.02 0.00383806
-510.204 0.00425058
-469.388 0.00472319
-428.571 0.00526699
-387.755 0.00589555
-346.939 0.00662555
-306.122 0.00747764
-265.306 0.00847747
-224.49 0.00965716
-183.673 0.0110571
-142.857 0.0127282
-102.041 0.0147352
-61.2245 0.0171602
-20.4082 0.0201078
20.4082 0.0237101
61.2245 0.0281325
102.041 0.0335765
142.857 0.0402746
183.673 0.0484626
224.49 0.0582952
265.306 0.0696208
306.122 0.0814187
346.939 0.0904367
387.755 0.0881528
428.571 0.0556889
469.388 -0.0358498
510.204 -0.189576
551.02 -0.323293
591.837 -0.365944
632.653 -0.35025
673.469 -0.252175
714.286 -0.092371
755.102 0.0276773
795.918 0.0803013
836.735 0.0916444
877.551 0.0856715
918.367 0.0743931
959.184 0.0626746
1000 0.0521962
