-1000 -0.0791358
-959.184 -0.0896205
-918.367 -0.0854715
-877.551 -0.0688146
-836.735 -0.0470432
-795.918 -0.0269175
-755.102 -0.0115437
-714.286 -0.00110845
-673.469 0.00542071
-632.653 0.00922609
-591.837 0.0112525
-551.02 0.0121592
-510.204 0.0123787
-469.388 0.0121868
-428.571 0.0117567
-387.755 0.011197
-346.939 0.010575
-306.122 0.00993242
-265.306 0.00929479
-224.49 0.00867725
-183.673 0.00808844
-142.857 0.00753285
-102.041 0.00701232
-61.2245 0.00652704
-20.4082 0.00607617
20.4082 0.00565829
61.2245 0.00527159
102.041 0.00491413
142.857 0.00458392
183.673 0.00427897
224.49 0.00399737
265.306 0.00373729
306.122 0.00349704
346.939 0.003275
387.755 0.00306969
428.571 0.00287975
469.388 0.00270392
510.204 0.00254103
551.02 0.00239002
591.837 0.00224992
632.653 0.00211984
673.469 0.00199897
714.286 0.00188656
755.102 0.00178195
795.918 0.0016845
836.735 0.00159365
877.551 0.00150888
918.367 0.00142973
959.184 0.00135576
1000 0.00128657
