-1000 -0.00195463
-959.184 -0.00207726
-918.367 -0.00216532
-877.551 -0.00221432
-836.735 -0.00222171
-795.918 -0.00218709
-755.102 -0.00211228
-714.286 -0.00200114
-673.469 -0.00185913
-632.653 -0.00169288
-591.837 -0.00150953
-551.02 -0.00131626
-510.204 -0.00111975
-469.388 -0.00092587
-428.571 -0.000739468
-387.755 -0.000564266
-346.939 -0.000402884
-306.122 -0.000256938
-265.306 -0.00012718
-224.49 -1.36587e-05
-183.673 8.41147e-05
-142.857 0.000167012
-102.041 0.00023616
-61.2245 0.000292824
-20.4082 0.000338331
20.4082 0.000374
61.2245 0.000401098
102.041 0.000420812
142.857 0.000434229
183.673 0.000442333
224.49 0.000445995
265.306 0.000445984
306.122 0.000442968
346.939 0.000437526
387.755 0.000430151
428.571 0.000421266
469.388 0.000411224
510.204 0.000400324
551.02 0.000388816
591.837 0.000376906
632.653 0.000364763
673.469 0.000352526
714.286 0.000340308
755.102 0.000328198
795.918 0.000316267
836.735 0.000304572
877.551 0.000293155
918.367 0.000282048
959.184 0.000271273
1000 0.000260847
