-1000 -0.0114709
-959.184 -0.01178
-918.367 -0.0116618
-877.551 -0.0111293
-836.735 -0.0102392
-795.918 -0.00907982
-755.102 -0.00775377
-714.286 -0.00636132
-673.469 -0.00498792
-632.653 -0.00369771
-591.837 -0.00253239
-551.02 -0.00151381
-510.204 -0.000648214
-469.388 6.90382e-05
-428.571 0.000649401
-387.755 0.00110791
-346.939 0.00146087
-306.122 0.00172439
-265.306 0.00191343
-224.49 0.00204142
-183.673 0.00212005
-142.857 0.00215929
-102.041 0.00216753
-61.2245 0.00215173
-20.4082 0.00211759
20.4082 0.00206976
61.2245 0.00201198
102.041 0.00194725
142.857 0.00187796
183.673 0.00180597
224.49 0.00173274
265.306 0.00165942
306.122 0.00158685
346.939 0.00151568
387.755 0.00144638
428.571 0.00137929
469.388 0.00131463
510.204 0.00125254
551.02 0.00119311
591.837 0.00113636
632.653 0.00108227
673.469 0.0010308
714.286 0.000981891
755.102 0.000935462
795.918 0.000891422
836.735 0.000849676
877.551 0.000810122
918.367 0.000772658
959.184 0.000737181
1000 0.000703591
