-1000 -0.00116926
-959.184 -0.00298962
-918.367 -0.00500862
-877.551 -0.00718618
-836.735 -0.00946789
-795.918 -0.0117879
-755.102 -0.0140733
-714.286 -0.0162496
-673.469 -0.0182461
-632.653 -0.0199998
-591.837 -0.0214589
-551.02 -0.0225832
-510.204 -0.0233442
-469.388 -0.023724
-428.571 -0.0237143
-387.755 -0.0233151
-346.939 -0.0225354
-306.122 -0.0213936
-265.306 -0.0199188
-224.49 -0.0181516
-183.673 -0.0161445
-142.857 -0.013961
-102.041 -0.0116721
-61.2245 -0.00935231
-20.4082 -0.00707432
20.4082 -0.00490351
61.2245 -0.00289361
102.041 -0.00108396
142.857 0.000501421
183.673 0.00185294
224.49 0.00297329
265.306 0.00387463
306.122 0.0045756
346.939 0.0050986
387.755 0.00546752
428.571 0.00570605
469.388 0.00583654
510.204 0.00587928
551.02 0.00585215
591.837 0.00577057
632.653 0.00564758
673.469 0.00549398
714.286 0.00531866
755.102 0.00512877
795.918 0.00493001
836.735 0.00472689
877.551 0.0045229
918.367 0.00432069
959.184 0.00412227
1000 0.00392909
