-1000 0.00295785
-959.184 0.00312305
-918.367 0.00329833
-877.551 0.0034841
-836.735 0.00368067
-795.918 0.00388826
-755.102 0.00410694
-714.286 0.00433654
-673.469 0.00457665
-632.653 0.00482646
-591.837 0.00508465
-551.02 0.00534926
-510.204 0.00561748
-469.388 0.00588544
-428.571 0.00614786
-387.755 0.00639774
-346.939 0.00662593
-306.122 0.00682057
-265.306 0.00696659
-224.49 0.00704497
-183.673 0.00703219
-142.857 0.00689951
-102.041 0.00661253
-61.2245 0.00613109
-20.4082 0.00540968
20.4082 0.0043988
61.2245 0.00304772
102.041 0.00130891
142.857 -0.00085539
183.673 -0.00346461
224.49 -0.00650986
265.306 -0.00994407
306.122 -0.0136745
346.939 -0.0175605
387.755 -0.0214189
428.571 -0.0250373
469.388 -0.0281948
510.204 -0.0306847
551.02 -0.0323374
591.837 -0.0330376
632.653 -0.0327361
673.469 -0.0314541
714.286 -0.0292814
755.102 -0.0263678
795.918 -0.0229075
836.735 -0.0191186
877.551 -0.0152196
918.367 -0.0114075
959.184 -0.00784099
1000 -0.00463207
