-1000 0.0423254
-959.184 0.0515783
-918.367 0.0638653
-877.551 0.080705
-836.735 0.104759
-795.918 0.141068
-755.102 0.200134
-714.286 0.306463
-673.469 0.522292
-632.653 0.955742
-591.837 0.440331
-551.02 -6.66823
-510.204 0.256109
-469.388 0.981073
-428.571 0.53804
-387.755 0.31387
-346.939 0.204023
-306.122 0.143356
-265.306 0.106226
-224.49 0.081707
-183.673 0.064583
-142.857 0.052111
-102.041 0.0427319
-61.2245 0.0355012
-20.4082 0.0298162
20.4082 0.0252748
61.2245 0.0215989
102.041 0.0185903
142.857 0.0161042
183.673 0.0140325
224.49 0.0122932
265.306 0.010823
306.122 0.00957256
346.939 0.00850299
387.755 0.0075833
428.571 0.00678857
469.388 0.00609867
510.204 0.00549718
551.02 0.00497061
591.837 0.00450788
632.653 0.00409974
673.469 0.00373852
714.286 0.00341777
755.102 0.00313207
795.918 0.00287683
836.735 0.00264815
877.551 0.00244272
918.367 0.0022577
959.184 0.00209064
1000 0.00193945
