-1000 0.000439687
-959.184 0.000461814
-918.367 0.000484004
-877.551 0.000505854
-836.735 0.000526834
-795.918 0.000546243
-755.102 0.000563177
-714.286 0.000576478
-673.469 0.000584687
-632.653 0.000585984
-591.837 0.000578134
-551.02 0.000558438
-510.204 0.000523699
-469.388 0.000470227
-428.571 0.000393893
-387.755 0.000290279
-346.939 0.000154944
-306.122 -1.61432e-05
-265.306 -0.00022598
-224.49 -0.000475718
-183.673 -0.000763685
-142.857 -0.00108439
-102.041 -0.00142768
-61.2245 -0.00177837
-20.4082 -0.00211669
20.4082 -0.00241965
61.2245 -0.00266362
102.041 -0.00282749
142.857 -0.0028961
183.673 -0.00286288
224.49 -0.00273101
265.306 -0.00251292
306.122 -0.00222797
346.939 -0.00189932
387.755 -0.0015505
428.571 -0.00120264
469.388 -0.000872622
510.204 -0.000572348
551.02 -0.000308866
591.837 -8.50713e-05
632.653 9.93125e-05
673.469 0.00024674
714.286 0.000360961
755.102 0.000446333
795.918 0.000507318
836.735 0.000548169
877.551 0.000572741
918.367 0.000584405
959.184 0.000586032
1000 0.000580016
