-1000 0.00132469
-959.184 0.00139814
-918.367 0.00147569
-877.551 0.00155737
-836.735 0.00164316
-795.918 0.00173291
-755.102 0.00182639
-714.286 0.00192315
-673.469 0.00202255
-632.653 0.00212368
-591.837 0.00222524
-551.02 0.00232549
-510.204 0.00242214
-469.388 0.00251217
-428.571 0.0025917
-387.755 0.00265586
-346.939 0.0026985
-306.122 0.00271212
-265.306 0.00268763
-224.49 0.00261427
-183.673 0.00247964
-142.857 0.00226982
-102.041 0.00196986
-61.2245 0.00156449
-20.4082 0.00103936
20.4082 0.000382644
61.2245 -0.000412901
102.041 -0.00134766
142.857 -0.0024129
183.673 -0.00358909
224.49 -0.00484506
265.306 -0.00613869
306.122 -0.00741902
346.939 -0.00862981
387.755 -0.00971396
428.571 -0.0106181
469.388 -0.0112966
510.204 -0.0117151
551.02 -0.0118521
591.837 -0.0117007
632.653 -0.0112687
673.469 -0.0105779
714.286 -0.00966361
755.102 -0.00857181
795.918 -0.00735617
836.735 -0.00607387
877.551 -0.00478098
918.367 -0.00352808
959.184 -0.0023568
1000 -0.00129771
