-1000 0.00941629
-959.184 0.0112958
-918.367 0.0137119
-877.551 0.0168713
-836.735 0.0210837
-795.918 0.0268281
-755.102 0.0348705
-714.286 0.0464867
-673.469 0.0639031
-632.653 0.0912288
-591.837 0.136566
-551.02 0.217169
-510.204 0.372861
-469.388 0.699016
-428.571 1.3408
-387.755 0.706614
-346.939 -5.41976
-306.122 2.08518
-265.306 -3.11076
-224.49 -1.19868
-183.673 1.53374
-142.857 0.855498
-102.041 0.446127
-61.2245 0.253156
-20.4082 0.155856
20.4082 0.102402
61.2245 0.070797
102.041 0.0509641
142.857 0.0379028
183.673 0.028954
224.49 0.0226183
265.306 0.0180067
306.122 0.01457
346.939 0.0119564
387.755 0.00993316
428.571 0.00834246
469.388 0.00707448
510.204 0.00605129
551.02 0.0052165
591.837 0.00452862
632.653 0.00395668
673.469 0.00347723
714.286 0.00307229
755.102 0.00272791
795.918 0.00243318
836.735 0.00217945
877.551 0.00195983
918.367 0.00176878
959.184 0.00160179
1000 0.00145519
