-1000 0.000400184
-959.184 0.000345507
-918.367 0.000276667
-877.551 0.000191942
-836.735 8.97112e-05
-795.918 -3.14123e-05
-755.102 -0.000172423
-714.286 -0.000333728
-673.469 -0.000514934
-632.653 -0.000714625
-591.837 -0.000930154
-551.02 -0.00115749
-510.204 -0.00139116
-469.388 -0.0016243
-428.571 -0.00184887
-387.755 -0.00205607
-346.939 -0.00223688
-306.122 -0.00238277
-265.306 -0.00248637
-224.49 -0.00254226
-183.673 -0.00254739
-142.857 -0.0025015
-102.041 -0.00240707
-61.2245 -0.00226911
-20.4082 -0.00209463
20.4082 -0.00189199
61.2245 -0.00167018
102.041 -0.00143808
142.857 -0.00120392
183.673 -0.000974831
224.49 -0.000756572
265.306 -0.000553459
306.122 -0.000368406
346.939 -0.00020306
387.755 -5.80006e-05
428.571 6.70366e-05
469.388 0.000172945
510.204 0.000261047
551.02 0.000332928
591.837 0.000390298
632.653 0.000434891
673.469 0.000468391
714.286 0.000492382
755.102 0.000508319
795.918 0.000517511
836.735 0.00052112
877.551 0.000520161
918.367 0.000515513
959.184 0.00050793
1000 0.000498049
