-1000 0.00159582
-959.184 0.00172687
-918.367 0.00187275
-877.551 0.00203562
-836.735 0.00221805
-795.918 0.00242306
-755.102 0.00265431
-714.286 0.00291614
-673.469 0.00321381
-632.653 0.00355373
-591.837 0.00394371
-551.02 0.0043934
-510.204 0.00491479
-469.388 0.00552287
-428.571 0.00623664
-387.755 0.00708034
-346.939 0.00808527
-306.122 0.00929237
-265.306 0.0107558
-224.49 0.0125485
-183.673 0.0147699
-142.857 0.0175586
-102.041 0.0211113
-61.2245 0.0257142
-20.4082 0.0317947
20.4082 0.0400116
61.2245 0.0514173
102.041 0.0677665
142.857 0.0921354
183.673 0.130253
224.49 0.193579
265.306 0.306986
306.122 0.528759
346.939 0.991301
387.755 1.68132
428.571 -1.92148
469.388 -1.76754
510.204 2.29088
551.02 -4.59186
591.837 2.64642
632.653 -1.78206
673.469 -0.362049
714.286 1.67876
755.102 -5.13759
795.918 1.44384
836.735 1.27874
877.551 0.674244
918.367 0.377456
959.184 0.230757
1000 0.151597
