-1000 -0.00164787
-959.184 -0.00197453
-918.367 -0.00230578
-877.551 -0.0026344
-836.735 -0.00295241
-795.918 -0.00325136
-755.102 -0.0035227
-714.286 -0.00375822
-673.469 -0.00395043
-632.653 -0.00409303
-591.837 -0.0041812
-551.02 -0.00421191
-510.204 -0.00418411
-469.388 -0.00409876
-428.571 -0.00395879
-387.755 -0.00376891
-346.939 -0.00353539
-306.122 -0.00326565
-265.306 -0.00296788
-224.49 -0.00265062
-183.673 -0.00232233
-142.857 -0.00199104
-102.041 -0.00166399
-61.2245 -0.00134747
-20.4082 -0.00104662
20.4082 -0.000765408
61.2245 -0.000506648
102.041 -0.000272067
142.857 -6.24372e-05
183.673 0.000122273
224.49 0.000282745
265.306 0.000420148
306.122 0.000536002
346.939 0.000632047
387.755 0.000710139
428.571 0.000772165
469.388 0.000819977
510.204 0.00085535
551.02 0.000879944
591.837 0.000895288
632.653 0.000902771
673.469 0.000903639
714.286 0.000898997
755.102 0.000889816
795.918 0.000876946
836.735 0.000861119
877.551 0.000842968
918.367 0.000823031
959.184 0.000801766
1000 0.000779559
