-1000 0.0507958
-959.184 0.0629894
-918.367 0.0782895
-877.551 0.0963887
-836.735 0.114426
-795.918 0.122772
-755.102 0.0991331
-714.286 0.0162318
-673.469 -0.104107
-632.653 -0.171085
-591.837 -0.180162
-551.02 -0.180563
-510.204 -0.162686
-469.388 -0.161059
-428.571 -0.160726
-387.755 -0.163485
-346.939 -0.181034
-306.122 -0.179942
-265.306 -0.169709
-224.49 -0.0986278
-183.673 0.021839
-142.857 0.101559
-102.041 0.12287
-61.2245 0.113631
-20.4082 0.0954436
20.4082 0.0774496
61.2245 0.0623082
102.041 0.0502607
142.857 0.0408479
183.673 0.0335098
224.49 0.0277605
265.306 0.023219
306.122 0.0195975
346.939 0.0166814
387.755 0.0143107
428.571 0.0123656
469.388 0.010756
510.204 0.00941315
551.02 0.00828442
591.837 0.00732898
632.653 0.00651494
673.469 0.00581715
714.286 0.00521562
755.102 0.00469431
795.918 0.00424031
836.735 0.00384309
877.551 0.00349405
918.367 0.0031861
959.184 0.00291335
1000 0.00267092
