-1000 0.00219506
-959.184 0.00236919
-918.367 0.00255164
-877.551 0.00273931
-836.735 0.0029271
-795.918 0.00310717
-755.102 0.00326782
-714.286 0.00339219
-673.469 0.00345655
-632.653 0.00342849
-591.837 0.00326521
-551.02 0.00291245
-510.204 0.00230528
-469.388 0.00137234
-428.571 4.56021e-05
-387.755 -0.00172233
-346.939 -0.00393333
-306.122 -0.00651514
-265.306 -0.00929892
-224.49 -0.0120174
-183.673 -0.0143365
-142.857 -0.0159211
-102.041 -0.0165183
-61.2245 -0.0160283
-20.4082 -0.0145331
20.4082 -0.0122731
61.2245 -0.00957887
102.041 -0.00678811
142.857 -0.0041768
183.673 -0.00192401
224.49 -0.000110857
265.306 0.0012584
306.122 0.00222784
346.939 0.00286433
387.755 0.00323945
428.571 0.00341905
469.388 0.00345852
510.204 0.00340179
551.02 0.00328223
591.837 0.00312434
632.653 0.00294562
673.469 0.00275819
714.286 0.00257024
755.102 0.0023871
795.918 0.00221204
836.735 0.00204694
877.551 0.00189271
918.367 0.00174961
959.184 0.00161748
1000 0.00149588
