-1000 0.00854561
-959.184 0.00933252
-918.367 0.0101757
-877.551 0.0110645
-836.735 0.0119786
-795.918 0.0128827
-755.102 0.0137202
-714.286 0.0144031
-673.469 0.0148002
-632.653 0.0147231
-591.837 0.0139118
-551.02 0.0120285
-510.204 0.0086694
-469.388 0.00341548
-428.571 -0.00405635
-387.755 -0.0137971
-346.939 -0.0253873
-306.122 -0.0378272
-265.306 -0.0496421
-224.49 -0.0592145
-183.673 -0.0651806
-142.857 -0.0667017
-102.041 -0.0635679
-61.2245 -0.0562138
-20.4082 -0.0456809
20.4082 -0.0334617
61.2245 -0.0211706
102.041 -0.0101441
142.857 -0.00117766
183.673 0.00549385
224.49 0.0100398
265.306 0.0128338
306.122 0.0142988
346.939 0.0148187
387.755 0.0147041
428.571 0.0141888
469.388 0.0134394
510.204 0.0125704
551.02 0.0116576
591.837 0.0107493
632.653 0.0098747
673.469 0.00905037
714.286 0.00828442
755.102 0.00757959
795.918 0.00693527
836.735 0.00634888
877.551 0.00581674
918.367 0.00533468
959.184 0.00489839
1000 0.00450364
