-1000 -0.0400871
-959.184 -0.0655729
-918.367 -0.0854028
-877.551 -0.0965454
-836.735 -0.0982175
-795.918 -0.0903595
-755.102 -0.0733787
-714.286 -0.0493302
-673.469 -0.0231361
-632.653 -0.000664943
-591.837 0.0147336
-551.02 0.0230781
-510.204 0.0261971
-469.388 0.0261287
-428.571 0.0244133
-387.755 0.0220163
-346.939 0.0194729
-306.122 0.0170491
-265.306 0.0148581
-224.49 0.0129325
-183.673 0.0112659
-142.857 0.00983488
-102.041 0.00861046
-61.2245 0.00756357
-20.4082 0.00666758
20.4082 0.00589915
61.2245 0.00523828
102.041 0.0046681
142.857 0.00417449
183.673 0.00374566
224.49 0.00337177
265.306 0.00304463
306.122 0.00275741
346.939 0.00250437
387.755 0.00228071
428.571 0.00208239
469.388 0.00190601
510.204 0.00174866
551.02 0.0016079
591.837 0.00148164
632.653 0.00136808
673.469 0.00126569
714.286 0.00117314
755.102 0.00108931
795.918 0.00101319
836.735 0.000943932
877.551 0.000880786
918.367 0.0008231
959.184 0.000770301
1000 0.000721888
