-1000 0.000111078
-959.184 0.000115263
-918.367 0.000119578
-877.551 0.000124017
-836.735 0.000128571
-795.918 0.000133228
-755.102 0.000137973
-714.286 0.000142786
-673.469 0.000147642
-632.653 0.000152511
-591.837 0.000157352
-551.02 0.00016212
-510.204 0.000166758
-469.388 0.000171195
-428.571 0.000175351
-387.755 0.000179128
-346.939 0.000182409
-306.122 0.000185058
-265.306 0.000186917
-224.49 0.0001878
-183.673 0.000187496
-142.857 0.000185758
-102.041 0.000182311
-61.2245 0.000176842
-20.4082 0.000169002
20.4082 0.000158411
61.2245 0.000144653
102.041 0.000127289
142.857 0.000105861
183.673 7.99082e-05
224.49 4.89857e-05
265.306 1.26883e-05
306.122 -2.93172e-05
346.939 -7.72539e-05
387.755 -0.000131191
428.571 -0.000190995
469.388 -0.000256281
510.204 -0.000326366
551.02 -0.000400231
591.837 -0.000476502
632.653 -0.000553452
673.469 -0.000629035
714.286 -0.000700956
755.102 -0.000766776
795.918 -0.000824053
836.735 -0.000870499
877.551 -0.000904153
918.367 -0.000923532
959.184 -0.000927762
1000 -0.000916649
