-1000 0.000998723
-959.184 0.00104852
-918.367 0.0011009
-877.551 0.00115592
-836.735 0.00121361
-795.918 0.00127397
-755.102 0.00133697
-714.286 0.0014025
-673.469 0.0014704
-632.653 0.0015404
-591.837 0.00161212
-551.02 0.00168504
-510.204 0.00175843
-469.388 0.00183137
-428.571 0.0019026
-387.755 0.00197054
-346.939 0.00203313
-306.122 0.00208781
-265.306 0.00213131
-224.49 0.00215961
-183.673 0.00216771
-142.857 0.00214948
-102.041 0.00209749
-61.2245 0.0020028
-20.4082 0.00185486
20.4082 0.00164137
61.2245 0.00134832
102.041 0.000960279
142.857 0.000460951
183.673 -0.000165739
224.49 -0.000933878
265.306 -0.00185296
306.122 -0.00292431
346.939 -0.00413675
387.755 -0.00546195
428.571 -0.00685047
469.388 -0.00823036
510.204 -0.00950992
551.02 -0.0105864
591.837 -0.01136
632.653 -0.0117519
673.469 -0.0117196
714.286 -0.0112667
755.102 -0.0104419
795.918 -0.00932838
836.735 -0.00802735
877.551 -0.00664073
918.367 -0.00525767
959.184 -0.00394678
1000 -0.00275416
