-1000 0.000624495
-959.184 0.00064816
-918.367 0.000671795
-877.551 0.000695133
-836.735 0.000717843
-795.918 0.000739517
-755.102 0.000759651
-714.286 0.000777635
-673.469 0.00079273
-632.653 0.000804048
-591.837 0.000810531
-551.02 0.000810927
-510.204 0.000803769
-469.388 0.000787351
-428.571 0.000759709
-387.755 0.000718618
-346.939 0.000661585
-306.122 0.000585875
-265.306 0.000488559
-224.49 0.00036659
-183.673 0.000216938
-142.857 3.67725e-05
-102.041 -0.000176285
-61.2245 -0.000423834
-20.4082 -0.000706301
20.4082 -0.0010225
61.2245 -0.00136914
102.041 -0.00174044
142.857 -0.00212779
183.673 -0.00251968
224.49 -0.0029019
265.306 -0.00325824
306.122 -0.00357149
346.939 -0.00382492
387.755 -0.00400389
428.571 -0.00409748
469.388 -0.00409979
510.204 -0.00401067
551.02 -0.00383575
591.837 -0.00358572
632.653 -0.00327507
673.469 -0.00292047
714.286 -0.00253914
755.102 -0.00214739
795.918 -0.00175951
836.735 -0.00138718
877.551 -0.00103914
918.367 -0.000721328
959.184 -0.00043713
1000 -0.000187834
