-1000 0.0108842
-959.184 0.0119225
-918.367 0.0130978
-877.551 0.0144336
-836.735 0.0159583
-795.918 0.0177067
-755.102 0.0197215
-714.286 0.0220556
-673.469 0.0247749
-632.653 0.0279626
-591.837 0.0317243
-551.02 0.0361953
-510.204 0.0415513
-469.388 0.0480227
-428.571 0.0559158
-387.755 0.0656436
-346.939 0.0777719
-306.122 0.0930907
-265.306 0.112727
-224.49 0.138336
-183.673 0.172427
-142.857 0.219002
-102.041 0.284856
-61.2245 0.382653
-20.4082 0.539031
20.4082 0.817165
61.2245 1.34583
102.041 1.51237
142.857 -5.03837
183.673 1.19789
224.49 -0.0773807
265.306 -2.4394
306.122 2.69171
346.939 -4.49322
387.755 2.25761
428.571 -0.765961
469.388 -1.30332
510.204 2.37367
551.02 -4.7584
591.837 2.26519
632.653 -2.48092
673.469 -1.56392
714.286 1.70202
755.102 1.09632
795.918 0.68445
836.735 0.466663
877.551 0.338469
918.367 0.255579
959.184 0.198525
1000 0.157561
