-1000 0.00206833
-959.184 0.00223614
-918.367 0.00242237
-877.551 0.00262961
-836.735 0.00286082
-795.918 0.00311951
-755.102 0.00340981
-714.286 0.00373654
-673.469 0.00410547
-632.653 0.00452338
-591.837 0.00499838
-551.02 0.00554014
-510.204 0.00616021
-469.388 0.0068724
-428.571 0.00769325
-387.755 0.00864252
-346.939 0.00974367
-306.122 0.0110243
-265.306 0.0125163
-224.49 0.0142556
-183.673 0.0162799
-142.857 0.0186248
-102.041 0.0213136
-61.2245 0.0243386
-20.4082 0.0276243
20.4082 0.0309627
61.2245 0.0339057
102.041 0.0356096
142.857 0.0346731
183.673 0.0291357
224.49 0.0170064
265.306 -0.00232493
306.122 -0.0264062
346.939 -0.0500134
387.755 -0.0684657
428.571 -0.0803486
469.388 -0.0867805
510.204 -0.0896604
551.02 -0.0904417
591.837 -0.0895743
632.653 -0.086559
673.469 -0.0798988
714.286 -0.067701
755.102 -0.0489283
795.918 -0.0251651
836.735 -0.0012106
877.551 0.0177891
918.367 0.0295551
959.184 0.0348113
1000 0.035573
