-1000 0.00191622
-959.184 0.00202495
-918.367 0.00213949
-877.551 0.00225979
-836.735 0.0023856
-795.918 0.0025165
-755.102 0.00265179
-714.286 0.00279044
-673.469 0.00293094
-632.653 0.00307124
-591.837 0.00320853
-551.02 0.00333906
-510.204 0.00345792
-469.388 0.00355873
-428.571 0.00363333
-387.755 0.00367138
-346.939 0.00365996
-306.122 0.00358317
-265.306 0.00342172
-224.49 0.00315276
-183.673 0.00274986
-142.857 0.00218353
-102.041 0.00142247
-61.2245 0.000435822
-20.4082 -0.000803153
20.4082 -0.00231176
61.2245 -0.00409095
102.041 -0.00611729
142.857 -0.00833522
183.673 -0.0106517
224.49 -0.0129364
265.306 -0.0150293
306.122 -0.0167585
346.939 -0.0179639
387.755 -0.018525
428.571 -0.0183832
469.388 -0.0175535
510.204 -0.0161213
551.02 -0.0142261
591.837 -0.0120361
632.653 -0.00972085
673.469 -0.00743014
714.286 -0.00527985
755.102 -0.00334766
795.918 -0.00167544
836.735 -0.000275891
877.551 0.00085941
918.367 0.00175228
959.184 0.00243166
1000 0.00292892
