-1000 0.000648296
-959.184 0.000705348
-918.367 0.000768846
-877.551 0.000839639
-836.735 0.000918686
-795.918 0.00100707
-755.102 0.00110602
-714.286 0.00121686
-673.469 0.00134108
-632.653 0.00148024
-591.837 0.00163595
-551.02 0.00180972
-510.204 0.00200283
-469.388 0.00221595
-428.571 0.00244864
-387.755 0.00269855
-346.939 0.00296007
-306.122 0.00322236
-265.306 0.00346638
-224.49 0.00366056
-183.673 0.00375499
-142.857 0.00367408
-102.041 0.00330919
-61.2245 0.0025148
-20.4082 0.00111623
20.4082 -0.00105741
61.2245 -0.00409936
102.041 -0.00790673
142.857 -0.0120558
183.673 -0.0157728
224.49 -0.0181215
265.306 -0.0184012
306.122 -0.0165232
346.939 -0.0130618
387.755 -0.00893672
428.571 -0.00498973
469.388 -0.00173611
510.204 0.000651228
551.02 0.00222894
591.837 0.00315732
632.653 0.00361454
673.469 0.00375483
714.286 0.00369598
755.102 0.00352118
795.918 0.00328606
836.735 0.00302615
877.551 0.00276316
918.367 0.00250966
959.184 0.00227234
1000 0.00205423
