-1000 0.0111185
-959.184 0.0124462
-918.367 0.0139961
-877.551 0.015817
-836.735 0.0179713
-795.918 0.0205398
-755.102 0.0236277
-714.286 0.0273747
-673.469 0.031968
-632.653 0.037663
-591.837 0.0448139
-551.02 0.0539216
-510.204 0.0657092
-469.388 0.0812464
-428.571 0.10216
-387.755 0.131002
-346.939 0.171935
-306.122 0.232089
-265.306 0.324527
-224.49 0.47562
-183.673 0.745123
-142.857 1.25879
-102.041 1.63684
-61.2245 -4.3253
-20.4082 0.505202
20.4082 0.78154
61.2245 -3.36807
102.041 2.85058
142.857 -4.03118
183.673 1.69824
224.49 0.114832
265.306 -2.49857
306.122 2.33516
346.939 -5.32458
387.755 0.804306
428.571 1.5022
469.388 0.889157
510.204 0.551653
551.02 0.368703
591.837 0.259817
632.653 0.190303
673.469 0.14367
714.286 0.111183
755.102 0.0878484
795.918 0.0706519
836.735 0.0576966
877.551 0.0477477
918.367 0.0399782
959.184 0.0338202
1000 0.0288747
