-1000 0.000910345
-959.184 0.00100423
-918.367 0.00111102
-877.551 0.00123289
-836.735 0.00137247
-795.918 0.00153289
-755.102 0.00171795
-714.286 0.00193218
-673.469 0.00218104
-632.653 0.00247107
-591.837 0.00281004
-551.02 0.00320709
-510.204 0.00367272
-469.388 0.00421856
-428.571 0.00485653
-387.755 0.00559696
-346.939 0.00644461
-306.122 0.00739073
-265.306 0.00839791
-224.49 0.00937248
-183.673 0.0101164
-142.857 0.0102504
-102.041 0.00911051
-61.2245 0.00566475
-20.4082 -0.00138805
20.4082 -0.0129947
61.2245 -0.0283021
102.041 -0.0431051
142.857 -0.0507428
183.673 -0.0469243
224.49 -0.0338629
265.306 -0.0180669
306.122 -0.00491943
346.939 0.00367312
387.755 0.00823068
428.571 0.010041
469.388 0.0102595
510.204 0.00967374
551.02 0.00875003
591.837 0.00773953
632.653 0.00676566
673.469 0.00588149
714.286 0.0051036
755.102 0.00443078
795.918 0.00385403
836.735 0.00336168
877.551 0.00294189
918.367 0.0025837
959.184 0.00227749
1000 0.00201503
