-1000 0.000173072
-959.184 -0.00107138
-918.367 -0.00264711
-877.551 -0.00453393
-836.735 -0.0066503
-795.918 -0.00883819
-755.102 -0.010866
-714.286 -0.0124609
-673.469 -0.0133705
-632.653 -0.0134362
-591.837 -0.0126463
-551.02 -0.0111396
-510.204 -0.00915902
-469.388 -0.00697883
-428.571 -0.00483971
-387.755 -0.0029115
-346.939 -0.00128655
-306.122 7.0523e-06
-265.306 0.000984761
-224.49 0.00168586
-183.673 0.00215878
-142.857 0.00245176
-102.041 0.00260799
-61.2245 0.00266368
-20.4082 0.00264778
20.4082 0.00258274
61.2245 0.0024855
102.041 0.00236857
142.857 0.00224099
183.673 0.00210915
224.49 0.00197749
265.306 0.00184897
306.122 0.00172552
346.939 0.00160828
387.755 0.00149788
428.571 0.00139454
469.388 0.00129825
510.204 0.00120884
551.02 0.001126
591.837 0.00104939
632.653 0.00097862
673.469 0.000913282
714.286 0.000852985
755.102 0.000797343
795.918 0.000745989
836.735 0.000698577
877.551 0.000654784
918.367 0.000614311
959.184 0.000576881
1000 0.00054224
