-1000 -0.0163255
-959.184 -0.0225291
-918.367 -0.0279405
-877.551 -0.0313653
-836.735 -0.0319099
-795.918 -0.0294225
-755.102 -0.0245748
-714.286 -0.0185151
-673.469 -0.0123719
-632.653 -0.0069248
-591.837 -0.00253946
-551.02 0.000732795
-510.204 0.00301592
-469.388 0.00450054
-428.571 0.00538022
-387.755 0.00582259
-346.939 0.00596099
-306.122 0.00589607
-265.306 0.0057011
-224.49 0.00542806
-183.673 0.00511292
-142.857 0.00478005
-102.041 0.00444553
-61.2245 0.0041196
-20.4082 0.0038085
20.4082 0.0035157
61.2245 0.00324281
102.041 0.00299025
142.857 0.00275766
183.673 0.00254419
224.49 0.00234872
265.306 0.00217001
306.122 0.00200676
346.939 0.00185769
387.755 0.00172157
428.571 0.00159724
469.388 0.00148362
510.204 0.00137973
551.02 0.00128464
591.837 0.00119754
632.653 0.00111768
673.469 0.00104436
714.286 0.000976995
755.102 0.000915019
795.918 0.000857938
836.735 0.000805305
877.551 0.000756718
918.367 0.000711813
959.184 0.000670264
1000 0.000631776
