-1000 0.513142
-959.184 0.877686
-918.367 1.46885
-877.551 -0.968705
-836.735 -3.88754
-795.918 1.89575
-755.102 -5.45982
-714.286 0.329656
-673.469 1.36156
-632.653 0.783389
-591.837 0.465631
-551.02 0.29933
-510.204 0.203676
-469.388 0.144467
-428.571 0.105866
-387.755 0.07969
-346.939 0.0613646
-306.122 0.048185
-265.306 0.0384833
-224.49 0.031195
-183.673 0.0256207
-142.857 0.0212887
-102.041 0.017874
-61.2245 0.0151475
-20.4082 0.0129454
20.4082 0.011148
61.2245 0.00966702
102.041 0.00843601
142.857 0.00740461
183.673 0.00653411
224.49 0.00579443
265.306 0.00516196
306.122 0.00461802
346.939 0.00414769
387.755 0.00373896
428.571 0.00338209
469.388 0.00306913
510.204 0.00279354
551.02 0.00254992
591.837 0.00233377
632.653 0.00214134
673.469 0.00196945
714.286 0.00181546
755.102 0.00167708
795.918 0.0015524
836.735 0.00143976
877.551 0.00133775
918.367 0.00124514
959.184 0.00116087
1000 0.00108403
