-1000 0.00391567
-959.184 0.00422605
-918.367 0.00456233
-877.551 0.00492526
-836.735 0.00531478
-795.918 0.0057296
-755.102 0.00616658
-714.286 0.00661989
-673.469 0.0070798
-632.653 0.00753119
-591.837 0.00795153
-551.02 0.00830852
-510.204 0.00855734
-469.388 0.00863809
-428.571 0.00847399
-387.755 0.00797189
-346.939 0.00702692
-306.122 0.00553368
-265.306 0.00340551
-224.49 0.000600969
-183.673 -0.00284812
-142.857 -0.0068179
-102.041 -0.0110952
-61.2245 -0.0154079
-20.4082 -0.0194752
20.4082 -0.0230587
61.2245 -0.0259941
102.041 -0.0281947
142.857 -0.0296326
183.673 -0.0303103
224.49 -0.0302351
265.306 -0.0294061
306.122 -0.0278153
346.939 -0.025464
387.755 -0.0223898
428.571 -0.0186938
469.388 -0.0145563
510.204 -0.0102277
551.02 -0.0059914
591.837 -0.0021113
632.653 0.00121571
673.469 0.00388481
714.286 0.00588082
755.102 0.00725653
795.918 0.00810428
836.735 0.00853065
877.551 0.00863882
918.367 0.00851887
959.184 0.00824414
1000 0.00787133
