-1000 0.00194471
-959.184 0.00206262
-918.367 0.00218817
-877.551 0.00232161
-836.735 0.00246311
-795.918 0.00261269
-755.102 0.00277021
-714.286 0.00293524
-673.469 0.00310703
-632.653 0.00328434
-591.837 0.0034653
-551.02 0.00364724
-510.204 0.00382643
-469.388 0.00399773
-428.571 0.00415431
-387.755 0.00428711
-346.939 0.0043844
-306.122 0.00443117
-265.306 0.00440852
-224.49 0.00429317
-183.673 0.00405702
-142.857 0.00366719
-102.041 0.00308658
-61.2245 0.00227553
-20.4082 0.00119478
20.4082 -0.000189706
61.2245 -0.0018999
102.041 -0.0039372
142.857 -0.00627307
183.673 -0.00884086
224.49 -0.0115315
265.306 -0.0141958
306.122 -0.0166552
346.939 -0.018721
387.755 -0.0202191
428.571 -0.021015
469.388 -0.0210348
510.204 -0.0202765
551.02 -0.0188107
591.837 -0.0167694
632.653 -0.0143252
673.469 -0.0116667
714.286 -0.00897357
755.102 -0.00639668
795.918 -0.00404729
836.735 -0.0019941
877.551 -0.00026737
918.367 0.00113301
959.184 0.00222821
1000 0.00305184
