-1000 0.000160121
-959.184 -0.000488735
-918.367 -0.00128007
-877.551 -0.00221483
-836.735 -0.00328069
-795.918 -0.00444739
-755.102 -0.00566334
-714.286 -0.00685526
-673.469 -0.00793271
-632.653 -0.0087985
-591.837 -0.00936413
-551.02 -0.00956686
-510.204 -0.00938325
-469.388 -0.00883456
-428.571 -0.00798183
-387.755 -0.00691266
-346.939 -0.0057242
-306.122 -0.00450754
-265.306 -0.00333697
-224.49 -0.00226518
-183.673 -0.00132344
-142.857 -0.000524868
-102.041 0.000130939
-61.2245 0.00065329
-20.4082 0.00105654
20.4082 0.00135716
61.2245 0.0015718
102.041 0.00171606
142.857 0.00180389
183.673 0.00184731
224.49 0.00185643
265.306 0.00183959
306.122 0.00180354
346.939 0.00175369
387.755 0.00169431
428.571 0.00162871
469.388 0.00155946
510.204 0.00148852
551.02 0.00141736
591.837 0.00134705
632.653 0.00127838
673.469 0.0012119
714.286 0.00114796
755.102 0.00108681
795.918 0.00102856
836.735 0.000973256
877.551 0.000920893
918.367 0.000871414
959.184 0.000824734
1000 0.000780751
