-1000 0.0221157
-959.184 0.0280093
-918.367 0.0352124
-877.551 0.0428962
-836.735 0.0476857
-795.918 0.0398251
-755.102 -0.00157181
-714.286 -0.0978593
-673.469 -0.211084
-632.653 -0.221982
-591.837 -0.116171
-551.02 -0.0123365
-510.204 0.0364162
-469.388 0.0476817
-428.571 0.0439399
-387.755 0.0363755
-346.939 0.0290122
-306.122 0.0229127
-265.306 0.018133
-224.49 0.0144562
-183.673 0.0116354
-142.857 0.00946126
-102.041 0.00777204
-61.2245 0.00644711
-20.4082 0.00539753
20.4082 0.00455781
61.2245 0.00387955
102.041 0.0033267
142.857 0.00287217
183.673 0.00249547
224.49 0.0021809
265.306 0.00191635
306.122 0.0016924
346.939 0.00150164
387.755 0.00133821
428.571 0.00119744
469.388 0.00107557
510.204 0.000969558
551.02 0.000876927
591.837 0.000795647
632.653 0.000724043
673.469 0.000660727
714.286 0.00060454
755.102 0.000554512
795.918 0.000509827
836.735 0.000469794
877.551 0.000433825
918.367 0.000401421
959.184 0.000372151
1000 0.000345648
