-1000 0.0030175
-959.184 0.00340322
-918.367 0.00385661
-877.551 0.00439295
-836.735 0.00503171
-795.918 0.00579796
-755.102 0.00672432
-714.286 0.00785351
-673.469 0.00924211
-632.653 0.0109656
-591.837 0.0131257
-551.02 0.0158597
-510.204 0.0193536
-469.388 0.0238572
-428.571 0.029697
-387.755 0.0372704
-346.939 0.0469709
-306.122 0.058896
-265.306 0.0719474
-224.49 0.0814284
-183.673 0.0739703
-142.857 0.0229546
-102.041 -0.0922495
-61.2245 -0.222056
-20.4082 -0.277807
20.4082 -0.277807
61.2245 -0.222056
102.041 -0.0922495
142.857 0.0229546
183.673 0.0739703
224.49 0.0814284
265.306 0.0719474
306.122 0.058896
346.939 0.0469709
387.755 0.0372704
428.571 0.029697
469.388 0.0238572
510.204 0.0193536
551.02 0.0158597
591.837 0.0131257
632.653 0.0109656
673.469 0.00924211
714.286 0.00785351
755.102 0.00672432
795.918 0.00579796
836.735 0.00503171
877.551 0.00439295
918.367 0.00385661
959.184 0.00340322
1000 0.0030175
