-1000 -0.0895323
-959.184 -0.128034
-918.367 -0.158049
-877.551 -0.175147
-836.735 -0.177733
-795.918 -0.165627
-755.102 -0.139809
-714.286 -0.103547
-673.469 -0.0634219
-632.653 -0.027032
-591.837 0.000878172
-551.02 0.0195137
-510.204 0.0304651
-469.388 0.0359377
-428.571 0.0378448
-387.755 0.0375783
-346.939 0.0360671
-306.122 0.0339033
-265.306 0.0314526
-224.49 0.0289347
-183.673 0.0264773
-142.857 0.0241504
-102.041 0.0219885
-61.2245 0.0200044
-20.4082 0.0181982
20.4082 0.0165627
61.2245 0.0150868
102.041 0.0137575
142.857 0.0125616
183.673 0.011486
224.49 0.0105184
265.306 0.00964749
306.122 0.00886292
346.939 0.00815534
387.755 0.00751639
428.571 0.00693862
469.388 0.00641543
510.204 0.00594094
551.02 0.00550995
591.837 0.00511786
632.653 0.00476062
673.469 0.0044346
714.286 0.00413663
755.102 0.00386387
795.918 0.00361381
836.735 0.00338423
877.551 0.00317313
918.367 0.00297876
959.184 0.00279954
1000 0.00263406
