-1000 0.0049548
-959.184 0.00589246
-918.367 0.00707024
-877.551 0.00856442
-836.735 0.0104787
-795.918 0.012953
-755.102 0.0161727
-714.286 0.0203692
-673.469 0.0257896
-632.653 0.0325643
-591.837 0.0402784
-551.02 0.0467531
-510.204 0.0450618
-469.388 0.0184584
-428.571 -0.0580345
-387.755 -0.176597
-346.939 -0.235344
-306.122 -0.15917
-265.306 -0.0427809
-224.49 0.0250406
-183.673 0.0463507
-142.857 0.0460496
-102.041 0.0391136
-61.2245 0.0314669
-20.4082 0.0248904
20.4082 0.0196675
61.2245 0.0156336
102.041 0.0125395
142.857 0.0101597
183.673 0.00831641
224.49 0.00687553
265.306 0.00573807
306.122 0.00483117
346.939 0.00410105
387.755 0.00350778
428.571 0.00302147
469.388 0.00261953
510.204 0.00228475
551.02 0.00200389
591.837 0.00176666
632.653 0.00156502
673.469 0.00139262
714.286 0.00124439
755.102 0.00111628
795.918 0.00100502
836.735 0.000907961
877.551 0.000822915
918.367 0.000748096
959.184 0.000682022
1000 0.000623459
