-1000 0.00185153
-959.184 0.00205482
-918.367 0.00228903
-877.551 0.00256026
-836.735 0.00287614
-795.918 0.00324626
-755.102 0.0036828
-714.286 0.00420135
-673.469 0.00482217
-632.653 0.00557178
-591.837 0.00648545
-551.02 0.00761071
-510.204 0.00901266
-469.388 0.010782
-428.571 0.0130477
-387.755 0.0159971
-346.939 0.0199094
-306.122 0.0252129
-265.306 0.0325865
-224.49 0.0431483
-183.673 0.0588263
-142.857 0.0831254
-102.041 0.122837
-61.2245 0.192134
-20.4082 0.323105
20.4082 0.592784
61.2245 1.15386
102.041 1.40049
142.857 -5.101
183.673 1.0356
224.49 -0.534301
265.306 -3.52375
306.122 1.57106
346.939 1.01238
387.755 0.521311
428.571 0.289282
469.388 0.17477
510.204 0.113142
551.02 0.0773193
591.837 0.0551455
632.653 0.0407045
673.469 0.030901
714.286 0.0240131
755.102 0.0190321
795.918 0.0153408
836.735 0.0125469
877.551 0.0103932
918.367 0.00870623
959.184 0.00736591
1000 0.00628752
