-1000 0.000334008
-959.184 0.000350864
-918.367 0.000368707
-877.551 0.000387589
-836.735 0.00040756
-795.918 0.000428671
-755.102 0.000450967
-714.286 0.00047449
-673.469 0.000499272
-632.653 0.000525335
-591.837 0.000552686
-551.02 0.00058131
-510.204 0.000611168
-469.388 0.000642181
-428.571 0.000674226
-387.755 0.000707122
-346.939 0.00074061
-306.122 0.000774336
-265.306 0.000807827
-224.49 0.000840459
-183.673 0.000871425
-142.857 0.000899689
-102.041 0.000923938
-61.2245 0.000942527
-20.4082 0.000953411
20.4082 0.000954087
61.2245 0.000941517
102.041 0.000912073
142.857 0.00086149
183.673 0.000784863
224.49 0.000676689
265.306 0.00053101
306.122 0.000341673
346.939 0.000102771
387.755 -0.000190715
428.571 -0.00054203
469.388 -0.000951533
510.204 -0.00141543
551.02 -0.0019245
591.837 -0.00246314
632.653 -0.00300893
673.469 -0.00353336
714.286 -0.00400374
755.102 -0.00438646
795.918 -0.00465132
836.735 -0.00477588
877.551 -0.0047492
918.367 -0.00457364
959.184 -0.00426449
1000 -0.00384738
