-1000 0.00374536
-959.184 0.00414202
-918.367 0.00459558
-877.551 0.00511644
-836.735 0.00571727
-795.918 0.00641368
-755.102 0.00722501
-714.286 0.00817536
-673.469 0.00929505
-632.653 0.0106225
-591.837 0.0122068
-551.02 0.0141115
-510.204 0.0164195
-469.388 0.0192403
-428.571 0.0227211
-387.755 0.0270623
-346.939 0.0325434
-306.122 0.039563
-265.306 0.0487079
-224.49 0.0608761
-183.673 0.0775116
-142.857 0.101085
-102.041 0.136169
-61.2245 0.192087
-20.4082 0.290192
20.4082 0.484502
61.2245 0.885697
102.041 0.83972
142.857 -6.10826
183.673 -0.484342
224.49 1.05934
265.306 0.595511
306.122 0.342739
346.939 0.219878
387.755 0.152649
428.571 0.11172
469.388 0.0847996
510.204 0.0660925
551.02 0.0525637
591.837 0.0424842
632.653 0.0348001
673.469 0.0288337
714.286 0.0241303
755.102 0.0203746
795.918 0.0173419
836.735 0.0148685
877.551 0.0128333
918.367 0.0111449
959.184 0.00973377
1000 0.00854621
