-1000 0.00424916
-959.184 0.00460116
-918.367 0.00499298
-877.551 0.00543037
-836.735 0.00592014
-795.918 0.00647028
-755.102 0.00709032
-714.286 0.00779163
-673.469 0.00858783
-632.653 0.00949532
-591.837 0.010534
-551.02 0.011728
-510.204 0.013107
-469.388 0.0147075
-428.571 0.0165747
-387.755 0.0187647
-346.939 0.021348
-306.122 0.024413
-265.306 0.0280714
-224.49 0.0324642
-183.673 0.0377697
-142.857 0.0442113
-102.041 0.0520647
-61.2245 0.061659
-20.4082 0.0733574
20.4082 0.0874879
61.2245 0.104146
102.041 0.122684
142.857 0.14046
183.673 0.149989
224.49 0.13389
265.306 0.0635266
306.122 -0.0709014
346.939 -0.198461
387.755 -0.246441
428.571 -0.262592
469.388 -0.259177
510.204 -0.248449
551.02 -0.253406
591.837 -0.248405
632.653 -0.259977
673.469 -0.262012
714.286 -0.245361
755.102 -0.193913
795.918 -0.0633928
836.735 0.0687284
877.551 0.135726
918.367 0.149923
959.184 0.139675
1000 0.12174
