-1000 0.0456413
-959.184 0.0525883
-918.367 0.0609644
-877.551 0.0711014
-836.735 0.0833816
-795.918 0.098196
-755.102 0.115813
-714.286 0.13603
-673.469 0.157297
-632.653 0.174637
-591.837 0.175408
-551.02 0.1347
-510.204 0.0280972
-469.388 -0.109342
-428.571 -0.181404
-387.755 -0.193903
-346.939 -0.18985
-306.122 -0.1622
-265.306 -0.147814
-224.49 -0.127029
-183.673 -0.109667
-142.857 -0.102964
-102.041 -0.0852207
-61.2245 -0.0845543
-20.4082 -0.0742498
20.4082 -0.0697864
61.2245 -0.0709654
102.041 -0.0619049
142.857 -0.0689075
183.673 -0.0634539
224.49 -0.066923
265.306 -0.0720612
306.122 -0.0698935
346.939 -0.0831564
387.755 -0.0833675
428.571 -0.0964191
469.388 -0.108513
510.204 -0.118161
551.02 -0.142834
591.837 -0.155104
632.653 -0.181206
673.469 -0.195263
714.286 -0.188502
755.102 -0.145195
795.918 -0.0213956
836.735 0.10515
877.551 0.167494
918.367 0.177787
959.184 0.164241
1000 0.143506
