-1000 0.00588276
-959.184 0.00638057
-918.367 0.00682713
-877.551 0.00715295
-836.735 0.00725067
-795.918 0.0069625
-755.102 0.00607052
-714.286 0.00429967
-673.469 0.00135027
-632.653 -0.00301783
-591.837 -0.00883836
-551.02 -0.01576
-510.204 -0.0229366
-469.388 -0.029121
-428.571 -0.0330089
-387.755 -0.0336958
-346.939 -0.0310161
-306.122 -0.0256061
-265.306 -0.0186635
-224.49 -0.011511
-183.673 -0.00518099
-142.857 -0.000218288
-102.041 0.00327742
-61.2245 0.00548449
-20.4082 0.00669245
20.4082 0.00719251
61.2245 0.00722699
102.041 0.00697698
142.857 0.00656853
183.673 0.00608481
224.49 0.00557814
265.306 0.00507985
306.122 0.00460746
346.939 0.00416975
387.755 0.00377005
428.571 0.00340852
469.388 0.0030835
510.204 0.00279239
551.02 0.00253221
591.837 0.0022999
632.653 0.0020925
673.469 0.00190726
714.286 0.00174165
755.102 0.00159342
795.918 0.00146055
836.735 0.00134127
877.551 0.00123399
918.367 0.00113734
959.184 0.00105011
1000 0.000971241
