-1000 0.00054224
-959.184 0.000576881
-918.367 0.000614311
-877.551 0.000654784
-836.735 0.000698577
-795.918 0.000745989
-755.102 0.000797343
-714.286 0.000852985
-673.469 0.000913282
-632.653 0.00097862
-591.837 0.00104939
-551.02 0.001126
-510.204 0.00120884
-469.388 0.00129825
-428.571 0.00139454
-387.755 0.00149788
-346.939 0.00160828
-306.122 0.00172552
-265.306 0.00184897
-224.49 0.00197749
-183.673 0.00210915
-142.857 0.00224099
-102.041 0.00236857
-61.2245 0.0024855
-20.4082 0.00258274
20.4082 0.00264778
61.2245 0.00266368
102.041 0.00260799
142.857 0.00245176
183.673 0.00215878
224.49 0.00168586
265.306 0.000984761
306.122 7.0523e-06
346.939 -0.00128655
387.755 -0.0029115
428.571 -0.00483971
469.388 -0.00697883
510.204 -0.00915902
551.02 -0.0111396
591.837 -0.0126463
632.653 -0.0134362
673.469 -0.0133705
714.286 -0.0124609
755.102 -0.010866
795.918 -0.00883819
836.735 -0.0066503
877.551 -0.00453393
918.367 -0.00264711
959.184 -0.00107138
1000 0.000173072
