-1000 0.000200147
-959.184 0.000210958
-918.367 0.00022245
-877.551 0.000234664
-836.735 0.000247638
-795.918 0.00026141
-755.102 0.000276015
-714.286 0.000291485
-673.469 0.000307845
-632.653 0.000325112
-591.837 0.000343288
-551.02 0.000362359
-510.204 0.000382287
-469.388 0.000403003
-428.571 0.000424395
-387.755 0.000446299
-346.939 0.000468481
-306.122 0.000490616
-265.306 0.000512268
-224.49 0.000532858
-183.673 0.00055163
-142.857 0.000567609
-102.041 0.000579551
-61.2245 0.000585895
-20.4082 0.000584703
20.4082 0.000573605
61.2245 0.000549754
102.041 0.000509805
142.857 0.000449924
183.673 0.000365878
224.49 0.000253205
265.306 0.000107534
306.122 -7.49293e-05
346.939 -0.000296724
387.755 -0.000558261
428.571 -0.000856825
469.388 -0.0011856
510.204 -0.00153293
551.02 -0.00188217
591.837 -0.00221238
632.653 -0.00250008
673.469 -0.00272202
714.286 -0.00285856
755.102 -0.00289687
795.918 -0.00283327
836.735 -0.00267387
877.551 -0.00243344
918.367 -0.00213287
959.184 -0.00179576
1000 -0.00144518
