-1000 -0.000775106
-959.184 -0.00108777
-918.367 -0.00142274
-877.551 -0.00177591
-836.735 -0.00214195
-795.918 -0.00251442
-755.102 -0.00288587
-714.286 -0.00324809
-673.469 -0.00359242
-632.653 -0.00391006
-591.837 -0.00419249
-551.02 -0.00443182
-510.204 -0.00462115
-469.388 -0.00475493
-428.571 -0.00482917
-387.755 -0.00484163
-346.939 -0.00479194
-306.122 -0.00468159
-265.306 -0.00451389
-224.49 -0.0042938
-183.673 -0.00402772
-142.857 -0.00372317
-102.041 -0.00338846
-61.2245 -0.00303234
-20.4082 -0.00266356
20.4082 -0.00229056
61.2245 -0.00192112
102.041 -0.0015621
142.857 -0.00121929
183.673 -0.000897282
224.49 -0.000599476
265.306 -0.000328105
306.122 -8.43469e-05
346.939 0.000131535
387.755 0.000320039
428.571 0.000482262
469.388 0.00061974
510.204 0.000734309
551.02 0.00082798
591.837 0.000902841
632.653 0.000960971
673.469 0.00100438
714.286 0.00103499
755.102 0.00105456
795.918 0.00106471
836.735 0.0010669
877.551 0.00106244
918.367 0.00105248
959.184 0.00103803
1000 0.00101997
