-1000 0.0225106
-959.184 0.0242066
-918.367 0.0259308
-877.551 0.027624
-836.735 0.0291959
-795.918 0.0305134
-755.102 0.0313872
-714.286 0.0315564
-673.469 0.0306777
-632.653 0.0283254
-591.837 0.0240192
-551.02 0.017299
-510.204 0.00786329
-469.388 -0.00424442
-428.571 -0.0184752
-387.755 -0.0337705
-346.939 -0.0487973
-306.122 -0.0623372
-265.306 -0.0736037
-224.49 -0.0823272
-183.673 -0.088636
-142.857 -0.0928588
-102.041 -0.0953517
-61.2245 -0.0963861
-20.4082 -0.0960892
20.4082 -0.0944237
61.2245 -0.0911929
102.041 -0.0860772
142.857 -0.078715
183.673 -0.0688436
224.49 -0.0564908
265.306 -0.0421537
306.122 -0.0268391
346.939 -0.0118661
387.755 0.00151246
428.571 0.012453
469.388 0.0206469
510.204 0.02623
551.02 0.0295963
591.837 0.0312282
632.653 0.0315874
673.469 0.0310638
714.286 0.0299626
755.102 0.0285109
795.918 0.0268708
836.735 0.0251546
877.551 0.0234372
918.367 0.0217671
959.184 0.0201736
1000 0.0186732
