-1000 0.0109644
-959.184 0.0118821
-918.367 0.012902
-877.551 0.0140387
-836.735 0.0153089
-795.918 0.0167325
-755.102 0.0183329
-714.286 0.0201378
-673.469 0.0221807
-632.653 0.0245016
-591.837 0.0271491
-551.02 0.0301828
-510.204 0.0336762
-469.388 0.0377212
-428.571 0.042434
-387.755 0.0479637
-346.939 0.054505
-306.122 0.0623167
-265.306 0.0717512
-224.49 0.0833003
-183.673 0.0976713
-142.857 0.115917
-102.041 0.139672
-61.2245 0.171599
-20.4082 0.216315
20.4082 0.282463
61.2245 0.387941
102.041 0.574322
142.857 0.941583
183.673 1.52012
224.49 -1.33745
265.306 -3.28188
306.122 2.04204
346.939 -5.10667
387.755 1.56852
428.571 -1.68614
469.388 -2.71955
510.204 1.54631
551.02 1.02179
591.837 0.614295
632.653 0.409188
673.469 0.29514
714.286 0.224577
755.102 0.177341
795.918 0.143856
836.735 0.119079
877.551 0.100129
918.367 0.0852551
959.184 0.0733344
1000 0.0636182
