-1000 0.000917916
-959.184 0.000992654
-918.367 0.00107549
-877.551 0.0011675
-836.735 0.00126995
-795.918 0.0013843
-755.102 0.00151225
-714.286 0.00165576
-673.469 0.00181716
-632.653 0.00199913
-591.837 0.00220484
-551.02 0.00243796
-510.204 0.00270281
-469.388 0.00300441
-428.571 0.0033486
-387.755 0.0037421
-346.939 0.00419256
-306.122 0.00470852
-265.306 0.00529924
-224.49 0.00597416
-183.673 0.00674195
-142.857 0.00760855
-102.041 0.00857366
-61.2245 0.00962457
-20.4082 0.0107254
20.4082 0.011799
61.2245 0.012697
102.041 0.0131529
142.857 0.0127123
183.673 0.0106471
224.49 0.00589022
265.306 -0.00287983
306.122 -0.0167251
346.939 -0.0351697
387.755 -0.0544709
428.571 -0.067521
469.388 -0.067874
510.204 -0.0553386
551.02 -0.0361627
591.837 -0.0175533
632.653 -0.00344642
673.469 0.00555832
714.286 0.0104835
755.102 0.0126551
795.918 0.0131569
836.735 0.0127332
877.551 0.0118497
918.367 0.0107806
959.184 0.00967886
1000 0.00862435
