-1000 0.00681189
-959.184 0.00776465
-918.367 0.00890609
-877.551 0.010286
-836.735 0.0119708
-795.918 0.0140511
-755.102 0.0166521
-714.286 0.0199504
-673.469 0.0242011
-632.653 0.0297819
-591.837 0.0372696
-551.02 0.0475746
-510.204 0.0621949
-469.388 0.0837147
-428.571 0.116855
-387.755 0.170848
-346.939 0.26523
-306.122 0.444885
-265.306 0.81584
-224.49 1.51151
-183.673 0.363625
-142.857 -4.66589
-102.041 2.65234
-61.2245 -3.3017
-20.4082 1.0576
20.4082 1.0576
61.2245 -3.3017
102.041 2.65234
142.857 -4.66589
183.673 0.363625
224.49 1.51151
265.306 0.81584
306.122 0.444885
346.939 0.26523
387.755 0.170848
428.571 0.116855
469.388 0.0837147
510.204 0.0621949
551.02 0.0475746
591.837 0.0372696
632.653 0.0297819
673.469 0.0242011
714.286 0.0199504
755.102 0.0166521
795.918 0.0140511
836.735 0.0119708
877.551 0.010286
918.367 0.00890609
959.184 0.00776465
1000 0.00681189
