-1000 0.00650462
-959.184 0.00700307
-918.367 0.00753589
-877.551 0.00810138
-836.735 0.00869561
-795.918 0.00931148
-755.102 0.00993726
-714.286 0.0105546
-673.469 0.0111362
-632.653 0.0116415
-591.837 0.0120126
-551.02 0.0121675
-510.204 0.0119926
-469.388 0.011333
-428.571 0.00998393
-387.755 0.00768485
-346.939 0.00412445
-306.122 -0.00103094
-265.306 -0.00806673
-224.49 -0.0170895
-183.673 -0.0278405
-142.857 -0.0395126
-102.041 -0.0506999
-61.2245 -0.0596168
-20.4082 -0.0645842
20.4082 -0.0645842
61.2245 -0.0596168
102.041 -0.0506999
142.857 -0.0395126
183.673 -0.0278405
224.49 -0.0170895
265.306 -0.00806673
306.122 -0.00103094
346.939 0.00412445
387.755 0.00768485
428.571 0.00998393
469.388 0.011333
510.204 0.0119926
551.02 0.0121675
591.837 0.0120126
632.653 0.0116415
673.469 0.0111362
714.286 0.0105546
755.102 0.00993726
795.918 0.00931148
836.735 0.00869561
877.551 0.00810138
918.367 0.00753589
959.184 0.00700307
1000 0.00650462
