-1000 1.29467
-959.184 -5.11237
-918.367 0.307006
-877.551 -0.477525
-836.735 -4.29707
-795.918 1.39476
-755.102 1.03419
-714.286 0.600563
-673.469 0.38463
-632.653 0.267669
-591.837 0.196775
-551.02 0.150109
-510.204 0.117575
-469.388 0.0939488
-428.571 0.0762689
-387.755 0.0627325
-346.939 0.0521783
-306.122 0.0438254
-265.306 0.0371306
-224.49 0.0317054
-183.673 0.0272659
-142.857 0.023601
-102.041 0.0205515
-61.2245 0.0179953
-20.4082 0.0158381
20.4082 0.0140062
61.2245 0.0124415
102.041 0.0110976
142.857 0.00993755
183.673 0.00893133
224.49 0.00805461
265.306 0.00728747
306.122 0.00661351
346.939 0.00601917
387.755 0.00549316
428.571 0.00502603
469.388 0.00460986
510.204 0.00423794
551.02 0.00390461
591.837 0.00360503
632.653 0.00333507
673.469 0.00309118
714.286 0.00287032
755.102 0.00266985
795.918 0.00248749
836.735 0.00232126
877.551 0.00216941
918.367 0.00203045
959.184 0.00190303
1000 0.00178599
