-1000 0.00309316
-959.184 0.00318168
-918.367 0.00326518
-877.551 0.00334176
-836.735 0.00340915
-795.918 0.0034647
-755.102 0.00350532
-714.286 0.00352743
-673.469 0.00352698
-632.653 0.00349936
-591.837 0.00343943
-551.02 0.00334155
-510.204 0.00319964
-469.388 0.00300725
-428.571 0.00275777
-387.755 0.00244458
-346.939 0.0020614
-306.122 0.00160264
-265.306 0.00106381
-224.49 0.000441966
-183.673 -0.00026373
-142.857 -0.0010516
-102.041 -0.00191706
-61.2245 -0.00285233
-20.4082 -0.00384638
20.4082 -0.00488511
61.2245 -0.00595169
102.041 -0.00702722
142.857 -0.00809148
183.673 -0.00912382
224.49 -0.010104
265.306 -0.0110132
306.122 -0.0118341
346.939 -0.012552
387.755 -0.0131545
428.571 -0.0136319
469.388 -0.0139769
510.204 -0.0141844
551.02 -0.0142515
591.837 -0.0141774
632.653 -0.0139629
673.469 -0.0136111
714.286 -0.0131273
755.102 -0.0125187
795.918 -0.0117954
836.735 -0.0109697
877.551 -0.0100566
918.367 -0.00907328
959.184 -0.00803886
1000 -0.00697354
