-1000 -0.0167846
-959.184 -0.018189
-918.367 -0.019211
-877.551 -0.0197845
-836.735 -0.0198712
-795.918 -0.0194653
-755.102 -0.0185941
-714.286 -0.0173145
-673.469 -0.0157068
-632.653 -0.0138644
-591.837 -0.0118851
-551.02 -0.00986147
-510.204 -0.00787404
-469.388 -0.00598728
-428.571 -0.00424785
-387.755 -0.00268526
-346.939 -0.001314
-306.122 -0.000136455
-265.306 0.000853967
-224.49 0.00166995
-183.673 0.0023278
-142.857 0.00284552
-102.041 0.00324144
-61.2245 0.00353317
-20.4082 0.00373709
20.4082 0.00386798
61.2245 0.00393891
102.041 0.00396122
142.857 0.00394465
183.673 0.00389744
224.49 0.00382649
265.306 0.00373755
306.122 0.00363535
346.939 0.00352375
387.755 0.0034059
428.571 0.00328431
469.388 0.00316099
510.204 0.00303754
551.02 0.00291518
591.837 0.00279488
632.653 0.00267734
673.469 0.0025631
714.286 0.00245253
755.102 0.00234588
795.918 0.0022433
836.735 0.00214487
877.551 0.00205061
918.367 0.00196048
959.184 0.00187441
1000 0.00179232
