-1000 0.0047596
-959.184 0.00144746
-918.367 -0.00224654
-877.551 -0.00607753
-836.735 -0.00977576
-795.918 -0.013102
-755.102 -0.015891
-714.286 -0.0180696
-673.469 -0.0196474
-632.653 -0.0206931
-591.837 -0.0213058
-551.02 -0.0215929
-510.204 -0.0216542
-469.388 -0.021575
-428.571 -0.0214233
-387.755 -0.0212509
-346.939 -0.0210952
-306.122 -0.0209815
-265.306 -0.0209253
-224.49 -0.0209335
-183.673 -0.021005
-142.857 -0.021131
-102.041 -0.0212937
-61.2245 -0.0214649
-20.4082 -0.0216039
20.4082 -0.0216551
61.2245 -0.0215459
102.041 -0.0211873
142.857 -0.0204764
183.673 -0.0193063
224.49 -0.0175829
265.306 -0.0152497
306.122 -0.0123159
346.939 -0.00887774
387.755 -0.00512179
428.571 -0.00129978
469.388 0.00231957
510.204 0.00550558
551.02 0.00810592
591.837 0.01006
632.653 0.0113871
673.469 0.0121608
714.286 0.0124816
755.102 0.0124545
795.918 0.012176
836.735 0.0117271
877.551 0.0111715
918.367 0.0105575
959.184 0.00991978
1000 0.00928246
