-1000 -0.0490902
-959.184 -0.0709817
-918.367 -0.0835459
-877.551 -0.0828536
-836.735 -0.0691127
-795.918 -0.0466468
-755.102 -0.0225444
-714.286 -0.00288536
-673.469 0.00994493
-632.653 0.0166518
-591.837 0.0191129
-551.02 0.0190911
-510.204 0.0178216
-469.388 0.016047
-428.571 0.014169
-387.755 0.0123835
-346.939 0.0107728
-306.122 0.00935983
-265.306 0.008139
-224.49 0.00709243
-183.673 0.00619836
-142.857 0.00543513
-102.041 0.00478295
-61.2245 0.0042245
-20.4082 0.00374498
20.4082 0.00333192
61.2245 0.00297488
102.041 0.00266518
142.857 0.00239557
183.673 0.00216003
224.49 0.00195352
265.306 0.00177186
306.122 0.00161152
346.939 0.00146954
387.755 0.00134344
428.571 0.00123109
469.388 0.00113071
510.204 0.00104078
551.02 0.000960002
591.837 0.00088725
632.653 0.000821571
673.469 0.000762136
714.286 0.000708232
755.102 0.000659236
795.918 0.00061461
836.735 0.000573882
877.551 0.000536641
918.367 0.000502524
959.184 0.000471213
1000 0.000442429
