-1000 0.000405687
-959.184 0.000429675
-918.367 0.000455488
-877.551 0.000483288
-836.735 0.000513255
-795.918 0.000545585
-755.102 0.000580494
-714.286 0.000618217
-673.469 0.000659009
-632.653 0.00070315
-591.837 0.000750941
-551.02 0.000802708
-510.204 0.000858799
-469.388 0.000919583
-428.571 0.000985446
-387.755 0.00105679
-346.939 0.001134
-306.122 0.00121748
-265.306 0.00130757
-224.49 0.00140455
-183.673 0.0015086
-142.857 0.00161971
-102.041 0.0017376
-61.2245 0.00186162
-20.4082 0.00199055
20.4082 0.00212238
61.2245 0.00225403
102.041 0.00238087
142.857 0.00249629
183.673 0.00259093
224.49 0.0026519
265.306 0.00266175
306.122 0.00259743
346.939 0.00242927
387.755 0.00212035
428.571 0.00162684
469.388 0.000900196
510.204 -0.000107593
551.02 -0.00143419
591.837 -0.00309163
632.653 -0.00504631
673.469 -0.00719849
714.286 -0.0093705
755.102 -0.0113161
795.918 -0.0127609
836.735 -0.0134692
877.551 -0.0133159
918.367 -0.0123286
959.184 -0.0106782
1000 -0.0086223
