-1000 -0.0026987
-959.184 -0.00291686
-918.367 -0.00307552
-877.551 -0.00316453
-836.735 -0.00317799
-795.918 -0.003115
-755.102 -0.00297976
-714.286 -0.00278105
-673.469 -0.00253114
-632.653 -0.0022443
-591.837 -0.00193539
-551.02 -0.00161846
-510.204 -0.0013058
-469.388 -0.00100731
-428.571 -0.000730324
-387.755 -0.000479636
-346.939 -0.000257816
-306.122 -6.56085e-05
-265.306 9.76428e-05
-224.49 0.000233577
-183.673 0.000344461
-142.857 0.000432897
-102.041 0.000501603
-61.2245 0.000553259
-20.4082 0.000590394
20.4082 0.000615331
61.2245 0.00063015
102.041 0.000636685
142.857 0.000636522
183.673 0.000631021
224.49 0.000621332
265.306 0.00060842
306.122 0.000593087
346.939 0.000575995
387.755 0.000557682
428.571 0.000538587
469.388 0.000519064
510.204 0.000499391
551.02 0.000479791
591.837 0.000460436
632.653 0.000441456
673.469 0.00042295
714.286 0.000404991
755.102 0.000387628
795.918 0.000370894
836.735 0.000354809
877.551 0.00033938
918.367 0.000324606
959.184 0.000310482
1000 0.000296993
