-1000 -0.00887716
-959.184 -0.0107713
-918.367 -0.0124572
-877.551 -0.0137816
-836.735 -0.014611
-795.918 -0.0148562
-755.102 -0.0144898
-714.286 -0.0135526
-673.469 -0.0121442
-632.653 -0.0104042
-591.837 -0.00848674
-551.02 -0.00653703
-510.204 -0.00467424
-469.388 -0.0029831
-428.571 -0.00151336
-387.755 -0.000284635
-346.939 0.000706101
-306.122 0.00147681
-265.306 0.0020537
-224.49 0.00246614
-183.673 0.00274325
-142.857 0.00291189
-102.041 0.00299562
-61.2245 0.0030144
-20.4082 0.00298468
20.4082 0.0029197
61.2245 0.00282997
102.041 0.00272368
142.857 0.00260711
183.673 0.00248502
224.49 0.00236094
265.306 0.00223747
306.122 0.00211646
346.939 0.0019992
387.755 0.00188653
428.571 0.00177899
469.388 0.00167687
510.204 0.00158028
551.02 0.00148918
591.837 0.00140349
632.653 0.00132301
673.469 0.00124754
714.286 0.00117683
755.102 0.00111063
795.918 0.00104868
836.735 0.000990727
877.551 0.000936511
918.367 0.000885793
959.184 0.000838337
1000 0.000793925
