-1000 0.00444036
-959.184 0.00476406
-918.367 0.00510646
-877.551 0.00546516
-836.735 0.00583599
-795.918 0.00621229
-755.102 0.00658394
-714.286 0.00693619
-673.469 0.00724803
-632.653 0.00749031
-591.837 0.00762343
-551.02 0.00759487
-510.204 0.00733685
-469.388 0.00676479
-428.571 0.00577781
-387.755 0.00426297
-346.939 0.00210565
-306.122 -0.00079154
-265.306 -0.00448019
-224.49 -0.00893021
-183.673 -0.0139945
-142.857 -0.019388
-102.041 -0.0246967
-61.2245 -0.0294251
-20.4082 -0.0330738
20.4082 -0.0352288
61.2245 -0.0356365
102.041 -0.034248
142.857 -0.0312283
183.673 -0.0269271
224.49 -0.0218159
265.306 -0.0164029
306.122 -0.0111469
346.939 -0.00639422
387.755 -0.00235296
428.571 0.000898004
469.388 0.00337819
510.204 0.00516844
551.02 0.00637855
591.837 0.00712396
632.653 0.00751182
673.469 0.00763427
714.286 0.00756654
755.102 0.00736777
795.918 0.00708305
836.735 0.00674595
877.551 0.00638087
918.367 0.00600516
959.184 0.00563087
1000 0.00526606
