-1000 0.00086294
-959.184 0.000896525
-918.367 0.000930941
-877.551 0.000966067
-836.735 0.00100174
-795.918 0.00103776
-755.102 0.00107387
-714.286 0.00110975
-673.469 0.001145
-632.653 0.00117913
-591.837 0.00121155
-551.02 0.00124155
-510.204 0.00126828
-469.388 0.00129071
-428.571 0.00130765
-387.755 0.00131769
-346.939 0.00131919
-306.122 0.00131023
-265.306 0.00128865
-224.49 0.00125198
-183.673 0.00119743
-142.857 0.00112197
-102.041 0.00102226
-61.2245 0.000894772
-20.4082 0.000735842
20.4082 0.000541813
61.2245 0.000309204
102.041 3.49483e-05
142.857 -0.000283318
183.673 -0.000646907
224.49 -0.00105569
265.306 -0.00150767
306.122 -0.00199862
346.939 -0.00252169
387.755 -0.00306726
428.571 -0.00362284
469.388 -0.00417337
510.204 -0.00470166
551.02 -0.00518923
591.837 -0.00561735
632.653 -0.00596833
673.469 -0.0062268
714.286 -0.00638097
755.102 -0.0064236
795.918 -0.00635269
836.735 -0.00617157
877.551 -0.00588871
918.367 -0.00551689
959.184 -0.00507218
1000 -0.00457267
