-1000 0.000154248
-959.184 0.000160761
-918.367 0.0001675
-877.551 0.000174454
-836.735 0.000181604
-795.918 0.000188927
-755.102 0.000196388
-714.286 0.000203945
-673.469 0.000211541
-632.653 0.000219105
-591.837 0.000226548
-551.02 0.000233759
-510.204 0.000240601
-469.388 0.000246909
-428.571 0.00025248
-387.755 0.000257072
-346.939 0.000260394
-306.122 0.000262104
-265.306 0.000261797
-224.49 0.000259002
-183.673 0.000253177
-142.857 0.000243703
-102.041 0.000229883
-61.2245 0.000210949
-20.4082 0.000186066
20.4082 0.000154353
61.2245 0.000114912
102.041 6.68693e-05
142.857 9.43514e-06
183.673 -5.80216e-05
224.49 -0.000135878
265.306 -0.000224147
306.122 -0.000322361
346.939 -0.000429449
387.755 -0.00054364
428.571 -0.000662399
469.388 -0.000782417
510.204 -0.000899692
551.02 -0.0010097
591.837 -0.00110767
632.653 -0.00118893
673.469 -0.0012493
714.286 -0.00128553
755.102 -0.00129558
795.918 -0.00127887
836.735 -0.00123637
877.551 -0.00117042
918.367 -0.00108457
959.184 -0.000983141
1000 -0.000870871
