-1000 0.00039479
-959.184 0.000409833
-918.367 0.000424915
-877.551 0.000439886
-836.735 0.000454556
-795.918 0.000468691
-755.102 0.000482006
-714.286 0.00049415
-673.469 0.000504703
-632.653 0.000513158
-591.837 0.000518913
-551.02 0.000521256
-510.204 0.000519354
-469.388 0.000512241
-428.571 0.000498806
-387.755 0.000477792
-346.939 0.000447794
-306.122 0.000407271
-265.306 0.000354569
-224.49 0.000287965
-183.673 0.000205729
-142.857 0.00010622
-102.041 -1.19947e-05
-61.2245 -0.000149979
-20.4082 -0.000308243
20.4082 -0.000486527
61.2245 -0.000683582
102.041 -0.000896957
142.857 -0.00112284
183.673 -0.00135597
224.49 -0.00158967
265.306 -0.00181607
306.122 -0.00202646
346.939 -0.00221179
387.755 -0.00236342
428.571 -0.00247377
469.388 -0.00253706
510.204 -0.0025499
551.02 -0.00251157
591.837 -0.00242416
632.653 -0.00229232
673.469 -0.00212281
714.286 -0.00192383
755.102 -0.00170432
795.918 -0.00147321
836.735 -0.00123888
877.551 -0.00100863
918.367 -0.000788434
959.184 -0.000582831
1000 -0.000394935
