-1000 -0.00414703
-959.184 -0.00430013
-918.367 -0.00437659
-877.551 -0.00437253
-836.735 -0.00428817
-795.918 -0.00412776
-755.102 -0.00389918
-714.286 -0.00361319
-673.469 -0.00328251
-632.653 -0.00292074
-591.837 -0.0025414
-551.02 -0.00215708
-510.204 -0.00177881
-469.388 -0.00141568
-428.571 -0.0010747
-387.755 -0.000760792
-346.939 -0.000476989
-306.122 -0.000224695
-265.306 -3.98355e-06
-224.49 0.000186098
-183.673 0.000347239
-142.857 0.000481616
-102.041 0.000591682
-61.2245 0.000680006
-20.4082 0.000749147
20.4082 0.000801568
61.2245 0.000839577
102.041 0.000865294
142.857 0.000880632
183.673 0.000887295
224.49 0.000886783
265.306 0.000880403
306.122 0.000869285
346.939 0.000854397
387.755 0.000836561
428.571 0.000816473
469.388 0.000794719
510.204 0.000771786
551.02 0.000748077
591.837 0.000723926
632.653 0.000699603
673.469 0.000675329
714.286 0.00065128
755.102 0.000627596
795.918 0.000604384
836.735 0.000581729
877.551 0.000559693
918.367 0.000538319
959.184 0.000517639
1000 0.00049767
