-1000 0.00828484
-959.184 0.00931244
-918.367 0.0105191
-877.551 0.0119457
-836.735 0.0136446
-795.918 0.0156839
-755.102 0.0181525
-714.286 0.0211678
-673.469 0.0248858
-632.653 0.0295155
-591.837 0.0353363
-551.02 0.0427193
-510.204 0.0521423
-469.388 0.0641734
-428.571 0.0793403
-387.755 0.097655
-346.939 0.117207
-306.122 0.130668
-265.306 0.119309
-224.49 0.05429
-183.673 -0.0617661
-142.857 -0.145878
-102.041 -0.158961
-61.2245 -0.15729
-20.4082 -0.136142
20.4082 -0.120464
61.2245 -0.113065
102.041 -0.0986979
142.857 -0.103579
183.673 -0.0991472
224.49 -0.106794
265.306 -0.119375
306.122 -0.127669
346.939 -0.152524
387.755 -0.158937
428.571 -0.155687
469.388 -0.100027
510.204 0.0167659
551.02 0.103949
591.837 0.130922
632.653 0.123265
673.469 0.104567
714.286 0.0854271
755.102 0.0691056
795.918 0.0560262
836.735 0.0457576
877.551 0.0377206
918.367 0.0314004
959.184 0.0263899
1000 0.0223798
