-1000 0.000552018
-959.184 0.000570607
-918.367 0.000588118
-877.551 0.000604042
-836.735 0.000617757
-795.918 0.000628506
-755.102 0.000635376
-714.286 0.000637273
-673.469 0.000632904
-632.653 0.000620751
-591.837 0.000599056
-551.02 0.000565814
-510.204 0.000518772
-469.388 0.000455456
-428.571 0.000373225
-387.755 0.000269358
-346.939 0.000141197
-306.122 -1.36517e-05
-265.306 -0.000197051
-224.49 -0.000409993
-183.673 -0.0006522
-142.857 -0.000921693
-102.041 -0.00121438
-61.2245 -0.00152371
-20.4082 -0.00184055
20.4082 -0.00215328
61.2245 -0.00244829
102.041 -0.00271083
142.857 -0.00292631
183.673 -0.00308169
224.49 -0.00316703
265.306 -0.00317665
306.122 -0.0031099
346.939 -0.00297124
387.755 -0.00276966
428.571 -0.00251755
469.388 -0.00222926
510.204 -0.00191963
551.02 -0.00160263
591.837 -0.00129046
632.653 -0.000992901
673.469 -0.000717135
714.286 -0.000467846
755.102 -0.000247503
795.918 -5.67685e-05
836.735 0.000105071
877.551 0.000239696
918.367 0.000349393
959.184 0.000436778
1000 0.000504569
