-1000 0.0104796
-959.184 0.0118035
-918.367 0.0133474
-877.551 0.0151554
-836.735 0.0172817
-795.918 0.0197925
-755.102 0.0227686
-714.286 0.0263077
-673.469 0.0305262
-632.653 0.0355589
-591.837 0.0415537
-551.02 0.0486535
-510.204 0.0569509
-469.388 0.0663775
-428.571 0.0764432
-387.755 0.0856108
-346.939 0.0898121
-306.122 0.0791983
-265.306 0.0331675
-224.49 -0.0763191
-183.673 -0.241035
-142.857 -0.367281
-102.041 -0.400596
-61.2245 -0.374324
-20.4082 -0.257356
20.4082 -0.0911972
61.2245 0.0254728
102.041 0.0766432
142.857 0.0896565
183.673 0.0863569
224.49 0.0774406
265.306 0.0673695
306.122 0.0578462
346.939 0.0494287
387.755 0.0422118
428.571 0.0361126
469.388 0.0309904
510.204 0.0266969
551.02 0.0230954
591.837 0.0200677
632.653 0.0175143
673.469 0.0153527
714.286 0.0135155
755.102 0.0119474
795.918 0.0106032
836.735 0.00944617
877.551 0.00844604
918.367 0.00757803
959.184 0.00682172
1000 0.00616022
