-1000 1.61923
-959.184 -4.5533
-918.367 1.08016
-877.551 0.589739
-836.735 -2.70243
-795.918 2.99452
-755.102 -4.09103
-714.286 2.21692
-673.469 -0.0647559
-632.653 -1.60315
-591.837 2.76189
-551.02 -4.51314
-510.204 2.34692
-469.388 -1.72624
-428.571 -1.89017
-387.755 1.70562
-346.939 1.01055
-306.122 0.54426
-265.306 0.319655
-224.49 0.204068
-183.673 0.139035
-142.857 0.0995616
-102.041 0.0741027
-61.2245 0.0568672
-20.4082 0.0447331
20.4082 0.0359123
61.2245 0.0293267
102.041 0.0242981
142.857 0.0203842
183.673 0.0172868
224.49 0.0148002
265.306 0.0127783
306.122 0.0111158
346.939 0.00973487
387.755 0.00857756
428.571 0.00759971
469.388 0.00676735
510.204 0.00605405
551.02 0.00543899
591.837 0.00490562
632.653 0.00444066
673.469 0.00403337
714.286 0.00367497
755.102 0.00335828
795.918 0.00307734
836.735 0.00282719
877.551 0.0026037
918.367 0.00240337
959.184 0.00222326
1000 0.00206085
