-1000 0.000924572
-959.184 0.000982673
-918.367 0.00104551
-877.551 0.00111356
-836.735 0.00118731
-795.918 0.00126735
-755.102 0.00135429
-714.286 0.00144882
-673.469 0.0015517
-632.653 0.00166377
-591.837 0.00178594
-551.02 0.00191921
-510.204 0.00206465
-469.388 0.0022234
-428.571 0.00239667
-387.755 0.00258572
-346.939 0.00279179
-306.122 0.00301607
-265.306 0.00325959
-224.49 0.0035231
-183.673 0.00380686
-142.857 0.00411035
-102.041 0.00443184
-61.2245 0.00476785
-20.4082 0.00511232
20.4082 0.00545552
61.2245 0.00578261
102.041 0.00607183
142.857 0.00629217
183.673 0.00640091
224.49 0.0063411
265.306 0.00603988
306.122 0.0054089
346.939 0.00434874
387.755 0.00275968
428.571 0.000560699
469.388 -0.00228364
510.204 -0.00573332
551.02 -0.00965004
591.837 -0.0137943
632.653 -0.0178503
673.469 -0.0214741
714.286 -0.0243486
755.102 -0.0262266
795.918 -0.0269523
836.735 -0.0264672
877.551 -0.0248103
918.367 -0.022118
959.184 -0.0186205
1000 -0.0146235
