-1000 -0.00122951
-959.184 -0.00153946
-918.367 -0.00185639
-877.551 -0.00216857
-836.735 -0.00246231
-795.918 -0.00272284
-755.102 -0.0029356
-714.286 -0.00308769
-673.469 -0.00316933
-632.653 -0.0031751
-591.837 -0.00310461
-551.02 -0.00296256
-510.204 -0.00275814
-469.388 -0.00250387
-428.571 -0.00221416
-387.755 -0.00190384
-346.939 -0.00158682
-306.122 -0.00127517
-265.306 -0.000978547
-224.49 -0.000704013
-183.673 -0.000456129
-142.857 -0.000237264
-102.041 -4.8001e-05
-61.2245 0.000112432
-20.4082 0.000245752
20.4082 0.00035427
61.2245 0.00044061
102.041 0.000507493
142.857 0.000557586
183.673 0.0005934
224.49 0.000617236
265.306 0.000631148
306.122 0.000636946
346.939 0.000636191
387.755 0.000630223
428.571 0.000620171
469.388 0.000606984
510.204 0.000591448
551.02 0.00057421
591.837 0.000555801
632.653 0.000536649
673.469 0.000517099
714.286 0.000497425
755.102 0.000477842
795.918 0.000458519
836.735 0.000439583
877.551 0.000421129
918.367 0.000403227
959.184 0.000385926
1000 0.000369256
