-1000 0.00320076
-959.184 0.00279792
-918.367 0.00220756
-877.551 0.00139598
-836.735 0.000334778
-795.918 -0.000992755
-755.102 -0.0025843
-714.286 -0.00441135
-673.469 -0.00641429
-632.653 -0.0085019
-591.837 -0.0105567
-551.02 -0.0124462
-510.204 -0.0140373
-469.388 -0.0152126
-428.571 -0.0158828
-387.755 -0.0159966
-346.939 -0.0155451
-306.122 -0.0145631
-265.306 -0.0131255
-224.49 -0.0113399
-183.673 -0.00933499
-142.857 -0.00724526
-102.041 -0.00519585
-61.2245 -0.00328947
-20.4082 -0.00159863
20.4082 -0.000163896
61.2245 0.00100272
102.041 0.00191125
142.857 0.00258622
183.673 0.00305989
224.49 0.00336684
265.306 0.00354036
306.122 0.00361039
346.939 0.00360252
387.755 0.00353787
428.571 0.00343334
469.388 0.00330216
510.204 0.00315444
551.02 0.00299776
591.837 0.00283772
632.653 0.00267832
673.469 0.00252238
714.286 0.00237178
755.102 0.00222775
795.918 0.002091
836.735 0.00196187
877.551 0.00184045
918.367 0.00172664
959.184 0.00162022
1000 0.00152088
