-1000 0.0139177
-959.184 0.0159482
-918.367 0.018287
-877.551 0.0209366
-836.735 0.0238481
-795.918 0.0268691
-755.102 0.0296546
-714.286 0.0315298
-673.469 0.03132
-632.653 0.0272533
-591.837 0.0172234
-551.02 -0.000159124
-510.204 -0.023797
-469.388 -0.0492834
-428.571 -0.0711529
-387.755 -0.0864069
-346.939 -0.0950225
-306.122 -0.0981285
-265.306 -0.0964802
-224.49 -0.0896433
-183.673 -0.0764679
-142.857 -0.0564297
-102.041 -0.0315127
-61.2245 -0.00673597
-20.4082 0.012795
20.4082 0.0249618
61.2245 0.0305998
102.041 0.031755
142.857 0.030355
183.673 0.0277523
224.49 0.0247538
265.306 0.0217868
306.122 0.0190501
346.939 0.0166167
387.755 0.0144958
428.571 0.0126667
469.388 0.0110973
510.204 0.00975317
551.02 0.00860147
591.837 0.007613
632.653 0.00676246
673.469 0.0060284
714.286 0.00539274
755.102 0.00484038
795.918 0.00435869
836.735 0.00393716
877.551 0.00356699
918.367 0.00324081
959.184 0.00295245
1000 0.0026967
