-1000 0.00117003
-959.184 0.00123489
-918.367 0.00130219
-877.551 0.00137151
-836.735 0.00144222
-795.918 0.00151344
-755.102 0.00158398
-714.286 0.0016522
-673.469 0.00171595
-632.653 0.00177242
-591.837 0.00181798
-551.02 0.00184798
-510.204 0.00185658
-469.388 0.00183649
-428.571 0.00177878
-387.755 0.00167267
-346.939 0.00150545
-306.122 0.00126256
-265.306 0.000927936
-224.49 0.000484819
-183.673 -8.27955e-05
-142.857 -0.000787877
-102.041 -0.00163711
-61.2245 -0.00262669
-20.4082 -0.00373766
20.4082 -0.0049315
61.2245 -0.00614776
102.041 -0.00730542
142.857 -0.00830976
183.673 -0.00906503
224.49 -0.00949106
265.306 -0.00953958
306.122 -0.00920495
346.939 -0.00852546
387.755 -0.00757472
428.571 -0.00644621
469.388 -0.0052363
510.204 -0.00403033
551.02 -0.0028942
591.837 -0.00187179
632.653 -0.000986604
673.469 -0.000245781
714.286 0.000355167
755.102 0.00082798
795.918 0.00118816
836.735 0.00145243
877.551 0.00163713
918.367 0.00175725
959.184 0.00182598
1000 0.00185457
