-1000 0.0202149
-959.184 0.0243605
-918.367 0.0294039
-877.551 0.0353745
-836.735 0.0420113
-795.918 0.0482741
-755.102 0.0511693
-714.286 0.0431457
-673.469 0.00785516
-632.653 -0.0784312
-591.837 -0.209965
-551.02 -0.286662
-510.204 -0.216328
-469.388 -0.0843134
-428.571 0.00493691
-387.755 0.0422125
-346.939 0.05112
-306.122 0.0485372
-265.306 0.0423475
-224.49 0.0356948
-183.673 0.0296809
-142.857 0.0245905
-102.041 0.0204026
-61.2245 0.0169976
-20.4082 0.0142387
20.4082 0.0120007
61.2245 0.0101788
102.041 0.00868823
142.857 0.0074617
183.673 0.00644635
224.49 0.00560065
265.306 0.00489197
306.122 0.0042946
346.939 0.00378816
387.755 0.00335647
428.571 0.00298655
469.388 0.00266799
510.204 0.00239235
551.02 0.00215278
591.837 0.00194365
632.653 0.00176037
673.469 0.00159912
714.286 0.00145672
755.102 0.00133054
795.918 0.00121836
836.735 0.00111832
877.551 0.00102882
918.367 0.000948538
959.184 0.00087632
1000 0.00081119
