-1000 -0.0144243
-959.184 -0.0170199
-918.367 -0.0190676
-877.551 -0.0202794
-836.735 -0.0204668
-795.918 -0.0195993
-755.102 -0.0178149
-714.286 -0.0153754
-673.469 -0.012591
-632.653 -0.00974812
-591.837 -0.0070643
-551.02 -0.00467495
-510.204 -0.00264277
-469.388 -0.000977206
-428.571 0.000345344
-387.755 0.00136537
-346.939 0.00212916
-306.122 0.00268217
-265.306 0.00306558
-224.49 0.00331493
-183.673 0.00345991
-142.857 0.00352479
-102.041 0.0035291
-61.2245 0.00348837
-20.4082 0.0034148
20.4082 0.00331796
61.2245 0.00320525
102.041 0.00308235
142.857 0.00295363
183.673 0.00282236
224.49 0.00269101
265.306 0.00256138
306.122 0.00243478
346.939 0.00231214
387.755 0.00219406
428.571 0.00208094
469.388 0.00197299
510.204 0.00187029
551.02 0.00177283
591.837 0.00168053
632.653 0.00159325
673.469 0.00151081
714.286 0.00143301
755.102 0.00135966
795.918 0.00129052
836.735 0.00122539
877.551 0.00116403
918.367 0.00110624
959.184 0.00105181
1000 0.00100054
