-1000 -0.000285153
-959.184 -0.00195583
-918.367 -0.00387382
-877.551 -0.00602222
-836.735 -0.00836689
-795.918 -0.0108551
-755.102 -0.0134158
-714.286 -0.0159627
-673.469 -0.0183985
-632.653 -0.0206221
-591.837 -0.0225356
-551.02 -0.0240515
-510.204 -0.0250989
-469.388 -0.0256284
-428.571 -0.0256147
-387.755 -0.0250585
-346.939 -0.0239863
-306.122 -0.0224487
-265.306 -0.0205175
-224.49 -0.0182809
-183.673 -0.0158371
-142.857 -0.0132873
-102.041 -0.0107283
-61.2245 -0.00824574
-20.4082 -0.00590978
20.4082 -0.00377225
61.2245 -0.00186635
102.041 -0.000208207
142.857 0.00120046
183.673 0.00236899
224.49 0.00331443
265.306 0.00405857
306.122 0.00462539
346.939 0.00503927
387.755 0.00532365
428.571 0.00550022
469.388 0.00558845
510.204 0.00560543
551.02 0.0055659
591.837 0.00548234
632.653 0.00536523
673.469 0.00522319
714.286 0.00506333
755.102 0.00489138
795.918 0.00471193
836.735 0.00452863
877.551 0.00434436
918.367 0.00416134
959.184 0.00398124
1000 0.00380534
