-1000 0.00116385
-959.184 0.00129333
-918.367 0.00144187
-877.551 0.00161287
-836.735 0.00181044
-795.918 0.00203951
-755.102 0.00230602
-714.286 0.00261703
-673.469 0.00298093
-632.653 0.00340746
-591.837 0.00390771
-551.02 0.00449356
-510.204 0.00517656
-469.388 0.00596522
-428.571 0.00685952
-387.755 0.00784027
-346.939 0.00884921
-306.122 0.00975319
-265.306 0.010284
-224.49 0.0099479
-183.673 0.00792037
-142.857 0.00301452
-102.041 -0.00603545
-61.2245 -0.0195893
-20.4082 -0.0354065
20.4082 -0.0478102
61.2245 -0.0504695
102.041 -0.0418355
142.857 -0.0266957
183.673 -0.0116307
224.49 -0.000485422
265.306 0.00614968
306.122 0.00930826
346.939 0.0102806
387.755 0.0100613
428.571 0.00928102
469.388 0.00829649
510.204 0.00729243
551.02 0.00635511
591.837 0.0055181
632.653 0.00478826
673.469 0.00416002
714.286 0.00362275
755.102 0.00316448
795.918 0.00277369
836.735 0.00244
877.551 0.00215442
918.367 0.00190929
959.184 0.00169821
1000 0.00151581
