-1000 0.00114094
-959.184 0.00120365
-918.367 0.00126653
-877.551 0.00132819
-836.735 0.00138676
-795.918 0.00143972
-755.102 0.00148373
-714.286 0.00151448
-673.469 0.00152639
-632.653 0.00151243
-591.837 0.00146388
-551.02 0.00137011
-510.204 0.00121858
-469.388 0.000994934
-428.571 0.000683585
-387.755 0.000268785
-346.939 -0.000263489
-306.122 -0.000922705
-265.306 -0.00170996
-224.49 -0.00261347
-183.673 -0.00360413
-142.857 -0.00463257
-102.041 -0.00562951
-61.2245 -0.00651116
-20.4082 -0.00719037
20.4082 -0.00759185
61.2245 -0.00766785
102.041 -0.00740906
142.857 -0.00684683
183.673 -0.00604582
224.49 -0.00508987
265.306 -0.00406597
306.122 -0.00305095
346.939 -0.00210345
387.755 -0.00126148
428.571 -0.000544118
469.388 4.45097e-05
510.204 0.000510633
551.02 0.000866636
591.837 0.00112777
632.653 0.00130989
673.469 0.00142798
714.286 0.00149545
755.102 0.00152379
795.918 0.00152255
836.735 0.00149951
877.551 0.00146086
918.367 0.00141146
959.184 0.00135506
1000 0.00129453
