-1000 0.0242894
-959.184 0.0284816
-918.367 0.0336978
-877.551 0.0402515
-836.735 0.0485546
-795.918 0.0591277
-755.102 0.0725571
-714.286 0.089283
-673.469 0.108892
-632.653 0.128139
-591.837 0.13644
-551.02 0.110229
-510.204 0.0239512
-469.388 -0.0917556
-428.571 -0.146103
-387.755 -0.147753
-346.939 -0.139375
-306.122 -0.112079
-265.306 -0.100729
-224.49 -0.0842804
-183.673 -0.0716948
-142.857 -0.0697711
-102.041 -0.0566771
-61.2245 -0.0604769
-20.4082 -0.0545764
20.4082 -0.0545764
61.2245 -0.0604769
102.041 -0.0566771
142.857 -0.0697711
183.673 -0.0716948
224.49 -0.0842804
265.306 -0.100729
306.122 -0.112079
346.939 -0.139375
387.755 -0.147753
428.571 -0.146103
469.388 -0.0917556
510.204 0.0239512
551.02 0.110229
591.837 0.13644
632.653 0.128139
673.469 0.108892
714.286 0.089283
755.102 0.0725571
795.918 0.0591277
836.735 0.0485546
877.551 0.0402515
918.367 0.0336978
959.184 0.0284816
1000 0.0242894
