-1000 0.925069
-959.184 -5.76505
-918.367 -0.805347
-877.551 1.07972
-836.735 0.613889
-795.918 0.351369
-755.102 0.224332
-714.286 0.155239
-673.469 0.113367
-632.653 0.0859171
-591.837 0.0668864
-551.02 0.0531473
-510.204 0.0429244
-469.388 0.035139
-428.571 0.0290989
-387.755 0.0243408
-346.939 0.0205436
-306.122 0.017479
-265.306 0.0149809
-224.49 0.0129261
-183.673 0.0112222
-142.857 0.00979862
-102.041 0.00860097
-61.2245 0.00758692
-20.4082 0.00672319
20.4082 0.00598337
61.2245 0.00534637
102.041 0.0047952
142.857 0.00431608
183.673 0.00389778
224.49 0.00353107
265.306 0.00320835
306.122 0.00292328
346.939 0.00267061
387.755 0.00244589
428.571 0.00224543
469.388 0.00206605
510.204 0.00190509
551.02 0.00176027
591.837 0.00162963
632.653 0.00151149
673.469 0.0014044
714.286 0.00130712
755.102 0.00121854
795.918 0.00113774
836.735 0.00106387
877.551 0.000996218
918.367 0.000934145
959.184 0.000877091
1000 0.000824562
