-1000 0.00108651
-959.184 0.00111493
-918.367 0.00114152
-877.551 0.00116565
-836.735 0.00118661
-795.918 0.00120354
-755.102 0.00121548
-714.286 0.00122129
-673.469 0.00121971
-632.653 0.00120929
-591.837 0.00118842
-551.02 0.00115532
-510.204 0.00110805
-469.388 0.00104454
-428.571 0.000962611
-387.755 0.000860016
-346.939 0.000734532
-306.122 0.000584032
-265.306 0.000406603
-224.49 0.000200672
-183.673 -3.48413e-05
-142.857 -0.000300365
-102.041 -0.000595514
-61.2245 -0.000918942
-20.4082 -0.00126821
20.4082 -0.00163972
61.2245 -0.00202867
102.041 -0.00242912
142.857 -0.0028341
183.673 -0.00323582
224.49 -0.00362591
265.306 -0.00399574
306.122 -0.00433673
346.939 -0.00464071
387.755 -0.00490024
428.571 -0.00510884
469.388 -0.00526127
510.204 -0.00535365
551.02 -0.00538365
591.837 -0.0053505
632.653 -0.00525505
673.469 -0.00509971
714.286 -0.00488843
755.102 -0.00462651
795.918 -0.00432049
836.735 -0.00397786
877.551 -0.00360682
918.367 -0.00321594
959.184 -0.00281386
1000 -0.00240893
