-1000 1.46763
-959.184 -4.78405
-918.367 0.702704
-877.551 -0.0845049
-836.735 -3.98117
-795.918 1.55068
-755.102 1.04656
-714.286 0.53816
-673.469 0.297293
-632.653 0.178911
-591.837 0.115468
-551.02 0.0787189
-510.204 0.0560362
-469.388 0.0412978
-428.571 0.0313112
-387.755 0.0243058
-346.939 0.0192465
-306.122 0.0155014
-265.306 0.0126697
-224.49 0.0104886
-183.673 0.00878152
-142.857 0.00742612
-102.041 0.00633624
-61.2245 0.00544986
-20.4082 0.00472157
20.4082 0.00411761
61.2245 0.00361251
102.041 0.00318684
142.857 0.00282556
183.673 0.00251693
224.49 0.0022517
265.306 0.00202249
306.122 0.00182338
346.939 0.00164959
387.755 0.00149722
428.571 0.00136306
469.388 0.00124447
510.204 0.00113926
551.02 0.00104558
591.837 0.000961909
632.653 0.000886933
673.469 0.000819555
714.286 0.000758835
755.102 0.00070397
795.918 0.000654272
836.735 0.000609145
877.551 0.000568077
918.367 0.000530619
959.184 0.000496385
1000 0.000465035
