-1000 0.000442429
-959.184 0.000471213
-918.367 0.000502524
-877.551 0.000536641
-836.735 0.000573882
-795.918 0.00061461
-755.102 0.000659236
-714.286 0.000708232
-673.469 0.000762136
-632.653 0.000821571
-591.837 0.00088725
-551.02 0.000960002
-510.204 0.00104078
-469.388 0.00113071
-428.571 0.00123109
-387.755 0.00134344
-346.939 0.00146954
-306.122 0.00161152
-265.306 0.00177186
-224.49 0.00195352
-183.673 0.00216003
-142.857 0.00239557
-102.041 0.00266518
-61.2245 0.00297488
-20.4082 0.00333192
20.4082 0.00374498
61.2245 0.0042245
102.041 0.00478295
142.857 0.00543513
183.673 0.00619836
224.49 0.00709243
265.306 0.008139
306.122 0.00935983
346.939 0.0107728
387.755 0.0123835
428.571 0.014169
469.388 0.016047
510.204 0.0178216
551.02 0.0190911
591.837 0.0191129
632.653 0.0166518
673.469 0.00994493
714.286 -0.00288536
755.102 -0.0225444
795.918 -0.0466468
836.735 -0.0691127
877.551 -0.0828536
918.367 -0.0835459
959.184 -0.0709817
1000 -0.0490902
