-1000 0.00291551
-959.184 0.00274541
-918.367 0.00251337
-877.551 0.00220955
-836.735 0.00182367
-795.918 0.00134544
-755.102 0.000765086
-714.286 7.41031e-05
-673.469 -0.000733801
-632.653 -0.0016616
-591.837 -0.00270769
-551.02 -0.00386467
-510.204 -0.00511815
-469.388 -0.00644596
-428.571 -0.00781781
-387.755 -0.00919575
-346.939 -0.0105354
-306.122 -0.011788
-265.306 -0.0129034
-224.49 -0.0138338
-183.673 -0.0145366
-142.857 -0.0149785
-102.041 -0.0151381
-61.2245 -0.0150074
-20.4082 -0.014593
20.4082 -0.0139149
61.2245 -0.0130056
102.041 -0.0119065
142.857 -0.0106654
183.673 -0.00933221
224.49 -0.00795602
265.306 -0.00658173
306.122 -0.00524802
346.939 -0.00398598
387.755 -0.00281858
428.571 -0.00176096
469.388 -0.000821172
510.204 -1.34687e-06
551.02 0.00070109
591.837 0.00129215
632.653 0.00178017
673.469 0.00217482
714.286 0.00248639
755.102 0.00272515
795.918 0.00290102
836.735 0.00302324
877.551 0.00310023
918.367 0.00313955
959.184 0.00314787
1000 0.00313098
