-1000 0.0126951
-959.184 0.0135322
-918.367 0.0143872
-877.551 0.0152413
-836.735 0.016067
-795.918 0.0168253
-755.102 0.0174634
-714.286 0.017911
-673.469 0.0180781
-632.653 0.0178539
-591.837 0.0171088
-551.02 0.0157026
-510.204 0.0134994
-469.388 0.0103927
-428.571 0.0063379
-387.755 0.00138501
-346.939 -0.00429961
-306.122 -0.0104379
-265.306 -0.016678
-224.49 -0.0226572
-183.673 -0.0280695
-142.857 -0.0327122
-102.041 -0.0364999
-61.2245 -0.0394494
-20.4082 -0.0416474
20.4082 -0.0432167
61.2245 -0.0442873
102.041 -0.0449765
142.857 -0.0453776
183.673 -0.0455535
224.49 -0.0455344
265.306 -0.045317
306.122 -0.0448643
346.939 -0.0441072
387.755 -0.0429469
428.571 -0.0412623
469.388 -0.0389231
510.204 -0.0358112
551.02 -0.0318509
591.837 -0.0270438
632.653 -0.0214982
673.469 -0.0154397
714.286 -0.00919026
755.102 -0.00311609
795.918 0.00244118
836.735 0.00722391
877.551 0.0110896
918.367 0.0140095
959.184 0.0160435
1000 0.0173062
