-1000 -0.00544502
-959.184 -0.00615881
-918.367 -0.00679521
-877.551 -0.00732734
-836.735 -0.00773189
-795.918 -0.00799071
-755.102 -0.00809199
-714.286 -0.0080311
-673.469 -0.00781084
-632.653 -0.00744125
-591.837 -0.006939
-551.02 -0.00632626
-510.204 -0.00562917
-469.388 -0.00487608
-428.571 -0.00409558
-387.755 -0.00331472
-346.939 -0.00255738
-306.122 -0.00184319
-265.306 -0.0011869
-224.49 -0.000598298
-183.673 -8.2516e-05
-142.857 0.000359294
-102.041 0.000729165
-61.2245 0.00103146
-20.4082 0.00127207
20.4082 0.00145771
61.2245 0.00159541
102.041 0.00169207
142.857 0.0017542
183.673 0.00178773
224.49 0.00179797
265.306 0.00178954
306.122 0.00176642
346.939 0.00173195
387.755 0.00168894
428.571 0.00163972
469.388 0.00158618
510.204 0.00152984
551.02 0.00147194
591.837 0.00141345
632.653 0.00135511
673.469 0.00129752
714.286 0.00124111
755.102 0.00118621
795.918 0.00113305
836.735 0.0010818
877.551 0.00103253
918.367 0.000985323
959.184 0.00094018
1000 0.000897093
