-1000 0.00160341
-959.184 0.00177346
-918.367 0.00196262
-877.551 0.00217172
-836.735 0.00240061
-795.918 0.0026474
-755.102 0.00290726
-714.286 0.00317061
-673.469 0.00342033
-632.653 0.00362779
-591.837 0.00374728
-551.02 0.00370898
-510.204 0.00341135
-469.388 0.00271617
-428.571 0.00145299
-387.755 -0.000554235
-346.939 -0.00342251
-306.122 -0.007099
-265.306 -0.0112315
-224.49 -0.0151094
-183.673 -0.0178019
-142.857 -0.0185256
-102.041 -0.0170516
-61.2245 -0.013838
-20.4082 -0.00977054
20.4082 -0.00573475
61.2245 -0.00231888
102.041 0.000242546
142.857 0.00197113
183.673 0.00301485
224.49 0.00355288
265.306 0.00374594
306.122 0.00371924
346.939 0.00356241
387.755 0.00333597
428.571 0.00307891
469.388 0.0028153
510.204 0.00255921
551.02 0.00231832
591.837 0.00209625
632.653 0.00189417
673.469 0.00171183
714.286 0.00154817
755.102 0.00140176
795.918 0.00127101
836.735 0.00115434
877.551 0.00105021
918.367 0.000957235
959.184 0.000874126
1000 0.000799745
