-1000 0.00707513
-959.184 0.00782397
-918.367 0.00868084
-877.551 0.00966558
-836.735 0.0108024
-795.918 0.0121212
-755.102 0.0136589
-714.286 0.0154613
-673.469 0.0175857
-632.653 0.0201043
-591.837 0.0231078
-551.02 0.0267115
-510.204 0.0310608
-469.388 0.0363397
-428.571 0.0427777
-387.755 0.0506554
-346.939 0.0602997
-306.122 0.0720511
-265.306 0.0861602
-224.49 0.10251
-183.673 0.119909
-142.857 0.134402
-102.041 0.135616
-61.2245 0.101552
-20.4082 0.00378033
20.4082 -0.14444
61.2245 -0.250397
102.041 -0.285152
142.857 -0.30353
183.673 -0.298662
224.49 -0.300665
265.306 -0.301315
306.122 -0.280477
346.939 -0.236429
387.755 -0.114672
428.571 0.0290612
469.388 0.112666
510.204 0.137292
551.02 0.132099
591.837 0.116473
632.653 0.0990928
673.469 0.0831463
714.286 0.0695174
755.102 0.0582129
795.918 0.0489495
836.735 0.0413846
877.551 0.0351993
918.367 0.0301231
959.184 0.0259363
1000 0.0224632
