-1000 -0.0366776
-959.184 -0.0465223
-918.367 -0.0558807
-877.551 -0.0643456
-836.735 -0.0716186
-795.918 -0.0775206
-755.102 -0.0819728
-714.286 -0.0849613
-673.469 -0.0865013
-632.653 -0.0866084
-591.837 -0.0852842
-551.02 -0.0825142
-510.204 -0.0782818
-469.388 -0.0725942
-428.571 -0.0655182
-387.755 -0.057216
-346.939 -0.047968
-306.122 -0.0381671
-265.306 -0.0282781
-224.49 -0.0187698
-183.673 -0.0100426
-142.857 -0.00237688
-102.041 0.00408376
-61.2245 0.00931886
-20.4082 0.0133989
20.4082 0.0164493
61.2245 0.0186199
102.041 0.0200631
142.857 0.0209206
183.673 0.0213172
224.49 0.0213585
265.306 0.0211317
306.122 0.0207071
346.939 0.0201408
387.755 0.0194767
428.571 0.0187491
469.388 0.0179843
510.204 0.0172022
551.02 0.016418
591.837 0.0156426
632.653 0.0148843
673.469 0.0141487
714.286 0.0134396
755.102 0.0127595
795.918 0.0121099
836.735 0.0114913
877.551 0.0109038
918.367 0.0103468
959.184 0.00981955
1000 0.00932117
