-1000 0.025897
-959.184 0.0292688
-918.367 0.0330145
-877.551 0.0369886
-836.735 0.0407392
-795.918 0.0430579
-755.102 0.0408821
-714.286 0.0268118
-673.469 -0.0149936
-632.653 -0.107337
-591.837 -0.24327
-551.02 -0.321635
-510.204 -0.249788
-469.388 -0.113489
-428.571 -0.0182349
-387.755 0.025558
-346.939 0.0405511
-306.122 0.0430941
-265.306 0.0409045
-224.49 0.0371873
-183.673 0.0332098
-142.857 0.0294477
-102.041 0.0260561
-61.2245 0.0230615
-20.4082 0.0204414
20.4082 0.0181567
61.2245 0.0161657
102.041 0.0144291
142.857 0.0129119
183.673 0.0115836
224.49 0.0104181
265.306 0.00939298
306.122 0.00848914
346.939 0.00769034
387.755 0.00698268
428.571 0.00635426
469.388 0.00579492
510.204 0.00529593
551.02 0.00484977
591.837 0.00444996
632.653 0.00409093
673.469 0.00376782
714.286 0.00347646
755.102 0.00321319
795.918 0.00297484
836.735 0.00275864
877.551 0.00256216
918.367 0.00238329
959.184 0.00222015
1000 0.00207112
