-1000 0.0011212
-959.184 0.00111863
-918.367 0.00110212
-877.551 0.00106829
-836.735 0.00101329
-795.918 0.000932767
-755.102 0.000821986
-714.286 0.000675919
-673.469 0.00048948
-632.653 0.000257848
-591.837 -2.30872e-05
-551.02 -0.000356153
-510.204 -0.000742205
-469.388 -0.00117938
-428.571 -0.00166235
-387.755 -0.00218172
-346.939 -0.00272371
-306.122 -0.00327021
-265.306 -0.00379944
-224.49 -0.0042872
-183.673 -0.00470864
-142.857 -0.00504045
-102.041 -0.00526311
-61.2245 -0.00536298
-20.4082 -0.00533382
20.4082 -0.00517745
61.2245 -0.00490359
102.041 -0.00452875
142.857 -0.00407443
183.673 -0.00356493
224.49 -0.00302504
265.306 -0.00247808
306.122 -0.00194428
346.939 -0.00143985
387.755 -0.000976576
428.571 -0.000561972
469.388 -0.000199713
510.204 0.000109653
551.02 0.000367961
591.837 0.000578693
632.653 0.000746343
673.469 0.000875899
714.286 0.000972454
755.102 0.00104093
795.918 0.00108589
836.735 0.00111148
877.551 0.00112133
918.367 0.0011186
959.184 0.00110597
1000 0.00108571
