-1000 -0.00825986
-959.184 -0.00871643
-918.367 -0.00854058
-877.551 -0.00776694
-836.735 -0.00654062
-795.918 -0.0050669
-755.102 -0.00355027
-714.286 -0.00214943
-673.469 -0.000959501
-632.653 -1.70058e-05
-591.837 0.000683644
-551.02 0.00117202
-510.204 0.00148728
-469.388 0.00166896
-428.571 0.00175211
-387.755 0.00176552
-346.939 0.0017316
-306.122 0.00166713
-265.306 0.00158432
-224.49 0.00149179
-183.673 0.0013955
-142.857 0.00129941
-102.041 0.00120609
-61.2245 0.0011171
-20.4082 0.00103333
20.4082 0.00095517
61.2245 0.000882727
102.041 0.000815887
142.857 0.000754416
183.673 0.000698006
224.49 0.000646317
265.306 0.00059899
306.122 0.000555676
346.939 0.000516033
387.755 0.000479742
428.571 0.000446503
469.388 0.00041604
510.204 0.000388099
551.02 0.000362449
591.837 0.00033888
632.653 0.000317201
673.469 0.000297239
714.286 0.00027884
755.102 0.000261861
795.918 0.000246176
836.735 0.00023167
877.551 0.000218239
918.367 0.000205791
959.184 0.00019424
1000 0.000183511
