-1000 -0.0992405
-959.184 -0.22698
-918.367 -0.27865
-877.551 -0.276837
-836.735 -0.216908
-795.918 -0.0853125
-755.102 0.0270169
-714.286 0.075109
-673.469 0.081194
-632.653 0.0713163
-591.837 0.0582551
-551.02 0.0464313
-510.204 0.0368441
-469.388 0.0293673
-428.571 0.0236034
-387.755 0.0191573
-346.939 0.0157067
-306.122 0.0130054
-265.306 0.0108701
-224.49 0.00916545
-183.673 0.00779142
-142.857 0.00667359
-102.041 0.00575616
-61.2245 0.00499698
-20.4082 0.00436389
20.4082 0.00383212
61.2245 0.00338243
102.041 0.00299977
142.857 0.0026722
183.673 0.00239026
224.49 0.00214634
265.306 0.00193428
306.122 0.00174908
346.939 0.00158665
387.755 0.00144362
428.571 0.00131718
469.388 0.00120502
510.204 0.00110519
551.02 0.00101603
591.837 0.000936178
632.653 0.000864445
673.469 0.000799832
714.286 0.000741479
755.102 0.000688648
795.918 0.000640705
836.735 0.000597097
877.551 0.000557348
918.367 0.000521041
959.184 0.000487812
1000 0.000457342
