-1000 0.00225652
-959.184 0.00248362
-918.367 0.00273798
-877.551 0.00302265
-836.735 0.00334067
-795.918 0.00369472
-755.102 0.00408672
-714.286 0.00451698
-673.469 0.00498292
-632.653 0.00547709
-591.837 0.00598406
-551.02 0.00647576
-510.204 0.00690477
-469.388 0.00719499
-428.571 0.00722998
-387.755 0.00684047
-346.939 0.00579625
-306.122 0.00381337
-265.306 0.000595325
-224.49 -0.00407036
-183.673 -0.0101544
-142.857 -0.0172105
-102.041 -0.0242966
-61.2245 -0.0301199
-20.4082 -0.0334197
20.4082 -0.0334197
61.2245 -0.0301199
102.041 -0.0242966
142.857 -0.0172105
183.673 -0.0101544
224.49 -0.00407036
265.306 0.000595325
306.122 0.00381337
346.939 0.00579625
387.755 0.00684047
428.571 0.00722998
469.388 0.00719499
510.204 0.00690477
551.02 0.00647576
591.837 0.00598406
632.653 0.00547709
673.469 0.00498292
714.286 0.00451698
755.102 0.00408672
795.918 0.00369472
836.735 0.00334067
877.551 0.00302265
918.367 0.00273798
959.184 0.00248362
1000 0.00225652
