-1000 0.00185206
-959.184 0.00202492
-918.367 0.00221977
-877.551 0.00244021
-836.735 0.00269053
-795.918 0.0029759
-755.102 0.00330263
-714.286 0.00367838
-673.469 0.00411259
-632.653 0.00461691
-591.837 0.00520586
-551.02 0.00589767
-510.204 0.00671541
-469.388 0.00768853
-428.571 0.00885498
-387.755 0.0102641
-346.939 0.011981
-306.122 0.0140922
-265.306 0.0167144
-224.49 0.0200074
-183.673 0.0241932
-142.857 0.0295862
-102.041 0.036641
-61.2245 0.0460319
-20.4082 0.0587911
20.4082 0.0765668
61.2245 0.10214
102.041 0.140577
142.857 0.202092
183.673 0.310038
224.49 0.523442
265.306 0.951683
306.122 0.621495
346.939 -6.54589
387.755 0.0666923
428.571 1.0281
469.388 0.571548
510.204 0.333085
551.02 0.214454
591.837 0.147972
632.653 0.106916
673.469 0.0798159
714.286 0.061086
755.102 0.0476994
795.918 0.0378805
836.735 0.030525
877.551 0.0249159
918.367 0.0205719
959.184 0.017161
1000 0.0144496
