-1000 0.00598137
-959.184 0.00676407
-918.367 0.00768068
-877.551 0.00875866
-836.735 0.0100317
-795.918 0.0115409
-755.102 0.0133364
-714.286 0.0154782
-673.469 0.0180368
-632.653 0.0210917
-591.837 0.0247248
-551.02 0.0290033
-510.204 0.0339375
-469.388 0.0393821
-428.571 0.0448034
-387.755 0.0487211
-346.939 0.0473831
-306.122 0.0318911
-265.306 -0.0158692
-224.49 -0.117839
-183.673 -0.252223
-142.857 -0.302659
-102.041 -0.207221
-61.2245 -0.0754674
-20.4082 0.00606381
20.4082 0.0398268
61.2245 0.0488509
102.041 0.0476844
142.857 0.0429713
183.673 0.0374395
224.49 0.03214
265.306 0.0274298
306.122 0.0233826
346.939 0.0199608
387.755 0.017089
428.571 0.014685
469.388 0.0126719
510.204 0.0109829
551.02 0.00956154
591.837 0.00836105
632.653 0.00734304
673.469 0.00647614
714.286 0.00573478
755.102 0.00509806
795.918 0.00454892
836.735 0.00407336
877.551 0.00365988
918.367 0.00329898
959.184 0.0029828
1000 0.00270481
