-1000 0.00152112
-959.184 0.00152486
-918.367 0.00149987
-877.551 0.0014368
-836.735 0.00132435
-795.918 0.00114928
-755.102 0.000896756
-714.286 0.000550951
-673.469 9.64663e-05
-632.653 -0.000479499
-591.837 -0.00118396
-551.02 -0.00201405
-510.204 -0.00295237
-469.388 -0.00396294
-428.571 -0.00498915
-387.755 -0.00595573
-346.939 -0.00677618
-306.122 -0.00736565
-265.306 -0.00765683
-224.49 -0.00761458
-183.673 -0.00724407
-142.857 -0.00658959
-102.041 -0.00572432
-61.2245 -0.00473498
-20.4082 -0.00370627
20.4082 -0.00270926
61.2245 -0.00179541
102.041 -0.000995746
142.857 -0.0003236
183.673 0.000221047
224.49 0.000647013
265.306 0.000968009
306.122 0.00119971
346.939 0.00135778
387.755 0.00145673
428.571 0.00150929
469.388 0.00152629
510.204 0.00151662
551.02 0.00148749
591.837 0.00144458
632.653 0.00139236
673.469 0.00133422
714.286 0.00127278
755.102 0.00120995
795.918 0.00114717
836.735 0.00108545
877.551 0.0010255
918.367 0.000967804
959.184 0.000912664
1000 0.000860249
