-1000 0.000211277
-959.184 0.000224156
-918.367 0.000238058
-877.551 0.000253081
-836.735 0.000269334
-795.918 0.000286936
-755.102 0.00030602
-714.286 0.000326734
-673.469 0.000349241
-632.653 0.000373722
-591.837 0.000400376
-551.02 0.000429422
-510.204 0.000461101
-469.388 0.000495678
-428.571 0.000533439
-387.755 0.000574693
-346.939 0.00061977
-306.122 0.000669016
-265.306 0.000722786
-224.49 0.000781432
-183.673 0.000845284
-142.857 0.000914623
-102.041 0.000989633
-61.2245 0.00107034
-20.4082 0.00115654
20.4082 0.00124762
61.2245 0.00134243
102.041 0.00143901
142.857 0.0015342
183.673 0.00162323
224.49 0.00169904
265.306 0.00175153
306.122 0.00176654
346.939 0.00172489
387.755 0.00160135
428.571 0.00136424
469.388 0.000976103
510.204 0.00039675
551.02 -0.000410115
591.837 -0.00146534
632.653 -0.0027579
673.469 -0.00422651
714.286 -0.00574694
755.102 -0.00713601
795.918 -0.00818187
836.735 -0.00869869
877.551 -0.00858662
918.367 -0.00786775
959.184 -0.00667796
1000 -0.00521933
