-1000 0.00301147
-959.184 0.00313815
-918.367 0.00324756
-877.551 0.00333024
-836.735 0.00337368
-795.918 0.00336168
-755.102 0.00327343
-714.286 0.00308273
-673.469 0.00275723
-632.653 0.0022581
-591.837 0.0015406
-551.02 0.000556132
-510.204 -0.000742924
-469.388 -0.00239461
-428.571 -0.0044137
-387.755 -0.00677308
-346.939 -0.00938276
-306.122 -0.0120735
-265.306 -0.0145969
-224.49 -0.0166529
-183.673 -0.0179504
-142.857 -0.0182839
-102.041 -0.0175981
-61.2245 -0.0160057
-20.4082 -0.013751
20.4082 -0.0111366
61.2245 -0.00844971
102.041 -0.00591267
142.857 -0.0036658
183.673 -0.0017748
224.49 -0.000249758
265.306 0.000934137
306.122 0.00181956
346.939 0.00245524
387.755 0.00288878
428.571 0.00316302
469.388 0.00331451
510.204 0.00337338
551.02 0.00336387
591.837 0.00330505
632.653 0.00321177
673.469 0.00309536
714.286 0.00296443
755.102 0.00282539
795.918 0.00268297
836.735 0.00254059
877.551 0.00240069
918.367 0.00226494
959.184 0.00213446
1000 0.00200995
