-1000 0.00384269
-959.184 0.00227522
-918.367 -0.000150919
-877.551 -0.00360356
-836.735 -0.00812212
-795.918 -0.0134823
-755.102 -0.0190721
-714.286 -0.0238941
-673.469 -0.0268148
-632.653 -0.0270308
-591.837 -0.0244793
-551.02 -0.0198725
-510.204 -0.0143268
-469.388 -0.00888265
-428.571 -0.00421517
-387.755 -0.000600375
-346.939 0.00197086
-306.122 0.00365436
-265.306 0.00465081
-224.49 0.00514989
-183.673 0.00530767
-142.857 0.00524277
-102.041 0.00504065
-61.2245 0.00476063
-20.4082 0.0044425
20.4082 0.00411215
61.2245 0.00378582
102.041 0.00347319
142.857 0.0031796
183.673 0.00290753
224.49 0.00265769
265.306 0.00242969
306.122 0.00222246
346.939 0.00203462
387.755 0.00186463
428.571 0.00171092
469.388 0.00157195
510.204 0.00144629
551.02 0.00133259
591.837 0.00122963
632.653 0.0011363
673.469 0.00105161
714.286 0.000974661
755.102 0.000904648
795.918 0.00084086
836.735 0.000782663
877.551 0.000729489
918.367 0.000680837
959.184 0.000636258
1000 0.000595353
