-1000 0.00146086
-959.184 0.00132566
-918.367 0.00115388
-877.551 0.000940933
-836.735 0.000682303
-795.918 0.000373803
-755.102 1.18755e-05
-714.286 -0.000406032
-673.469 -0.000881034
-632.653 -0.00141234
-591.837 -0.00199678
-551.02 -0.00262837
-510.204 -0.00329799
-469.388 -0.00399322
-428.571 -0.00469841
-387.755 -0.00539504
-346.939 -0.00606238
-306.122 -0.00667846
-265.306 -0.00722126
-224.49 -0.00767009
-183.673 -0.00800697
-142.857 -0.00821789
-102.041 -0.00829388
-61.2245 -0.00823167
-20.4082 -0.00803392
20.4082 -0.00770909
61.2245 -0.00727069
102.041 -0.00673639
142.857 -0.00612666
183.673 -0.00546344
224.49 -0.00476878
265.306 -0.00406357
306.122 -0.00336659
346.939 -0.0026938
387.755 -0.00205794
428.571 -0.00146847
469.388 -0.000931664
510.204 -0.000450959
551.02 -2.7365e-05
591.837 0.000340066
632.653 0.000653762
673.469 0.000917198
714.286 0.00113452
755.102 0.0013102
795.918 0.00144886
836.735 0.00155499
877.551 0.00163289
918.367 0.00168657
959.184 0.00171967
1000 0.00173548
