-1000 -0.00290065
-959.184 -0.00345467
-918.367 -0.00400406
-877.551 -0.00453414
-836.735 -0.00502968
-795.918 -0.0054757
-755.102 -0.00585816
-714.286 -0.0061647
-673.469 -0.00638525
-632.653 -0.00651246
-591.837 -0.00654208
-551.02 -0.00647312
-510.204 -0.00630789
-469.388 -0.0060519
-428.571 -0.00571364
-387.755 -0.00530416
-346.939 -0.00483658
-306.122 -0.00432539
-265.306 -0.00378578
-224.49 -0.00323283
-183.673 -0.00268081
-142.857 -0.00214257
-102.041 -0.00162899
-61.2245 -0.00114876
-20.4082 -0.000708221
20.4082 -0.000311427
61.2245 3.96488e-05
102.041 0.000344829
142.857 0.000605388
183.673 0.000823696
224.49 0.00100289
265.306 0.00114655
306.122 0.00125852
346.939 0.00134261
387.755 0.00140254
428.571 0.00144181
469.388 0.00146363
510.204 0.00147089
551.02 0.00146617
591.837 0.00145171
632.653 0.00142948
673.469 0.00140113
714.286 0.00136809
755.102 0.00133156
795.918 0.00129252
836.735 0.00125182
877.551 0.00121011
918.367 0.00116796
959.184 0.0011258
1000 0.001084
