-1000 -0.00111915
-959.184 -0.00165839
-918.367 -0.00223285
-877.551 -0.00283333
-836.735 -0.00344882
-795.918 -0.00406682
-755.102 -0.00467395
-714.286 -0.00525654
-673.469 -0.00580122
-632.653 -0.00629549
-591.837 -0.00672818
-551.02 -0.00708973
-510.204 -0.0073724
-469.388 -0.00757033
-428.571 -0.00767951
-387.755 -0.00769779
-346.939 -0.00762481
-306.122 -0.007462
-265.306 -0.00721263
-224.49 -0.00688181
-183.673 -0.00647653
-142.857 -0.00600564
-102.041 -0.00547969
-61.2245 -0.0049107
-20.4082 -0.00431174
20.4082 -0.00369645
61.2245 -0.0030784
102.041 -0.0024705
142.857 -0.00188442
183.673 -0.00133012
224.49 -0.000815533
265.306 -0.000346394
306.122 7.37299e-05
346.939 0.00044329
387.755 0.000762497
428.571 0.001033
469.388 0.00125756
510.204 0.00143969
551.02 0.00158335
591.837 0.00169276
632.653 0.00177211
673.469 0.00182546
714.286 0.00185663
755.102 0.00186913
795.918 0.00186613
836.735 0.00185042
877.551 0.00182447
918.367 0.00179041
959.184 0.00175006
1000 0.00170496
