-1000 0.00108403
-959.184 0.00116087
-918.367 0.00124514
-877.551 0.00133775
-836.735 0.00143976
-795.918 0.0015524
-755.102 0.00167708
-714.286 0.00181546
-673.469 0.00196945
-632.653 0.00214134
-591.837 0.00233377
-551.02 0.00254992
-510.204 0.00279354
-469.388 0.00306913
-428.571 0.00338209
-387.755 0.00373896
-346.939 0.00414769
-306.122 0.00461802
-265.306 0.00516196
-224.49 0.00579443
-183.673 0.00653411
-142.857 0.00740461
-102.041 0.00843601
-61.2245 0.00966702
-20.4082 0.011148
20.4082 0.0129454
61.2245 0.0151475
102.041 0.017874
142.857 0.0212887
183.673 0.0256207
224.49 0.031195
265.306 0.0384833
306.122 0.048185
346.939 0.0613646
387.755 0.07969
428.571 0.105866
469.388 0.144467
510.204 0.203676
551.02 0.29933
591.837 0.465631
632.653 0.783389
673.469 1.36156
714.286 0.329656
755.102 -5.45982
795.918 1.89575
836.735 -3.88754
877.551 -0.968705
918.367 1.46885
959.184 0.877686
1000 0.513142
