-1000 0.00395743
-959.184 0.00401966
-918.367 0.00406449
-877.551 0.00408786
-836.735 0.00408521
-795.918 0.00405141
-755.102 0.00398081
-714.286 0.00386727
-673.469 0.00370428
-632.653 0.00348508
-591.837 0.00320287
-551.02 0.00285111
-510.204 0.00242385
-469.388 0.00191611
-428.571 0.0013244
-387.755 0.000647147
-346.939 -0.000114829
-306.122 -0.000957935
-265.306 -0.00187555
-224.49 -0.00285793
-183.673 -0.00389239
-142.857 -0.00496368
-102.041 -0.00605454
-61.2245 -0.00714658
-20.4082 -0.00822104
20.4082 -0.00925977
61.2245 -0.0102459
102.041 -0.0111647
142.857 -0.0120036
183.673 -0.0127525
224.49 -0.0134039
265.306 -0.0139525
306.122 -0.0143946
346.939 -0.0147282
387.755 -0.0149519
428.571 -0.0150653
469.388 -0.015068
510.204 -0.0149602
551.02 -0.014742
591.837 -0.0144139
632.653 -0.0139772
673.469 -0.0134338
714.286 -0.0127874
755.102 -0.0120432
795.918 -0.0112086
836.735 -0.0102936
877.551 -0.00931046
918.367 -0.00827397
959.184 -0.00720087
1000 -0.00610927
