-1000 0.00124078
-959.184 0.00120311
-918.367 0.00114374
-877.551 0.00105839
-836.735 0.000942357
-795.918 0.000790587
-755.102 0.00059786
-714.286 0.000359025
-673.469 6.93717e-05
-632.653 -0.000274887
-591.837 -0.000676005
-551.02 -0.00113398
-510.204 -0.00164576
-469.388 -0.00220449
-428.571 -0.00279889
-387.755 -0.00341286
-346.939 -0.0040257
-306.122 -0.00461277
-265.306 -0.00514693
-224.49 -0.00560059
-183.673 -0.00594822
-142.857 -0.006169
-102.041 -0.00624913
-61.2245 -0.0061835
-20.4082 -0.0059763
20.4082 -0.00564051
61.2245 -0.00519636
102.041 -0.00466903
142.857 -0.004086
183.673 -0.00347458
224.49 -0.00285971
265.306 -0.00226256
306.122 -0.00169967
346.939 -0.00118282
387.755 -0.000719268
428.571 -0.00031242
469.388 3.74545e-05
510.204 0.000332418
551.02 0.000576134
591.837 0.000773244
632.653 0.000928873
673.469 0.00104825
714.286 0.00113645
755.102 0.00119822
795.918 0.00123788
836.735 0.00125928
877.551 0.0012658
918.367 0.00126035
959.184 0.00124542
1000 0.0012231
