-1000 0.00408665
-959.184 0.00466637
-918.367 0.005359
-877.551 0.00619273
-836.735 0.00720434
-795.918 0.00844227
-755.102 0.00997088
-714.286 0.0118764
-673.469 0.0142752
-632.653 0.0173247
-591.837 0.0212376
-551.02 0.0262973
-510.204 0.0328651
-469.388 0.0413539
-428.571 0.0520829
-387.755 0.0647845
-346.939 0.0771775
-306.122 0.0814574
-265.306 0.0583393
-224.49 -0.0215025
-183.673 -0.155325
-142.857 -0.257863
-102.041 -0.281808
-61.2245 -0.26324
-20.4082 -0.168809
20.4082 -0.0332204
61.2245 0.0533615
102.041 0.0808263
142.857 0.0781773
183.673 0.0661067
224.49 0.0532789
265.306 0.0423232
306.122 0.0336207
346.939 0.0268796
387.755 0.0216867
428.571 0.017673
469.388 0.0145478
510.204 0.0120918
551.02 0.0101428
591.837 0.00858082
632.653 0.00731703
673.469 0.00628519
714.286 0.00543549
755.102 0.00473014
795.918 0.0041402
836.735 0.00364332
877.551 0.00322205
918.367 0.00286271
959.184 0.00255442
1000 0.00228851
