-1000 0.000683636
-959.184 0.000721523
-918.367 0.000761807
-877.551 0.000804615
-836.735 0.000850067
-795.918 0.000898275
-755.102 0.000949332
-714.286 0.00100331
-673.469 0.00106023
-632.653 0.00112009
-591.837 0.00118279
-551.02 0.00124817
-510.204 0.00131591
-469.388 0.00138556
-428.571 0.00145645
-387.755 0.00152765
-346.939 0.00159787
-306.122 0.00166539
-265.306 0.00172793
-224.49 0.00178254
-183.673 0.00182539
-142.857 0.00185162
-102.041 0.00185512
-61.2245 0.00182828
-20.4082 0.00176181
20.4082 0.00164455
61.2245 0.00146342
102.041 0.00120351
142.857 0.000848527
183.673 0.000381732
224.49 -0.000212486
265.306 -0.000946132
306.122 -0.00182415
346.939 -0.0028401
387.755 -0.00397141
428.571 -0.00517528
469.388 -0.00638687
510.204 -0.0075217
551.02 -0.00848364
591.837 -0.00917867
632.653 -0.0095318
673.469 -0.00950269
714.286 -0.00909471
755.102 -0.0083542
795.918 -0.0073601
836.735 -0.00620778
877.551 -0.00499237
918.367 -0.00379579
959.184 -0.00267959
1000 -0.00168334
