-1000 -0.00742962
-959.184 -0.0076721
-918.367 -0.00757926
-877.551 -0.00716247
-836.735 -0.00647119
-795.918 -0.00558167
-755.102 -0.00458125
-714.286 -0.00355321
-673.469 -0.0025659
-632.653 -0.00166767
-591.837 -0.000886668
-551.02 -0.000233912
-510.204 0.000292211
-469.388 0.000701482
-428.571 0.00100807
-387.755 0.00122774
-346.939 0.00137606
-306.122 0.00146728
-265.306 0.00151387
-224.49 0.00152634
-183.673 0.00151334
-142.857 0.00148181
-102.041 0.00143725
-61.2245 0.00138394
-20.4082 0.00132516
20.4082 0.0012634
61.2245 0.0012005
102.041 0.00113782
142.857 0.00107633
183.673 0.00101669
224.49 0.000959365
265.306 0.000904625
306.122 0.000852628
346.939 0.000803434
387.755 0.000757038
428.571 0.000713385
469.388 0.00067239
510.204 0.000633945
551.02 0.000597927
591.837 0.000564207
632.653 0.000532655
673.469 0.000503139
714.286 0.00047553
755.102 0.000449704
795.918 0.000425543
836.735 0.000402934
877.551 0.000381771
918.367 0.000361952
959.184 0.000343386
1000 0.000325983
