-1000 0.000497283
-959.184 0.000531442
-918.367 0.000568797
-877.551 0.000609728
-836.735 0.000654674
-795.918 0.000704137
-755.102 0.000758698
-714.286 0.000819029
-673.469 0.000885913
-632.653 0.00096026
-591.837 0.00104314
-551.02 0.0011358
-510.204 0.00123973
-469.388 0.00135669
-428.571 0.00148878
-387.755 0.00163852
-346.939 0.00180893
-306.122 0.00200369
-265.306 0.0022273
-224.49 0.00248527
-183.673 0.00278441
-142.857 0.00313323
-102.041 0.0035424
-61.2245 0.00402546
-20.4082 0.00459971
20.4082 0.00528752
61.2245 0.00611812
102.041 0.00713013
142.857 0.00837523
183.673 0.00992361
224.49 0.011872
265.306 0.0143559
306.122 0.0175687
346.939 0.0217922
387.755 0.0274459
428.571 0.0351709
469.388 0.0459749
510.204 0.0614955
551.02 0.0845039
591.837 0.119938
632.653 0.177251
673.469 0.276488
714.286 0.465433
755.102 0.849009
795.918 1.10122
836.735 -4.84223
877.551 -1.49098
918.367 1.16413
959.184 0.684898
1000 0.38392
