-1000 -0.005888
-959.184 -0.0350943
-918.367 -0.0583558
-877.551 -0.0730965
-836.735 -0.0800036
-795.918 -0.0812225
-755.102 -0.0789835
-714.286 -0.0749059
-673.469 -0.0701102
-632.653 -0.0652266
-591.837 -0.0606006
-551.02 -0.056436
-510.204 -0.0527631
-469.388 -0.0496358
-428.571 -0.0470152
-387.755 -0.0448782
-346.939 -0.0432169
-306.122 -0.0419678
-265.306 -0.0411513
-224.49 -0.0407195
-183.673 -0.0406779
-142.857 -0.0410362
-102.041 -0.0417699
-61.2245 -0.0429341
-20.4082 -0.0445106
20.4082 -0.0465477
61.2245 -0.0490738
102.041 -0.0520931
142.857 -0.0556609
183.673 -0.0597288
224.49 -0.064271
265.306 -0.069128
306.122 -0.0739766
346.939 -0.0782731
387.755 -0.0809901
428.571 -0.0806249
469.388 -0.075047
510.204 -0.0619987
551.02 -0.0403642
591.837 -0.0119467
632.653 0.0177759
673.469 0.0425127
714.286 0.0588903
755.102 0.0670708
795.918 0.0690665
836.735 0.0671335
877.551 0.0630511
918.367 0.0580088
959.184 0.0527242
1000 0.0475945
