-1000 -0.00354752
-959.184 -0.00433095
-918.367 -0.00510617
-877.551 -0.00584549
-836.735 -0.00652019
-795.918 -0.00710238
-755.102 -0.00756693
-714.286 -0.00789319
-673.469 -0.00806638
-632.653 -0.00807857
-591.837 -0.0079292
-551.02 -0.00762512
-510.204 -0.00718012
-469.388 -0.00661407
-428.571 -0.00595152
-387.755 -0.00522006
-346.939 -0.00444841
-306.122 -0.00366454
-265.306 -0.00289391
-224.49 -0.00215817
-183.673 -0.00147433
-142.857 -0.000854365
-102.041 -0.000305449
-61.2245 0.000169567
-20.4082 0.00057139
20.4082 0.000903439
61.2245 0.00117101
102.041 0.00138052
142.857 0.00153893
183.673 0.00165323
224.49 0.00173012
265.306 0.00177583
306.122 0.00179594
346.939 0.00179538
387.755 0.00177841
428.571 0.00174867
469.388 0.00170919
510.204 0.00166251
551.02 0.0016107
591.837 0.00155545
632.653 0.00149812
673.469 0.00143979
714.286 0.0013813
755.102 0.00132331
795.918 0.00126633
836.735 0.00121071
877.551 0.00115675
918.367 0.00110462
959.184 0.00105445
1000 0.00100631
