-1000 0.000909526
-959.184 0.00095693
-918.367 0.00100684
-877.551 0.0010593
-836.735 0.00111429
-795.918 0.00117179
-755.102 0.00123168
-714.286 0.00129378
-673.469 0.00135782
-632.653 0.00142339
-591.837 0.00148991
-551.02 0.00155663
-510.204 0.0016225
-469.388 0.00168619
-428.571 0.00174597
-387.755 0.00179962
-346.939 0.00184435
-306.122 0.00187669
-265.306 0.00189234
-224.49 0.00188607
-183.673 0.00185157
-142.857 0.00178137
-102.041 0.00166678
-61.2245 0.00149792
-20.4082 0.00126387
20.4082 0.000953072
61.2245 0.000553914
102.041 5.57382e-05
142.857 -0.000549785
183.673 -0.00126685
224.49 -0.00209338
265.306 -0.0030187
306.122 -0.0040215
346.939 -0.00506848
387.755 -0.00611442
428.571 -0.00710413
469.388 -0.00797672
510.204 -0.0086718
551.02 -0.00913696
591.837 -0.00933501
632.653 -0.00924965
673.469 -0.00888795
714.286 -0.00827925
755.102 -0.00747069
795.918 -0.00652039
836.735 -0.00548988
877.551 -0.00443727
918.367 -0.00341211
959.184 -0.00245259
1000 -0.00158471
