-1000 0.000999933
-959.184 0.00106932
-918.367 0.00114485
-877.551 0.00122717
-836.735 0.00131698
-795.918 0.00141505
-755.102 0.00152224
-714.286 0.00163948
-673.469 0.00176781
-632.653 0.00190832
-591.837 0.00206222
-551.02 0.00223073
-510.204 0.00241516
-469.388 0.00261679
-428.571 0.00283684
-387.755 0.00307635
-346.939 0.00333601
-306.122 0.00361597
-265.306 0.00391544
-224.49 0.00423224
-183.673 0.00456206
-142.857 0.00489742
-102.041 0.00522628
-61.2245 0.00552997
-20.4082 0.00578049
20.4082 0.00593682
61.2245 0.00594019
102.041 0.00570843
142.857 0.00512995
183.673 0.00405926
224.49 0.00231793
265.306 -0.000291355
306.122 -0.00394532
346.939 -0.00872119
387.755 -0.0144736
428.571 -0.020698
469.388 -0.0264724
510.204 -0.030611
551.02 -0.0320752
591.837 -0.0304608
632.653 -0.0262124
673.469 -0.0203882
714.286 -0.0141689
755.102 -0.00845675
795.918 -0.00373595
836.735 -0.000137315
877.551 0.00242396
918.367 0.00412713
959.184 0.00516921
1000 0.00572719
