-1000 0.00142601
-959.184 0.00149468
-918.367 0.00156533
-877.551 0.00163754
-836.735 0.00171071
-795.918 0.00178407
-755.102 0.00185657
-714.286 0.00192685
-673.469 0.00199317
-632.653 0.00205332
-591.837 0.00210449
-551.02 0.00214318
-510.204 0.00216503
-469.388 0.00216468
-428.571 0.00213555
-387.755 0.00206971
-346.939 0.00195767
-306.122 0.00178828
-265.306 0.00154861
-224.49 0.00122413
-183.673 0.000799015
-142.857 0.000256882
-102.041 -0.000417884
-61.2245 -0.00123811
-20.4082 -0.00221087
20.4082 -0.00333366
61.2245 -0.0045898
102.041 -0.00594394
142.857 -0.00733875
183.673 -0.00869476
224.49 -0.00991512
265.306 -0.0108963
306.122 -0.0115437
346.939 -0.0117897
387.755 -0.0116074
428.571 -0.0110167
469.388 -0.01008
510.204 -0.00888899
551.02 -0.00754683
591.837 -0.00615227
632.653 -0.00478782
673.469 -0.00351421
714.286 -0.00236995
755.102 -0.00137423
795.918 -0.00053139
836.735 0.000164479
877.551 0.000725553
918.367 0.00116718
959.184 0.00150572
1000 0.00175715
