-1000 -0.0017814
-959.184 -0.00235029
-918.367 -0.00295128
-877.551 -0.00356708
-836.735 -0.00417592
-795.918 -0.00475236
-755.102 -0.00526894
-714.286 -0.00569835
-673.469 -0.00601598
-632.653 -0.00620257
-591.837 -0.00624638
-551.02 -0.0061446
-510.204 -0.00590372
-469.388 -0.00553871
-428.571 -0.00507127
-387.755 -0.0045274
-346.939 -0.00393478
-306.122 -0.00332028
-265.306 -0.00270803
-224.49 -0.00211808
-183.673 -0.00156578
-142.857 -0.00106174
-102.041 -0.000612182
-61.2245 -0.000219657
-20.4082 0.000116222
20.4082 0.000397982
61.2245 0.000629585
102.041 0.000815836
142.857 0.000961914
183.673 0.00107303
224.49 0.00115419
265.306 0.00121005
306.122 0.0012448
346.939 0.00126219
387.755 0.00126546
428.571 0.00125742
469.388 0.00124046
510.204 0.00121658
551.02 0.00118746
591.837 0.00115449
632.653 0.00111879
673.469 0.0010813
714.286 0.00104276
755.102 0.00100377
795.918 0.000964798
836.735 0.000926214
877.551 0.000888302
918.367 0.000851276
959.184 0.000815294
1000 0.000780467
