-1000 0.001345
-959.184 0.0013432
-918.367 0.00132614
-877.551 0.0012901
-836.735 0.00123075
-795.918 0.00114309
-755.102 0.00102153
-714.286 0.00085984
-673.469 0.000651392
-632.653 0.00038935
-591.837 6.70974e-05
-551.02 -0.000321167
-510.204 -0.000779606
-469.388 -0.00130968
-428.571 -0.00190891
-387.755 -0.00256947
-346.939 -0.00327695
-306.122 -0.00400947
-265.306 -0.00473758
-224.49 -0.00542532
-183.673 -0.00603271
-142.857 -0.00651966
-102.041 -0.00685081
-61.2245 -0.00700051
-20.4082 -0.00695672
20.4082 -0.00672299
61.2245 -0.00631786
102.041 -0.00577194
142.857 -0.00512333
183.673 -0.00441264
224.49 -0.00367845
265.306 -0.00295399
306.122 -0.00226538
346.939 -0.00163106
387.755 -0.00106234
428.571 -0.000564454
469.388 -0.000137964
510.204 0.000219961
551.02 0.000514335
591.837 0.000751417
632.653 0.00093798
673.469 0.00108081
714.286 0.00118638
755.102 0.00126064
795.918 0.00130893
836.735 0.00133593
877.551 0.0013457
918.367 0.00134169
959.184 0.00132684
1000 0.00130358
