-1000 0.0777462
-959.184 0.0802124
-918.367 0.0712018
-877.551 0.034037
-836.735 -0.0587148
-795.918 -0.217066
-755.102 -0.369535
-714.286 -0.429007
-673.469 -0.420641
-632.653 -0.33162
-591.837 -0.164963
-551.02 -0.0234437
-510.204 0.049648
-469.388 0.0758666
-428.571 0.0802085
-387.755 0.0760388
-346.939 0.0691262
-306.122 0.0617674
-265.306 0.05482
-224.49 0.0485599
-183.673 0.0430314
-142.857 0.038191
-102.041 0.0339667
-61.2245 0.0302815
-20.4082 0.0270637
20.4082 0.0242492
61.2245 0.0217822
102.041 0.019615
142.857 0.0177066
183.673 0.016022
224.49 0.0145314
265.306 0.0132094
306.122 0.0120341
346.939 0.0109868
387.755 0.0100514
428.571 0.00921417
469.388 0.00846311
510.204 0.00778793
551.02 0.0071797
591.837 0.00663065
632.653 0.00613405
673.469 0.00568401
714.286 0.0052754
755.102 0.00490372
795.918 0.00456503
836.735 0.00425588
877.551 0.00397319
918.367 0.00371429
959.184 0.0034768
1000 0.0032586
