-1000 -0.00184473
-959.184 -0.00226441
-918.367 -0.00269109
-877.551 -0.00311273
-836.735 -0.00351582
-795.918 -0.00388609
-755.102 -0.0042093
-714.286 -0.00447219
-673.469 -0.00466347
-632.653 -0.00477461
-591.837 -0.00480058
-551.02 -0.00474018
-510.204 -0.00459617
-469.388 -0.00437505
-428.571 -0.00408654
-387.755 -0.00374285
-346.939 -0.00335772
-306.122 -0.00294551
-265.306 -0.00252031
-224.49 -0.00209509
-183.673 -0.00168115
-142.857 -0.00128773
-102.041 -0.000921847
-61.2245 -0.00058832
-20.4082 -0.000289946
20.4082 -2.77706e-05
61.2245 0.000198584
102.041 0.000390582
142.857 0.000550462
183.673 0.00068095
224.49 0.000785033
265.306 0.000865771
306.122 0.000926166
346.939 0.000969066
387.755 0.000997106
428.571 0.00101267
469.388 0.00101789
510.204 0.00101464
551.02 0.00100454
591.837 0.000988978
632.653 0.000969156
673.469 0.000946073
714.286 0.000920571
755.102 0.000893348
795.918 0.00086498
836.735 0.00083594
877.551 0.000806609
918.367 0.000777296
959.184 0.000748243
1000 0.000719642
