-1000 0.00210541
-959.184 0.00107995
-918.367 -0.000353951
-877.551 -0.00223488
-836.735 -0.00454885
-795.918 -0.00720102
-755.102 -0.00999698
-714.286 -0.0126483
-673.469 -0.0148134
-632.653 -0.0161699
-591.837 -0.0164977
-551.02 -0.0157416
-510.204 -0.0140278
-469.388 -0.0116265
-428.571 -0.00887799
-387.755 -0.0061097
-346.939 -0.00357526
-306.122 -0.00142824
-265.306 0.000271959
-224.49 0.00153586
-183.673 0.00241536
-142.857 0.00297989
-102.041 0.00330033
-61.2245 0.00344015
-20.4082 0.00345188
20.4082 0.00337669
61.2245 0.00324556
102.041 0.00308106
142.857 0.0028992
183.673 0.002711
224.49 0.00252385
265.306 0.00234248
306.122 0.00216978
346.939 0.00200734
387.755 0.00185589
428.571 0.00171556
469.388 0.00158611
510.204 0.00146707
551.02 0.00135782
591.837 0.0012577
632.653 0.00116602
673.469 0.0010821
714.286 0.00100527
755.102 0.00093492
795.918 0.000870466
836.735 0.000811377
877.551 0.000757163
918.367 0.000707378
959.184 0.000661616
1000 0.00061951
