-1000 0.00111984
-959.184 0.00118648
-918.367 0.00125839
-877.551 0.00133607
-836.735 0.00142011
-795.918 0.00151114
-755.102 0.00160989
-714.286 0.00171717
-673.469 0.00183389
-632.653 0.00196107
-591.837 0.00209987
-551.02 0.0022516
-510.204 0.00241775
-469.388 0.00259998
-428.571 0.00280023
-387.755 0.00302065
-346.939 0.00326376
-306.122 0.00353238
-265.306 0.00382978
-224.49 0.00415971
-183.673 0.00452649
-142.857 0.0049351
-102.041 0.00539128
-61.2245 0.0059017
-20.4082 0.00647412
20.4082 0.00711752
61.2245 0.0078424
102.041 0.00866102
142.857 0.00958773
183.673 0.0106393
224.49 0.0118355
265.306 0.0131993
306.122 0.0147579
346.939 0.0165424
387.755 0.0185888
428.571 0.0209372
469.388 0.0236294
510.204 0.0267025
551.02 0.0301729
591.837 0.0339969
632.653 0.0379762
673.469 0.0415284
714.286 0.043123
755.102 0.0389201
795.918 0.0198172
836.735 -0.0325629
877.551 -0.139311
918.367 -0.274061
959.184 -0.317351
1000 -0.216016
