-1000 0.168636
-959.184 0.250713
-918.367 0.401067
-877.551 0.702505
-836.735 1.31303
-795.918 1.48611
-755.102 -5.08452
-714.286 1.74696
-673.469 -0.271941
-632.653 -1.65876
-591.837 2.8229
-551.02 -4.32405
-510.204 2.72951
-469.388 -0.980596
-428.571 -0.458815
-387.755 2.5648
-346.939 -4.1559
-306.122 3.06785
-265.306 -1.97662
-224.49 0.520819
-183.673 2.04638
-142.857 -3.69325
-102.041 3.20059
-61.2245 -2.94823
-20.4082 1.32621
20.4082 1.30614
61.2245 -3.0125
102.041 3.07797
142.857 -3.90583
183.673 1.67507
224.49 -0.164806
265.306 -3.29052
306.122 1.72896
346.939 1.12516
387.755 0.605244
428.571 0.3538
469.388 0.225665
510.204 0.154148
551.02 0.110943
591.837 0.0831279
632.653 0.0642884
673.469 0.0509962
714.286 0.0412998
755.102 0.0340283
795.918 0.0284472
836.735 0.0240784
877.551 0.0206
918.367 0.0177896
959.184 0.0154895
1000 0.0135856
