-1000 0.00200995
-959.184 0.00213446
-918.367 0.00226494
-877.551 0.00240069
-836.735 0.00254059
-795.918 0.00268297
-755.102 0.00282539
-714.286 0.00296443
-673.469 0.00309536
-632.653 0.00321177
-591.837 0.00330505
-551.02 0.00336387
-510.204 0.00337338
-469.388 0.00331451
-428.571 0.00316302
-387.755 0.00288878
-346.939 0.00245524
-306.122 0.00181956
-265.306 0.000934137
-224.49 -0.000249758
-183.673 -0.0017748
-142.857 -0.0036658
-102.041 -0.00591267
-61.2245 -0.00844971
-20.4082 -0.0111366
20.4082 -0.013751
61.2245 -0.0160057
102.041 -0.0175981
142.857 -0.0182839
183.673 -0.0179504
224.49 -0.0166529
265.306 -0.0145969
306.122 -0.0120735
346.939 -0.00938276
387.755 -0.00677308
428.571 -0.0044137
469.388 -0.00239461
510.204 -0.000742924
551.02 0.000556132
591.837 0.0015406
632.653 0.0022581
673.469 0.00275723
714.286 0.00308273
755.102 0.00327343
795.918 0.00336168
836.735 0.00337368
877.551 0.00333024
918.367 0.00324756
959.184 0.00313815
1000 0.00301147
