-1000 0.0765308
-959.184 0.0887315
-918.367 0.103681
-877.551 0.122246
-836.735 0.145692
-795.918 0.175938
-755.102 0.216064
-714.286 0.271351
-673.469 0.351667
-632.653 0.477547
-591.837 0.697076
-551.02 1.12234
-510.204 1.6692
-469.388 -2.56775
-428.571 -1.49519
-387.755 1.81582
-346.939 -4.77129
-306.122 2.53087
-265.306 -2.49109
-224.49 0.00488166
-183.673 1.49467
-142.857 -4.33512
-102.041 2.39975
-61.2245 -4.09626
-20.4082 -0.405872
20.4082 1.59462
61.2245 0.98797
102.041 0.628762
142.857 0.439923
183.673 0.328399
224.49 0.255683
265.306 0.20487
306.122 0.167597
346.939 0.139283
387.755 0.117205
428.571 0.0996436
469.388 0.0854513
510.204 0.0738335
551.02 0.0642205
591.837 0.056193
632.653 0.0494356
673.469 0.0437066
714.286 0.0388182
755.102 0.0346228
795.918 0.0310027
836.735 0.0278634
877.551 0.0251285
918.367 0.0227356
959.184 0.0206333
1000 0.0187794
