-1000 0.00312607
-959.184 0.00307067
-918.367 0.00297432
-877.551 0.00282906
-836.735 0.00262607
-795.918 0.0023558
-755.102 0.00200813
-714.286 0.00157272
-673.469 0.00103947
-632.653 0.000399201
-591.837 -0.000355494
-551.02 -0.00122923
-510.204 -0.00222263
-469.388 -0.00333106
-428.571 -0.00454337
-387.755 -0.00584099
-346.939 -0.00719729
-306.122 -0.00857764
-265.306 -0.00994033
-224.49 -0.0112383
-183.673 -0.0124216
-142.857 -0.0134409
-102.041 -0.0142508
-61.2245 -0.0148136
-20.4082 -0.0151021
20.4082 -0.0151021
61.2245 -0.0148136
102.041 -0.0142508
142.857 -0.0134409
183.673 -0.0124216
224.49 -0.0112383
265.306 -0.00994033
306.122 -0.00857764
346.939 -0.00719729
387.755 -0.00584099
428.571 -0.00454337
469.388 -0.00333106
510.204 -0.00222263
551.02 -0.00122923
591.837 -0.000355494
632.653 0.000399201
673.469 0.00103947
714.286 0.00157272
755.102 0.00200813
795.918 0.0023558
836.735 0.00262607
877.551 0.00282906
918.367 0.00297432
959.184 0.00307067
1000 0.00312607
