-1000 0.0026967
-959.184 0.00295245
-918.367 0.00324081
-877.551 0.00356699
-836.735 0.00393716
-795.918 0.00435869
-755.102 0.00484038
-714.286 0.00539274
-673.469 0.0060284
-632.653 0.00676246
-591.837 0.007613
-551.02 0.00860147
-510.204 0.00975317
-469.388 0.0110973
-428.571 0.0126667
-387.755 0.0144958
-346.939 0.0166167
-306.122 0.0190501
-265.306 0.0217868
-224.49 0.0247538
-183.673 0.0277523
-142.857 0.030355
-102.041 0.031755
-61.2245 0.0305998
-20.4082 0.0249618
20.4082 0.012795
61.2245 -0.00673597
102.041 -0.0315127
142.857 -0.0564297
183.673 -0.0764679
224.49 -0.0896433
265.306 -0.0964802
306.122 -0.0981285
346.939 -0.0950225
387.755 -0.0864069
428.571 -0.0711529
469.388 -0.0492834
510.204 -0.023797
551.02 -0.000159124
591.837 0.0172234
632.653 0.0272533
673.469 0.03132
714.286 0.0315298
755.102 0.0296546
795.918 0.0268691
836.735 0.0238481
877.551 0.0209366
918.367 0.018287
959.184 0.0159482
1000 0.0139177
