-1000 0.00195509
-959.184 0.00207173
-918.367 0.00219751
-877.551 0.0023333
-836.735 0.00248007
-795.918 0.0026389
-755.102 0.002811
-714.286 0.0029977
-673.469 0.00320052
-632.653 0.00342111
-591.837 0.00366134
-551.02 0.00392331
-510.204 0.00420934
-469.388 0.00452204
-428.571 0.00486434
-387.755 0.00523947
-346.939 0.00565109
-306.122 0.00610322
-265.306 0.00660037
-224.49 0.00714749
-183.673 0.00775005
-142.857 0.008414
-102.041 0.00914578
-61.2245 0.00995221
-20.4082 0.0108404
20.4082 0.0118174
61.2245 0.0128898
102.041 0.0140633
142.857 0.0153411
183.673 0.0167227
224.49 0.0182009
265.306 0.0197578
306.122 0.0213582
346.939 0.0229393
387.755 0.0243949
428.571 0.0255494
469.388 0.0261186
510.204 0.0256486
551.02 0.0234287
591.837 0.0183824
632.653 0.00898426
673.469 -0.0066483
714.286 -0.0301573
755.102 -0.0614711
795.918 -0.0968259
836.735 -0.128365
877.551 -0.147303
918.367 -0.148252
959.184 -0.130953
1000 -0.100305
