-1000 0.00220497
-959.184 0.00230565
-918.367 0.00240323
-877.551 0.00249486
-836.735 0.00257685
-795.918 0.00264453
-755.102 0.00269203
-714.286 0.00271213
-673.469 0.00269607
-632.653 0.00263343
-591.837 0.00251212
-551.02 0.00231851
-510.204 0.0020378
-469.388 0.00165471
-428.571 0.00115458
-387.755 0.000524945
-346.939 -0.00024255
-306.122 -0.00114984
-265.306 -0.00219019
-224.49 -0.00334631
-183.673 -0.00458936
-142.857 -0.0058793
-102.041 -0.00716667
-61.2245 -0.00839598
-20.4082 -0.00950991
20.4082 -0.010454
61.2245 -0.0111808
102.041 -0.0116534
142.857 -0.0118478
183.673 -0.0117539
224.49 -0.0113767
265.306 -0.0107352
306.122 -0.00986228
346.939 -0.00880187
387.755 -0.00760648
428.571 -0.00633292
469.388 -0.00503787
510.204 -0.00377331
551.02 -0.00258289
591.837 -0.00149947
632.653 -0.00054434
673.469 0.000272261
714.286 0.000949479
755.102 0.00149368
795.918 0.00191614
836.735 0.00223095
877.551 0.00245332
918.367 0.00259831
959.184 0.00268003
1000 0.00271112
