-1000 0.000761238
-959.184 0.000821693
-918.367 0.000888694
-877.551 0.000963147
-836.735 0.00104611
-795.918 0.00113884
-755.102 0.00124278
-714.286 0.0013597
-673.469 0.00149166
-632.653 0.00164114
-591.837 0.00181112
-551.02 0.00200521
-510.204 0.0022278
-469.388 0.00248426
-428.571 0.00278122
-387.755 0.00312688
-346.939 0.0035315
-306.122 0.00400801
-265.306 0.00457281
-224.49 0.00524688
-183.673 0.00605734
-142.857 0.00703951
-102.041 0.00823984
-61.2245 0.00971996
-20.4082 0.0115624
20.4082 0.0138783
61.2245 0.0168181
102.041 0.0205854
142.857 0.0254519
183.673 0.0317677
224.49 0.0399426
265.306 0.0503287
306.122 0.0628045
346.939 0.0755475
387.755 0.0819226
428.571 0.0647172
469.388 -0.00513035
510.204 -0.134495
551.02 -0.248073
591.837 -0.281266
632.653 -0.269708
673.469 -0.188114
714.286 -0.0518834
755.102 0.0447286
795.918 0.0793284
836.735 0.0795155
877.551 0.0680829
918.367 0.0551108
959.184 0.0438203
1000 0.0347912
