-1000 0.00268481
-959.184 0.00290109
-918.367 0.00314067
-877.551 0.0034067
-836.735 0.00370284
-795.918 0.00403338
-755.102 0.00440334
-714.286 0.00481862
-673.469 0.00528619
-632.653 0.00581435
-591.837 0.00641297
-551.02 0.0070939
-510.204 0.00787145
-469.388 0.00876295
-428.571 0.00978963
-387.755 0.0109776
-346.939 0.0123594
-306.122 0.0139757
-265.306 0.0158783
-224.49 0.0181339
-183.673 0.0208296
-142.857 0.0240814
-102.041 0.0280471
-61.2245 0.0329465
-20.4082 0.0390949
20.4082 0.0469604
61.2245 0.0572649
102.041 0.0711748
142.857 0.0906803
183.673 0.119412
224.49 0.164569
265.306 0.241996
306.122 0.390678
346.939 0.705114
387.755 1.11661
428.571 -2.93814
469.388 -3.43656
510.204 1.10946
551.02 0.72752
591.837 0.401353
632.653 0.247245
673.469 0.167481
714.286 0.121196
755.102 0.0918571
795.918 0.0719955
836.735 0.0578624
877.551 0.0474102
918.367 0.0394426
959.184 0.0332211
1000 0.0282677
