-1000 0.00222313
-959.184 0.00236115
-918.367 0.00250991
-877.551 0.00267034
-836.735 0.0028435
-795.918 0.00303052
-755.102 0.00323264
-714.286 0.00345122
-673.469 0.00368771
-632.653 0.00394369
-591.837 0.00422084
-551.02 0.00452097
-510.204 0.00484597
-469.388 0.00519782
-428.571 0.00557851
-387.755 0.00599001
-346.939 0.00643415
-306.122 0.00691246
-265.306 0.00742591
-224.49 0.00797458
-183.673 0.008557
-142.857 0.00916932
-102.041 0.00980389
-61.2245 0.0104471
-20.4082 0.0110759
20.4082 0.0116525
61.2245 0.0121156
102.041 0.0123665
142.857 0.0122474
183.673 0.0115068
224.49 0.00974873
265.306 0.00636515
306.122 0.000470191
346.939 -0.00908633
387.755 -0.0234261
428.571 -0.0427315
469.388 -0.0646104
510.204 -0.0829431
551.02 -0.0900088
591.837 -0.0822361
632.653 -0.0635359
673.469 -0.0416704
714.286 -0.0225854
755.102 -0.00850261
795.918 0.0008416
836.735 0.00658539
877.551 0.00986914
918.367 0.0115639
959.184 0.0122655
1000 0.0123611
