-1000 -0.0461195
-959.184 -0.0545255
-918.367 -0.059083
-877.551 -0.058835
-836.735 -0.0538348
-795.918 -0.0451269
-755.102 -0.0343785
-714.286 -0.0233264
-673.469 -0.0133059
-632.653 -0.00505297
-591.837 0.00123138
-551.02 0.00569326
-510.204 0.00864054
-469.388 0.0104163
-428.571 0.0113322
-387.755 0.0116435
-346.939 0.0115464
-306.122 0.0111858
-265.306 0.0106653
-224.49 0.0100571
-183.673 0.00941027
-142.857 0.00875756
-102.041 0.00811987
-61.2245 0.00750999
-20.4082 0.00693516
20.4082 0.00639886
61.2245 0.00590211
102.041 0.00544433
142.857 0.00502396
183.673 0.0046389
224.49 0.00428671
265.306 0.00396491
306.122 0.00367098
346.939 0.00340253
387.755 0.00315729
428.571 0.00293314
469.388 0.00272813
510.204 0.00254048
551.02 0.00236856
591.837 0.00221089
632.653 0.00206614
673.469 0.00193312
714.286 0.00181072
755.102 0.00169798
795.918 0.00159401
836.735 0.00149802
877.551 0.0014093
918.367 0.0013272
959.184 0.00125113
1000 0.00118059
