-1000 0.000236823
-959.184 0.000246366
-918.367 0.000256271
-877.551 0.000266538
-836.735 0.000277157
-795.918 0.000288117
-755.102 0.000299398
-714.286 0.000310973
-673.469 0.000322803
-632.653 0.00033484
-591.837 0.00034702
-551.02 0.000359261
-510.204 0.000371461
-469.388 0.000383495
-428.571 0.000395208
-387.755 0.000406409
-346.939 0.000416871
-306.122 0.000426317
-265.306 0.00043442
-224.49 0.000440788
-183.673 0.000444962
-142.857 0.000446402
-102.041 0.000444482
-61.2245 0.000438479
-20.4082 0.000427568
20.4082 0.000410815
61.2245 0.000387182
102.041 0.000355522
142.857 0.000314603
183.673 0.000263125
224.49 0.000199757
265.306 0.000123197
306.122 3.22433e-05
346.939 -7.41049e-05
387.755 -0.000196527
428.571 -0.000335235
469.388 -0.000489815
510.204 -0.00065906
551.02 -0.000840815
591.837 -0.00103186
632.653 -0.00122786
673.469 -0.00142337
714.286 -0.00161205
755.102 -0.0017869
795.918 -0.00194068
836.735 -0.00206647
877.551 -0.00215821
918.367 -0.00221127
959.184 -0.00222287
1000 -0.0021924
