-1000 0.000473027
-959.184 0.000495431
-918.367 0.000518593
-877.551 0.000542421
-836.735 0.000566783
-795.918 0.0005915
-755.102 0.000616335
-714.286 0.000640976
-673.469 0.000665022
-632.653 0.000687963
-591.837 0.000709157
-551.02 0.000727805
-510.204 0.000742922
-469.388 0.000753302
-428.571 0.000757486
-387.755 0.00075373
-346.939 0.00073997
-306.122 0.000713799
-265.306 0.000672458
-224.49 0.000612849
-183.673 0.000531579
-142.857 0.000425057
-102.041 0.000289655
-61.2245 0.000121945
-20.4082 -8.0959e-05
20.4082 -0.000320973
61.2245 -0.000598513
102.041 -0.000911917
142.857 -0.00125687
183.673 -0.00162591
224.49 -0.00200822
265.306 -0.00238966
306.122 -0.00275338
346.939 -0.00308091
387.755 -0.00335365
428.571 -0.00355479
469.388 -0.00367115
510.204 -0.00369483
551.02 -0.0036242
591.837 -0.0034641
632.653 -0.00322525
673.469 -0.00292285
714.286 -0.00257487
755.102 -0.00220004
795.918 -0.00181622
836.735 -0.00143898
877.551 -0.00108084
918.367 -0.000750933
959.184 -0.0004551
1000 -0.000196259
