-1000 0.0636182
-959.184 0.0733344
-918.367 0.0852551
-877.551 0.100129
-836.735 0.119079
-795.918 0.143856
-755.102 0.177341
-714.286 0.224577
-673.469 0.29514
-632.653 0.409188
-591.837 0.614295
-551.02 1.02179
-510.204 1.54631
-469.388 -2.71955
-428.571 -1.68614
-387.755 1.56852
-346.939 -5.10667
-306.122 2.04204
-265.306 -3.28188
-224.49 -1.33745
-183.673 1.52012
-142.857 0.941583
-102.041 0.574322
-61.2245 0.387941
-20.4082 0.282463
20.4082 0.216315
61.2245 0.171599
102.041 0.139672
142.857 0.115917
183.673 0.0976713
224.49 0.0833003
265.306 0.0717512
306.122 0.0623167
346.939 0.054505
387.755 0.0479637
428.571 0.042434
469.388 0.0377212
510.204 0.0336762
551.02 0.0301828
591.837 0.0271491
632.653 0.0245016
673.469 0.0221807
714.286 0.0201378
755.102 0.0183329
795.918 0.0167325
836.735 0.0153089
877.551 0.0140387
918.367 0.012902
959.184 0.0118821
1000 0.0109644
