-1000 -0.0050964
-959.184 -0.00714087
-918.367 -0.00923142
-877.551 -0.0112438
-836.735 -0.0130435
-795.918 -0.0145013
-755.102 -0.0155082
-714.286 -0.0159873
-673.469 -0.015902
-632.653 -0.0152587
-591.837 -0.0141069
-551.02 -0.0125339
-510.204 -0.0106562
-469.388 -0.00860648
-428.571 -0.00651754
-387.755 -0.00450796
-346.939 -0.00267043
-306.122 -0.00106618
-265.306 0.000274797
-224.49 0.00134904
-183.673 0.0021725
-142.857 0.00277314
-102.041 0.00318453
-61.2245 0.00344113
-20.4082 0.00357524
20.4082 0.00361532
61.2245 0.0035854
102.041 0.00350507
142.857 0.00338988
183.673 0.0032519
224.49 0.00310029
265.306 0.0029419
306.122 0.00278169
346.939 0.00262323
387.755 0.00246899
428.571 0.00232058
469.388 0.00217904
510.204 0.00204493
551.02 0.0019185
591.837 0.00179976
632.653 0.00168857
673.469 0.00158466
714.286 0.00148772
755.102 0.00139737
795.918 0.00131324
836.735 0.00123493
877.551 0.00116205
918.367 0.00109423
959.184 0.0010311
1000 0.000972339
