-1000 0.00177692
-959.184 0.00189414
-918.367 0.00201902
-877.551 0.00215161
-836.735 0.0022917
-795.918 0.0024388
-755.102 0.00259199
-714.286 0.00274977
-673.469 0.00290987
-632.653 0.00306898
-591.837 0.00322242
-551.02 0.00336378
-510.204 0.00348439
-469.388 0.00357282
-428.571 0.00361425
-387.755 0.00358994
-346.939 0.00347678
-306.122 0.00324715
-265.306 0.00286944
-224.49 0.00230943
-183.673 0.00153303
-142.857 0.000510706
-102.041 -0.000776473
-61.2245 -0.00232952
-20.4082 -0.00412426
20.4082 -0.00610589
61.2245 -0.00818774
102.041 -0.0102557
142.857 -0.0121786
183.673 -0.0138226
224.49 -0.0150667
265.306 -0.015817
306.122 -0.0160159
346.939 -0.015648
387.755 -0.0147417
428.571 -0.0133663
469.388 -0.0116251
510.204 -0.0096444
551.02 -0.007559
591.837 -0.00549634
632.653 -0.0035631
673.469 -0.00183658
714.286 -0.000362023
755.102 0.00084463
795.918 0.00179057
836.735 0.00249865
877.551 0.00300031
918.367 0.00333008
959.184 0.00352162
1000 0.00360542
