-1000 0.00081119
-959.184 0.00087632
-918.367 0.000948538
-877.551 0.00102882
-836.735 0.00111832
-795.918 0.00121836
-755.102 0.00133054
-714.286 0.00145672
-673.469 0.00159912
-632.653 0.00176037
-591.837 0.00194365
-551.02 0.00215278
-510.204 0.00239235
-469.388 0.00266799
-428.571 0.00298655
-387.755 0.00335647
-346.939 0.00378816
-306.122 0.0042946
-265.306 0.00489197
-224.49 0.00560065
-183.673 0.00644635
-142.857 0.0074617
-102.041 0.00868823
-61.2245 0.0101788
-20.4082 0.0120007
20.4082 0.0142387
61.2245 0.0169976
102.041 0.0204026
142.857 0.0245905
183.673 0.0296809
224.49 0.0356948
265.306 0.0423475
306.122 0.0485372
346.939 0.05112
387.755 0.0422125
428.571 0.00493691
469.388 -0.0843134
510.204 -0.216328
551.02 -0.286662
591.837 -0.209965
632.653 -0.0784312
673.469 0.00785516
714.286 0.0431457
755.102 0.0511693
795.918 0.0482741
836.735 0.0420113
877.551 0.0353745
918.367 0.0294039
959.184 0.0243605
1000 0.0202149
