-1000 -0.00992179
-959.184 -0.011186
-918.367 -0.0122615
-877.551 -0.0130779
-836.735 -0.0135776
-795.918 -0.0137237
-755.102 -0.0135051
-714.286 -0.0129384
-673.469 -0.012065
-632.653 -0.0109459
-591.837 -0.00965288
-551.02 -0.00826047
-510.204 -0.00683831
-469.388 -0.00544584
-428.571 -0.00412938
-387.755 -0.0029214
-346.939 -0.00184149
-306.122 -0.000898342
-265.306 -9.2137e-05
-224.49 0.000583024
-183.673 0.001137
-142.857 0.00158189
-102.041 0.00193069
-61.2245 0.00219637
-20.4082 0.00239129
20.4082 0.00252679
61.2245 0.00261305
102.041 0.00265898
142.857 0.00267232
183.673 0.00265966
224.49 0.00262655
265.306 0.00257765
306.122 0.00251681
346.939 0.00244719
387.755 0.0023714
428.571 0.00229152
469.388 0.00220922
510.204 0.00212586
551.02 0.00204247
591.837 0.0019599
632.653 0.00187875
673.469 0.00179951
714.286 0.00172253
755.102 0.00164804
795.918 0.00157622
836.735 0.00150716
877.551 0.00144091
918.367 0.00137747
959.184 0.00131683
1000 0.00125893
