-1000 -0.00524685
-959.184 -0.0344066
-918.367 -0.057617
-877.551 -0.0723016
-836.735 -0.0791468
-795.918 -0.0802974
-755.102 -0.0779829
-714.286 -0.0738216
-673.469 -0.0689329
-632.653 -0.0639457
-591.837 -0.0592041
-551.02 -0.0549102
-510.204 -0.051092
-469.388 -0.0478014
-428.571 -0.0449966
-387.755 -0.0426514
-346.939 -0.040754
-306.122 -0.0392366
-265.306 -0.0381144
-224.49 -0.0373339
-183.673 -0.0368934
-142.857 -0.0367951
-102.041 -0.0370058
-61.2245 -0.0375713
-20.4082 -0.038464
20.4082 -0.0397236
61.2245 -0.0413731
102.041 -0.0434178
142.857 -0.0459276
183.673 -0.048893
224.49 -0.052371
265.306 -0.0563598
306.122 -0.0608179
346.939 -0.0656793
387.755 -0.0706771
428.571 -0.0754088
469.388 -0.079073
510.204 -0.0803922
551.02 -0.0775222
591.837 -0.0681362
632.653 -0.0504175
673.469 -0.024622
714.286 0.00530264
755.102 0.0328911
795.918 0.0531574
836.735 0.0648073
877.551 0.0692632
918.367 0.0688128
959.184 0.0654897
1000 0.0607412
