-1000 1.59307
-959.184 -4.58723
-918.367 1.03505
-877.551 0.527934
-836.735 -2.79029
-795.918 2.86368
-755.102 -4.2977
-714.286 1.86506
-673.469 -0.718839
-632.653 -2.86906
-591.837 1.69548
-551.02 1.05781
-510.204 0.561135
-469.388 0.322845
-428.571 0.202066
-387.755 0.135184
-346.939 0.0951992
-306.122 0.069775
-265.306 0.0527922
-224.49 0.0409866
-183.673 0.0325067
-142.857 0.026247
-102.041 0.0215186
-61.2245 0.0178756
-20.4082 0.0150205
20.4082 0.0127494
61.2245 0.0109189
102.041 0.00942614
142.857 0.00819611
183.673 0.00717299
224.49 0.00631471
265.306 0.00558914
306.122 0.00497142
346.939 0.00444209
387.755 0.00398581
428.571 0.00359033
469.388 0.00324578
510.204 0.00294419
551.02 0.00267904
591.837 0.00244494
632.653 0.00223748
673.469 0.00205294
714.286 0.00188823
755.102 0.00174076
795.918 0.00160831
836.735 0.00148902
877.551 0.00138127
918.367 0.00128372
959.184 0.00119516
1000 0.0011146
