-1000 -0.042479
-959.184 -0.0506212
-918.367 -0.0473796
-877.551 -0.0346384
-836.735 -0.0188246
-795.918 -0.00547151
-755.102 0.00334901
-714.286 0.00807902
-673.469 0.00999647
-632.653 0.0102728
-591.837 0.00971388
-551.02 0.00879973
-510.204 0.00778986
-469.388 0.00681247
-428.571 0.00592322
-387.755 0.00513995
-346.939 0.00446205
-306.122 0.00388076
-265.306 0.00338448
-224.49 0.00296133
-183.673 0.0026003
-142.857 0.0022917
-102.041 0.00202722
-61.2245 0.00179986
-20.4082 0.00160372
20.4082 0.00143394
61.2245 0.00128643
102.041 0.00115782
142.857 0.00104529
183.673 0.000946477
224.49 0.000859427
265.306 0.000782486
306.122 0.000714265
346.939 0.000653591
387.755 0.000599471
428.571 0.000551061
469.388 0.000507642
510.204 0.000468597
551.02 0.000433397
591.837 0.000401589
632.653 0.000372779
673.469 0.000346627
714.286 0.000322836
755.102 0.00030115
795.918 0.000281343
836.735 0.000263219
877.551 0.000246604
918.367 0.000231345
959.184 0.000217309
1000 0.000204377
