-1000 0.000941889
-959.184 0.00100908
-918.367 0.00108262
-877.551 0.00116325
-836.735 0.0012518
-795.918 0.00134921
-755.102 0.00145659
-714.286 0.00157514
-673.469 0.00170629
-632.653 0.00185164
-591.837 0.00201299
-551.02 0.00219244
-510.204 0.00239234
-469.388 0.00261537
-428.571 0.00286452
-387.755 0.00314317
-346.939 0.00345502
-306.122 0.00380409
-265.306 0.00419464
-224.49 0.00463095
-183.673 0.00511697
-142.857 0.0056558
-102.041 0.00624862
-61.2245 0.00689322
-20.4082 0.00758151
20.4082 0.00829567
61.2245 0.00900258
102.041 0.00964551
142.857 0.0101329
183.673 0.0103246
224.49 0.0100166
265.306 0.00893283
306.122 0.00673448
346.939 0.00306867
387.755 -0.00232314
428.571 -0.00943973
469.388 -0.0178554
510.204 -0.0266723
551.02 -0.0346815
591.837 -0.0406824
632.653 -0.043778
673.469 -0.0435218
714.286 -0.0399503
755.102 -0.0335811
795.918 -0.0253701
836.735 -0.0165407
877.551 -0.00827348
918.367 -0.00140026
959.184 0.00372429
1000 0.00714954
