-1000 -0.00318383
-959.184 -0.00405561
-918.367 -0.00496266
-877.551 -0.00588726
-836.735 -0.00680885
-795.918 -0.00770474
-755.102 -0.00855112
-714.286 -0.00932405
-673.469 -0.0100007
-632.653 -0.0105604
-591.837 -0.0109857
-551.02 -0.011263
-510.204 -0.0113835
-469.388 -0.0113432
-428.571 -0.0111435
-387.755 -0.0107908
-346.939 -0.0102964
-306.122 -0.00967577
-265.306 -0.00894823
-224.49 -0.00813562
-183.673 -0.00726148
-142.857 -0.00634981
-102.041 -0.005424
-61.2245 -0.00450576
-20.4082 -0.00361433
20.4082 -0.0027658
61.2245 -0.00197282
102.041 -0.00124451
142.857 -0.000586623
183.673 -1.83557e-06
224.49 0.000509764
265.306 0.000950195
306.122 0.00132308
346.939 0.00163314
387.755 0.00188582
428.571 0.0020869
469.388 0.0022422
510.204 0.00235743
551.02 0.00243799
591.837 0.00248888
632.653 0.00251469
673.469 0.00251949
714.286 0.00250693
755.102 0.00248019
795.918 0.00244203
836.735 0.00239484
877.551 0.00234064
918.367 0.00228116
959.184 0.00221785
1000 0.0021519
