-1000 0.000630568
-959.184 0.000662078
-918.367 0.000695438
-877.551 0.000730748
-836.735 0.000768112
-795.918 0.000807631
-755.102 0.000849402
-714.286 0.000893517
-673.469 0.000940056
-632.653 0.000989085
-591.837 0.00104065
-551.02 0.00109476
-510.204 0.00115139
-469.388 0.00121045
-428.571 0.00127181
-387.755 0.00133521
-346.939 0.0014003
-306.122 0.00146656
-265.306 0.00153331
-224.49 0.00159962
-183.673 0.00166425
-142.857 0.00172562
-102.041 0.0017817
-61.2245 0.00182991
-20.4082 0.00186703
20.4082 0.00188907
61.2245 0.00189113
102.041 0.0018673
142.857 0.00181052
183.673 0.00171253
224.49 0.00156386
265.306 0.00135392
306.122 0.00107132
346.939 0.000704371
387.755 0.000241952
428.571 -0.000325269
469.388 -0.00100316
510.204 -0.00179211
551.02 -0.00268469
591.837 -0.00366353
632.653 -0.0046996
673.469 -0.00575174
714.286 -0.00676788
755.102 -0.00768851
795.918 -0.00845225
836.735 -0.00900303
877.551 -0.00929758
918.367 -0.00931182
959.184 -0.00904458
1000 -0.00851775
