-1000 0.00568705
-959.184 0.00612203
-918.367 0.00657406
-877.551 0.00703389
-836.735 0.007487
-795.918 0.00791172
-755.102 0.00827683
-714.286 0.0085389
-673.469 0.00863963
-632.653 0.00850396
-591.837 0.00804025
-551.02 0.00714442
-510.204 0.0057104
-469.388 0.00364856
-428.571 0.000911639
-387.755 -0.00247698
-346.939 -0.00640296
-306.122 -0.0106611
-265.306 -0.0149832
-224.49 -0.0190868
-183.673 -0.0227275
-142.857 -0.0257327
-102.041 -0.0280088
-61.2245 -0.0295232
-20.4082 -0.0302765
20.4082 -0.0302765
61.2245 -0.0295232
102.041 -0.0280088
142.857 -0.0257327
183.673 -0.0227275
224.49 -0.0190868
265.306 -0.0149832
306.122 -0.0106611
346.939 -0.00640296
387.755 -0.00247698
428.571 0.000911639
469.388 0.00364856
510.204 0.0057104
551.02 0.00714442
591.837 0.00804025
632.653 0.00850396
673.469 0.00863963
714.286 0.0085389
755.102 0.00827683
795.918 0.00791172
836.735 0.007487
877.551 0.00703389
918.367 0.00657406
959.184 0.00612203
1000 0.00568705
