-1000 -0.00068926
-959.184 -0.00121362
-918.367 -0.00180507
-877.551 -0.00244828
-836.735 -0.00311903
-795.918 -0.00378449
-755.102 -0.004405
-714.286 -0.00493766
-673.469 -0.00534129
-632.653 -0.00558216
-591.837 -0.00563911
-551.02 -0.00550703
-510.204 -0.00519772
-469.388 -0.00473788
-428.571 -0.00416492
-387.755 -0.00352136
-346.939 -0.00284934
-306.122 -0.00218613
-265.306 -0.00156123
-224.49 -0.000995245
-183.673 -0.000500198
-142.857 -8.07585e-05
-102.041 0.000264044
-61.2245 0.00053906
-20.4082 0.000751458
20.4082 0.000909484
61.2245 0.00102157
102.041 0.00109572
142.857 0.00113923
183.673 0.00115844
224.49 0.00115879
265.306 0.0011448
306.122 0.00112016
346.939 0.00108788
387.755 0.00105031
428.571 0.00100934
469.388 0.000966403
510.204 0.000922617
551.02 0.000878812
591.837 0.000835609
632.653 0.000793453
673.469 0.000752659
714.286 0.000713436
755.102 0.000675915
795.918 0.000640165
836.735 0.000606212
877.551 0.000574046
918.367 0.000543633
959.184 0.000514922
1000 0.000487851
