-1000 0.00110866
-959.184 0.00117454
-918.367 0.00124538
-877.551 0.0013216
-836.735 0.00140367
-795.918 0.0014921
-755.102 0.00158742
-714.286 0.00169025
-673.469 0.00180121
-632.653 0.00192099
-591.837 0.00205033
-551.02 0.00218997
-510.204 0.00234074
-469.388 0.00250343
-428.571 0.00267887
-387.755 0.00286786
-346.939 0.0030711
-306.122 0.00328919
-265.306 0.0035225
-224.49 0.00377109
-183.673 0.00403451
-142.857 0.00431161
-102.041 0.0046002
-61.2245 0.00489666
-20.4082 0.00519533
20.4082 0.00548771
61.2245 0.0057614
102.041 0.00599859
142.857 0.00617412
183.673 0.00625276
224.49 0.00618583
265.306 0.00590689
306.122 0.00532676
346.939 0.00432851
387.755 0.00276453
428.571 0.000459624
469.388 -0.00277176
510.204 -0.00708205
551.02 -0.0125071
591.837 -0.0188406
632.653 -0.0255029
673.469 -0.0315017
714.286 -0.0356164
755.102 -0.0368343
795.918 -0.0348284
836.735 -0.0301304
877.551 -0.0238544
918.367 -0.0171964
959.184 -0.0110521
1000 -0.00589832
