-1000 -0.00323352
-959.184 -0.00378928
-918.367 -0.00433502
-877.551 -0.00485306
-836.735 -0.00532474
-795.918 -0.0057315
-755.102 -0.0060562
-714.286 -0.00628443
-673.469 -0.00640567
-632.653 -0.0064142
-591.837 -0.00630963
-551.02 -0.00609689
-510.204 -0.00578583
-469.388 -0.00539034
-428.571 -0.00492723
-387.755 -0.00441494
-346.939 -0.00387219
-306.122 -0.00331688
-265.306 -0.0027651
-224.49 -0.00223054
-183.673 -0.00172412
-142.857 -0.00125393
-102.041 -0.000825338
-61.2245 -0.000441294
-20.4082 -0.000102718
20.4082 0.000191104
61.2245 0.000442109
102.041 0.000653087
142.857 0.000827365
183.673 0.000968547
224.49 0.00108031
265.306 0.00116626
306.122 0.00122982
346.939 0.00127417
387.755 0.00130222
428.571 0.00131657
469.388 0.00131953
510.204 0.00131312
551.02 0.00129909
591.837 0.00127897
632.653 0.00125404
673.469 0.0012254
714.286 0.00119397
755.102 0.00116053
795.918 0.00112572
836.735 0.00109007
877.551 0.00105402
918.367 0.00101792
959.184 0.000982064
1000 0.000946669
