-1000 0.00173196
-959.184 0.00184072
-918.367 0.00195597
-877.551 0.00207767
-836.735 0.00220552
-795.918 0.00233901
-755.102 0.00247721
-714.286 0.00261873
-673.469 0.00276149
-632.653 0.00290255
-591.837 0.00303782
-551.02 0.00316168
-510.204 0.00326659
-469.388 0.00334252
-428.571 0.00337631
-387.755 0.00335089
-346.939 0.00324443
-306.122 0.00302957
-265.306 0.00267265
-224.49 0.00213359
-183.673 0.00136664
-142.857 0.000322914
-102.041 -0.00104414
-61.2245 -0.00276916
-20.4082 -0.0048602
20.4082 -0.0072792
61.2245 -0.00992132
102.041 -0.0126008
142.857 -0.0150554
183.673 -0.0169814
224.49 -0.0180984
265.306 -0.018227
306.122 -0.0173458
346.939 -0.0155984
387.755 -0.013247
428.571 -0.0105968
469.388 -0.00792464
510.204 -0.005437
551.02 -0.00325814
591.837 -0.00144093
632.653 1.3114e-05
673.469 0.00113357
714.286 0.00196511
755.102 0.00255666
795.918 0.00295511
836.735 0.00320208
877.551 0.00333284
918.367 0.00337627
959.184 0.00335552
1000 0.00328874
