-1000 -0.00199747
-959.184 -0.00218781
-918.367 -0.00235567
-877.551 -0.00249494
-836.735 -0.00260026
-795.918 -0.00266743
-755.102 -0.00269367
-714.286 -0.0026779
-673.469 -0.00262077
-632.653 -0.00252464
-591.837 -0.00239339
-551.02 -0.00223213
-510.204 -0.00204681
-469.388 -0.00184387
-428.571 -0.00162981
-387.755 -0.00141084
-346.939 -0.00119262
-306.122 -0.000980018
-265.306 -0.000777042
-224.49 -0.000586758
-183.673 -0.000411331
-142.857 -0.000252101
-102.041 -0.000109688
-61.2245 1.5888e-05
-20.4082 0.000125077
20.4082 0.000218682
61.2245 0.000297749
102.041 0.000363474
142.857 0.000417128
183.673 0.00046
224.49 0.000493349
265.306 0.000518374
306.122 0.000536194
346.939 0.000547837
387.755 0.000554233
428.571 0.000556211
469.388 0.000554509
510.204 0.000549771
551.02 0.00054256
591.837 0.000533362
632.653 0.000522594
673.469 0.000510612
714.286 0.000497719
755.102 0.000484169
795.918 0.000470176
836.735 0.000455918
877.551 0.000441541
918.367 0.000427168
959.184 0.000412895
1000 0.000398801
