-1000 0.00106342
-959.184 0.000830463
-918.367 0.00054988
-877.551 0.000217728
-836.735 -0.00016915
-795.918 -0.000612715
-755.102 -0.00111328
-714.286 -0.00166905
-673.469 -0.00227563
-632.653 -0.00292566
-591.837 -0.00360854
-551.02 -0.00431037
-510.204 -0.00501415
-469.388 -0.00570026
-428.571 -0.00634729
-387.755 -0.00693307
-346.939 -0.00743602
-306.122 -0.00783649
-265.306 -0.00811814
-224.49 -0.00826912
-183.673 -0.00828297
-142.857 -0.00815908
-102.041 -0.00790277
-61.2245 -0.00752489
-20.4082 -0.00704095
20.4082 -0.00647005
61.2245 -0.0058335
102.041 -0.00515345
142.857 -0.00445156
183.673 -0.00374789
224.49 -0.00306
265.306 -0.00240245
306.122 -0.00178649
346.939 -0.00122012
387.755 -0.000708293
428.571 -0.000253291
469.388 0.000144813
510.204 0.00048769
551.02 0.000778291
591.837 0.00102043
632.653 0.00121845
673.469 0.00137691
714.286 0.00150038
755.102 0.00159329
795.918 0.00165982
836.735 0.00170381
877.551 0.00172875
918.367 0.00173775
959.184 0.00173357
1000 0.00171862
