-1000 0.000364617
-959.184 0.00038512
-918.367 0.000407085
-877.551 0.000430631
-836.735 0.000455888
-795.918 0.000482995
-755.102 0.000512103
-714.286 0.000543374
-673.469 0.00057698
-632.653 0.000613104
-591.837 0.00065194
-551.02 0.00069369
-510.204 0.000738562
-469.388 0.000786764
-428.571 0.000838503
-387.755 0.000893975
-346.939 0.000953352
-306.122 0.00101677
-265.306 0.00108429
-224.49 0.00115592
-183.673 0.0012315
-142.857 0.00131071
-102.041 0.00139298
-61.2245 0.0014774
-20.4082 0.00156258
20.4082 0.00164656
61.2245 0.00172653
102.041 0.00179865
142.857 0.00185775
183.673 0.00189696
224.49 0.00190735
265.306 0.00187755
306.122 0.00179339
346.939 0.00163776
387.755 0.00139076
428.571 0.00103048
469.388 0.000534578
510.204 -0.00011682
551.02 -0.00093688
591.837 -0.00192643
632.653 -0.00306759
673.469 -0.00431815
714.286 -0.00560868
755.102 -0.00684497
795.918 -0.00791725
836.735 -0.0087161
877.551 -0.00915197
918.367 -0.0091732
959.184 -0.00877723
1000 -0.00801114
