-1000 0.0027599
-959.184 0.0027948
-918.367 0.00277905
-877.551 0.00269426
-836.735 0.00251818
-795.918 0.00222477
-755.102 0.00178513
-714.286 0.00116939
-673.469 0.000350028
-632.653 -0.000693065
-591.837 -0.00196605
-551.02 -0.00345375
-510.204 -0.00511296
-469.388 -0.00686871
-428.571 -0.00861582
-387.755 -0.0102272
-346.939 -0.0115685
-306.122 -0.0125171
-265.306 -0.0129811
-224.49 -0.0129139
-183.673 -0.0123225
-142.857 -0.0112655
-102.041 -0.00984444
-61.2245 -0.00818655
-20.4082 -0.00642601
20.4082 -0.00468563
61.2245 -0.00306353
102.041 -0.00162665
142.857 -0.000410672
183.673 0.00057524
224.49 0.00134142
265.306 0.00191039
306.122 0.00231066
346.939 0.00257212
387.755 0.00272308
428.571 0.00278867
469.388 0.00279019
510.204 0.00274506
551.02 0.00266715
591.837 0.00256728
632.653 0.00245368
673.469 0.00233251
714.286 0.00220832
755.102 0.00208435
795.918 0.00196288
836.735 0.00184547
877.551 0.00173309
918.367 0.00162635
959.184 0.00152553
1000 0.00143071
