-1000 0.00188236
-959.184 0.00201759
-918.367 0.00216582
-877.551 0.00232864
-836.735 0.00250783
-795.918 0.00270547
-755.102 0.00292395
-714.286 0.00316603
-673.469 0.00343489
-632.653 0.00373427
-591.837 0.00406852
-551.02 0.00444272
-510.204 0.0048629
-469.388 0.00533613
-428.571 0.00587086
-387.755 0.00647714
-346.939 0.00716705
-306.122 0.00795515
-265.306 0.00885915
-224.49 0.00990069
-183.673 0.0111065
-142.857 0.0125097
-102.041 0.0141521
-61.2245 0.0160867
-20.4082 0.018382
20.4082 0.0211275
61.2245 0.0244428
102.041 0.0284907
142.857 0.0334988
183.673 0.0397947
224.49 0.0478661
265.306 0.058469
306.122 0.0728303
346.939 0.0930569
387.755 0.123021
428.571 0.170473
469.388 0.252668
510.204 0.412445
551.02 0.750584
591.837 1.09382
632.653 -3.94171
673.469 -2.45618
714.286 1.11664
755.102 0.683387
795.918 0.380403
836.735 0.236913
877.551 0.161733
918.367 0.117668
959.184 0.0895259
1000 0.0703677
