-1000 0.00180384
-959.184 0.00194629
-918.367 0.00210418
-877.551 0.00227966
-836.735 0.00247525
-795.918 0.00269392
-755.102 0.00293919
-714.286 0.00321522
-673.469 0.003527
-632.653 0.00388052
-591.837 0.004283
-551.02 0.00474322
-510.204 0.00527192
-469.388 0.0058823
-428.571 0.00659075
-387.755 0.0074177
-346.939 0.0083889
-306.122 0.00953704
-265.306 0.010904
-224.49 0.0125437
-183.673 0.0145269
-142.857 0.0169462
-102.041 0.0199249
-61.2245 0.0236277
-20.4082 0.0282756
20.4082 0.0341649
61.2245 0.0416869
102.041 0.0513375
142.857 0.0636784
183.673 0.0791369
224.49 0.0973349
265.306 0.115198
306.122 0.122597
346.939 0.0965501
387.755 0.010507
428.571 -0.109427
469.388 -0.172298
510.204 -0.18039
551.02 -0.180019
591.837 -0.161953
632.653 -0.161386
673.469 -0.160395
714.286 -0.164343
755.102 -0.181432
795.918 -0.17973
836.735 -0.16816
877.551 -0.0930017
918.367 0.0273199
959.184 0.10383
1000 0.122893
