-1000 0.00136711
-959.184 0.00145561
-918.367 0.00155179
-877.551 0.00165648
-836.735 0.00177064
-795.918 0.00189534
-755.102 0.0020318
-714.286 0.00218142
-673.469 0.00234579
-632.653 0.00252673
-591.837 0.00272634
-551.02 0.00294705
-510.204 0.00319165
-469.388 0.00346339
-428.571 0.00376605
-387.755 0.00410405
-346.939 0.00448256
-306.122 0.00490771
-265.306 0.00538669
-224.49 0.00592809
-183.673 0.00654215
-142.857 0.00724118
-102.041 0.00804002
-61.2245 0.00895672
-20.4082 0.0100134
20.4082 0.0112373
61.2245 0.0126624
102.041 0.0143314
142.857 0.0162987
183.673 0.0186346
224.49 0.0214311
265.306 0.0248115
306.122 0.0289438
346.939 0.0340639
387.755 0.040512
428.571 0.0487969
469.388 0.05971
510.204 0.0745432
551.02 0.095528
591.837 0.126797
632.653 0.176705
673.469 0.264065
714.286 0.435953
755.102 0.798541
795.918 1.03063
836.735 -4.92443
877.551 -1.57056
918.367 1.10002
959.184 0.642009
1000 0.360983
