-1000 0.0409568
-959.184 0.0391577
-918.367 0.0265365
-877.551 -0.0117243
-836.735 -0.0984519
-795.918 -0.232973
-755.102 -0.323525
-714.286 -0.265479
-673.469 -0.12922
-632.653 -0.0279984
-591.837 0.0201894
-551.02 0.0374228
-510.204 0.0410567
-469.388 0.0394631
-428.571 0.0361378
-387.755 0.0324629
-346.939 0.0289565
-306.122 0.0257883
-265.306 0.0229896
-224.49 0.0205391
-183.673 0.018399
-142.857 0.0165284
-102.041 0.0148899
-61.2245 0.0134504
-20.4082 0.0121817
20.4082 0.01106
61.2245 0.0100651
102.041 0.00918003
142.857 0.00839052
183.673 0.00768436
224.49 0.00705117
265.306 0.00648209
306.122 0.00596948
346.939 0.00550677
387.755 0.00508826
428.571 0.00470901
469.388 0.00436469
510.204 0.00405153
551.02 0.00376623
591.837 0.00350588
632.653 0.00326792
673.469 0.00305009
714.286 0.00285038
755.102 0.00266702
795.918 0.00249843
836.735 0.00234321
877.551 0.00220011
918.367 0.002068
959.184 0.00194589
1000 0.00183287
