-1000 0.000487851
-959.184 0.000514922
-918.367 0.000543633
-877.551 0.000574046
-836.735 0.000606212
-795.918 0.000640165
-755.102 0.000675915
-714.286 0.000713436
-673.469 0.000752659
-632.653 0.000793453
-591.837 0.000835609
-551.02 0.000878812
-510.204 0.000922617
-469.388 0.000966403
-428.571 0.00100934
-387.755 0.00105031
-346.939 0.00108788
-306.122 0.00112016
-265.306 0.0011448
-224.49 0.00115879
-183.673 0.00115844
-142.857 0.00113923
-102.041 0.00109572
-61.2245 0.00102157
-20.4082 0.000909484
20.4082 0.000751458
61.2245 0.00053906
102.041 0.000264044
142.857 -8.07585e-05
183.673 -0.000500198
224.49 -0.000995245
265.306 -0.00156123
306.122 -0.00218613
346.939 -0.00284934
387.755 -0.00352136
428.571 -0.00416492
469.388 -0.00473788
510.204 -0.00519772
551.02 -0.00550703
591.837 -0.00563911
632.653 -0.00558216
673.469 -0.00534129
714.286 -0.00493766
755.102 -0.004405
795.918 -0.00378449
836.735 -0.00311903
877.551 -0.00244828
918.367 -0.00180507
959.184 -0.00121362
1000 -0.00068926
