-1000 0.000504569
-959.184 0.000436778
-918.367 0.000349393
-877.551 0.000239696
-836.735 0.000105071
-795.918 -5.67685e-05
-755.102 -0.000247503
-714.286 -0.000467846
-673.469 -0.000717135
-632.653 -0.000992901
-591.837 -0.00129046
-551.02 -0.00160263
-510.204 -0.00191963
-469.388 -0.00222926
-428.571 -0.00251755
-387.755 -0.00276966
-346.939 -0.00297124
-306.122 -0.0031099
-265.306 -0.00317665
-224.49 -0.00316703
-183.673 -0.00308169
-142.857 -0.00292631
-102.041 -0.00271083
-61.2245 -0.00244829
-20.4082 -0.00215328
20.4082 -0.00184055
61.2245 -0.00152371
102.041 -0.00121438
142.857 -0.000921693
183.673 -0.0006522
224.49 -0.000409993
265.306 -0.000197051
306.122 -1.36517e-05
346.939 0.000141197
387.755 0.000269358
428.571 0.000373225
469.388 0.000455456
510.204 0.000518772
551.02 0.000565814
591.837 0.000599056
632.653 0.000620751
673.469 0.000632904
714.286 0.000637273
755.102 0.000635376
795.918 0.000628506
836.735 0.000617757
877.551 0.000604042
918.367 0.000588118
959.184 0.000570607
1000 0.000552018
