-1000 0.00184663
-959.184 0.00199502
-918.367 0.00215987
-877.551 0.00234354
-836.735 0.00254882
-795.918 0.00277902
-755.102 0.00303806
-714.286 0.00333065
-673.469 0.00366247
-632.653 0.00404038
-591.837 0.00447277
-551.02 0.00496994
-510.204 0.00554465
-469.388 0.00621285
-428.571 0.00699462
-387.755 0.00791554
-346.939 0.00900855
-306.122 0.0103165
-265.306 0.0118961
-224.49 0.0138232
-183.673 0.0162009
-142.857 0.0191724
-102.041 0.0229405
-61.2245 0.0277988
-20.4082 0.0341844
20.4082 0.042769
61.2245 0.0546216
102.041 0.0715194
142.857 0.0965695
183.673 0.135543
224.49 0.199959
265.306 0.314775
306.122 0.538404
346.939 1.00344
387.755 1.69688
428.571 -1.90109
469.388 -1.74012
510.204 2.32892
551.02 -4.53705
591.837 2.7292
632.653 -1.6494
673.469 -0.133069
714.286 2.11051
755.102 -4.26831
795.918 2.67362
836.735 -3.33587
877.551 -0.614359
918.367 1.62757
959.184 0.910797
1000 0.493836
