-1000 0.000641153
-959.184 0.000687714
-918.367 0.000738796
-877.551 0.000794947
-836.735 0.000856792
-795.918 0.000925053
-755.102 0.00100056
-714.286 0.00108426
-673.469 0.00117725
-632.653 0.00128083
-591.837 0.00139646
-551.02 0.00152586
-510.204 0.00167106
-469.388 0.00183438
-428.571 0.00201858
-387.755 0.00222685
-346.939 0.00246294
-306.122 0.00273122
-265.306 0.00303681
-224.49 0.00338561
-183.673 0.00378445
-142.857 0.00424106
-102.041 0.00476408
-61.2245 0.00536279
-20.4082 0.00604663
20.4082 0.00682411
61.2245 0.00770071
102.041 0.00867525
142.857 0.00973328
183.673 0.0108358
224.49 0.0119
265.306 0.0127683
306.122 0.0131587
346.939 0.0125937
387.755 0.0103131
428.571 0.00521617
469.388 -0.00402608
510.204 -0.0183936
551.02 -0.037158
591.837 -0.0561895
632.653 -0.0681933
673.469 -0.0671346
714.286 -0.0535876
755.102 -0.0341797
795.918 -0.0159091
836.735 -0.00232623
877.551 0.00621206
918.367 0.010804
959.184 0.0127655
1000 0.0131466
