-1000 0.00560503
-959.184 0.00627327
-918.367 0.00704588
-877.551 0.00794206
-836.735 0.00898459
-795.918 0.0102001
-755.102 0.0116192
-714.286 0.0132756
-673.469 0.0152035
-632.653 0.0174324
-591.837 0.0199754
-551.02 0.0228058
-510.204 0.0258154
-469.388 0.0287398
-428.571 0.0310381
-387.755 0.0317292
-346.939 0.0292476
-306.122 0.0215327
-265.306 0.00676466
-224.49 -0.015028
-183.673 -0.0405182
-142.857 -0.0641736
-102.041 -0.0818655
-61.2245 -0.0926962
-20.4082 -0.0975994
20.4082 -0.0975994
61.2245 -0.0926962
102.041 -0.0818655
142.857 -0.0641736
183.673 -0.0405182
224.49 -0.015028
265.306 0.00676466
306.122 0.0215327
346.939 0.0292476
387.755 0.0317292
428.571 0.0310381
469.388 0.0287398
510.204 0.0258154
551.02 0.0228058
591.837 0.0199754
632.653 0.0174324
673.469 0.0152035
714.286 0.0132756
755.102 0.0116192
795.918 0.0102001
836.735 0.00898459
877.551 0.00794206
918.367 0.00704588
959.184 0.00627327
1000 0.00560503
