-1000 0.000293534
-959.184 0.000305982
-918.367 0.000318894
-877.551 0.000332256
-836.735 0.000346045
-795.918 0.000360226
-755.102 0.000374752
-714.286 0.000389557
-673.469 0.000404557
-632.653 0.000419641
-591.837 0.00043467
-551.02 0.000449469
-510.204 0.000463821
-469.388 0.00047746
-428.571 0.000490058
-387.755 0.000501221
-346.939 0.000510473
-306.122 0.000517248
-265.306 0.000520873
-224.49 0.00052056
-183.673 0.00051539
-142.857 0.000504303
-102.041 0.000486094
-61.2245 0.000459409
-20.4082 0.000422753
20.4082 0.000374507
61.2245 0.000312967
102.041 0.000236395
142.857 0.000143109
183.673 3.15845e-05
224.49 -9.939e-05
265.306 -0.000250542
306.122 -0.000421905
346.939 -0.000612603
387.755 -0.000820627
428.571 -0.00104266
469.388 -0.00127394
510.204 -0.00150828
551.02 -0.0017382
591.837 -0.00195521
632.653 -0.00215033
673.469 -0.00231469
714.286 -0.00244025
755.102 -0.00252053
795.918 -0.00255125
836.735 -0.00253073
877.551 -0.0024601
918.367 -0.00234314
959.184 -0.00218594
1000 -0.00199628
