-1000 0.00142633
-959.184 0.00149351
-918.367 0.0015632
-877.551 0.00163521
-836.735 0.00170926
-795.918 0.00178495
-755.102 0.00186173
-714.286 0.00193887
-673.469 0.00201544
-632.653 0.00209022
-591.837 0.00216171
-551.02 0.00222799
-510.204 0.00228674
-469.388 0.00233509
-428.571 0.00236961
-387.755 0.00238619
-346.939 0.00238004
-306.122 0.00234559
-265.306 0.00227653
-224.49 0.00216589
-183.673 0.00200611
-142.857 0.00178934
-102.041 0.00150777
-61.2245 0.00115415
-20.4082 0.000722414
20.4082 0.000208456
61.2245 -0.000389066
102.041 -0.00106792
142.857 -0.00182163
183.673 -0.00263913
224.49 -0.00350468
265.306 -0.0043984
306.122 -0.00529711
346.939 -0.00617563
387.755 -0.00700825
428.571 -0.00777016
469.388 -0.00843879
510.204 -0.00899471
551.02 -0.00942226
591.837 -0.00970978
632.653 -0.00984966
673.469 -0.00983827
714.286 -0.00967592
755.102 -0.00936682
795.918 -0.00891917
836.735 -0.00834525
877.551 -0.0076613
918.367 -0.00688728
959.184 -0.00604616
1000 -0.00516296
