-1000 -0.200327
-959.184 -0.300963
-918.367 -0.257941
-877.551 -0.124382
-836.735 -0.0195511
-795.918 0.0304658
-755.102 0.0470516
-714.286 0.0488257
-673.469 0.0450538
-632.653 0.0396609
-591.837 0.0341999
-551.02 0.0292348
-510.204 0.024923
-469.388 0.0212589
-428.571 0.018177
-387.755 0.0155956
-346.939 0.0134347
-306.122 0.0116234
-265.306 0.0101012
-224.49 0.00881737
-183.673 0.00773049
-142.857 0.00680652
-102.041 0.00601769
-61.2245 0.00534136
-20.4082 0.00475903
20.4082 0.00425554
61.2245 0.00381847
102.041 0.00343757
142.857 0.00310435
183.673 0.00281179
224.49 0.00255403
265.306 0.00232616
306.122 0.00212407
346.939 0.00194429
387.755 0.00178387
428.571 0.00164034
469.388 0.00151155
510.204 0.0013957
551.02 0.00129123
591.837 0.00119678
632.653 0.00111121
673.469 0.00103351
714.286 0.000962798
755.102 0.000898324
795.918 0.00083942
836.735 0.000785502
877.551 0.000736061
918.367 0.000690644
959.184 0.000648856
1000 0.000610343
