-1000 0.000439938
-959.184 0.00047459
-918.367 0.000512817
-877.551 0.000555066
-836.735 0.000601844
-795.918 0.000653733
-755.102 0.000711394
-714.286 0.000775582
-673.469 0.000847155
-632.653 0.000927085
-591.837 0.00101647
-551.02 0.00111654
-510.204 0.00122866
-469.388 0.0013543
-428.571 0.00149504
-387.755 0.00165249
-346.939 0.00182815
-306.122 0.00202324
-265.306 0.00223835
-224.49 0.00247292
-183.673 0.00272431
-142.857 0.0029865
-102.041 0.00324799
-61.2245 0.0034887
-20.4082 0.00367552
20.4082 0.0037563
61.2245 0.00365248
102.041 0.00325179
142.857 0.00240515
183.673 0.000936222
224.49 -0.00132224
265.306 -0.00444979
306.122 -0.00831648
346.939 -0.0124621
387.755 -0.0160842
428.571 -0.0182497
469.388 -0.0183057
510.204 -0.0162344
551.02 -0.0126635
591.837 -0.00852256
632.653 -0.0046279
673.469 -0.00145798
714.286 0.000843239
755.102 0.002348
795.918 0.00322144
836.735 0.00364059
877.551 0.00375628
918.367 0.00368261
959.184 0.00349966
1000 0.00326073
