-1000 0.000415591
-959.184 0.000449542
-918.367 0.000487273
-877.551 0.000529321
-836.735 0.000576318
-795.918 0.000629008
-755.102 0.000688272
-714.286 0.000755162
-673.469 0.000830933
-632.653 0.000917094
-591.837 0.00101547
-551.02 0.00112828
-510.204 0.00125824
-469.388 0.00140869
-428.571 0.00158378
-387.755 0.00178867
-346.939 0.00202986
-306.122 0.00231561
-265.306 0.00265646
-224.49 0.00306598
-183.673 0.00356187
-142.857 0.00416733
-102.041 0.00491314
-61.2245 0.00584041
-20.4082 0.00700456
20.4082 0.00848073
61.2245 0.010371
102.041 0.0128134
142.857 0.0159906
183.673 0.0201323
224.49 0.0254864
265.306 0.0321957
306.122 0.0398918
346.939 0.0465353
387.755 0.0455472
428.571 0.0207772
469.388 -0.0528121
510.204 -0.170911
551.02 -0.235736
591.837 -0.165096
632.653 -0.047726
673.469 0.0229701
714.286 0.0459759
755.102 0.0463004
795.918 0.0395034
836.735 0.0318298
877.551 0.0251867
918.367 0.0198984
959.184 0.0158109
1000 0.0126755
