-1000 0.0108321
-959.184 0.00944014
-918.367 0.00723612
-877.551 0.00395411
-836.735 -0.0007133
-795.918 -0.00707759
-755.102 -0.0153702
-714.286 -0.0255968
-673.469 -0.0373446
-632.653 -0.0496206
-591.837 -0.0608615
-551.02 -0.0692298
-510.204 -0.0731457
-469.388 -0.0718172
-428.571 -0.0655164
-387.755 -0.0554844
-346.939 -0.0435029
-306.122 -0.0313279
-265.306 -0.0202554
-224.49 -0.0109751
-183.673 -0.0036656
-142.857 0.00181366
-102.041 0.00574836
-61.2245 0.00845508
-20.4082 0.010223
20.4082 0.0112924
61.2245 0.0118526
102.041 0.012048
142.857 0.0119866
183.673 0.0117482
224.49 0.0113914
265.306 0.0109587
306.122 0.0104808
346.939 0.00997994
387.755 0.00947173
428.571 0.00896727
469.388 0.00847415
510.204 0.00799748
551.02 0.0075405
591.837 0.00710515
632.653 0.00669239
673.469 0.00630246
714.286 0.00593516
755.102 0.00558991
795.918 0.00526592
836.735 0.00496227
877.551 0.00467793
918.367 0.00441184
959.184 0.00416293
1000 0.00393015
