-1000 0.000436124
-959.184 0.0001832
-918.367 -0.000102212
-877.551 -0.000419682
-836.735 -0.000767802
-795.918 -0.0011441
-755.102 -0.00154496
-714.286 -0.00196569
-673.469 -0.00240054
-632.653 -0.0028429
-591.837 -0.0032855
-551.02 -0.00372065
-510.204 -0.00414054
-469.388 -0.00453752
-428.571 -0.00490435
-387.755 -0.00523439
-346.939 -0.00552183
-306.122 -0.0057617
-265.306 -0.00594999
-224.49 -0.00608364
-183.673 -0.00616054
-142.857 -0.00617948
-102.041 -0.00614017
-61.2245 -0.00604323
-20.4082 -0.00589016
20.4082 -0.00568342
61.2245 -0.0054264
102.041 -0.00512344
142.857 -0.00477982
183.673 -0.00440165
224.49 -0.0039958
265.306 -0.00356968
306.122 -0.00313104
346.939 -0.00268766
387.755 -0.00224713
428.571 -0.00181651
469.388 -0.00140214
510.204 -0.00100939
551.02 -0.000642605
591.837 -0.000304987
632.653 1.36981e-06
673.469 0.000275414
714.286 0.000517027
755.102 0.000726879
795.918 0.00090628
836.735 0.00105701
877.551 0.0011812
918.367 0.00128117
959.184 0.00135931
1000 0.00141806
