-1000 0.000589019
-959.184 0.000613855
-918.367 0.000638531
-877.551 0.000662658
-836.735 0.000685735
-795.918 0.000707138
-755.102 0.000726082
-714.286 0.000741602
-673.469 0.000752516
-632.653 0.000757394
-591.837 0.000754519
-551.02 0.000741862
-510.204 0.00071705
-469.388 0.000677361
-428.571 0.000619727
-387.755 0.000540782
-346.939 0.00043695
-306.122 0.000304595
-265.306 0.000140258
-224.49 -5.90204e-05
-183.673 -0.000295275
-142.857 -0.000569098
-102.041 -0.000879063
-61.2245 -0.00122114
-20.4082 -0.00158821
20.4082 -0.00196977
61.2245 -0.00235201
102.041 -0.00271833
142.857 -0.00305032
183.673 -0.00332935
224.49 -0.00353831
265.306 -0.0036636
306.122 -0.00369673
346.939 -0.00363542
387.755 -0.00348387
428.571 -0.00325227
469.388 -0.00295545
510.204 -0.00261118
551.02 -0.00223821
591.837 -0.00185454
632.653 -0.00147602
673.469 -0.0011155
714.286 -0.000782462
755.102 -0.000483046
795.918 -0.000220447
836.735 4.57612e-06
877.551 0.000193107
918.367 0.000347509
959.184 0.00047093
1000 0.000566913
