-1000 0.000404981
-959.184 -9.07846e-05
-918.367 -0.000711338
-877.551 -0.00146074
-836.735 -0.00233157
-795.918 -0.00330031
-755.102 -0.00432385
-714.286 -0.00533854
-673.469 -0.00626404
-632.653 -0.00701275
-591.837 -0.00750409
-551.02 -0.00768059
-510.204 -0.00752073
-469.388 -0.00704403
-428.571 -0.0063064
-387.755 -0.00538765
-346.939 -0.0043754
-306.122 -0.00335064
-265.306 -0.00237795
-224.49 -0.00150152
-183.673 -0.000745756
-142.857 -0.000118779
-102.041 0.000383003
-61.2245 0.000770518
-20.4082 0.00105844
20.4082 0.00126263
61.2245 0.00139844
102.041 0.00147981
142.857 0.00151879
183.673 0.00152553
224.49 0.00150832
265.306 0.00147379
306.122 0.00142717
346.939 0.00137253
387.755 0.00131298
428.571 0.00125086
469.388 0.00118791
510.204 0.0011254
551.02 0.00106424
591.837 0.00100503
632.653 0.000948203
673.469 0.000894003
714.286 0.000842564
755.102 0.000793932
795.918 0.00074809
836.735 0.000704977
877.551 0.000664501
918.367 0.000626551
959.184 0.000591003
1000 0.000557728
