-1000 0.000763401
-959.184 0.000822032
-918.367 0.000886669
-877.551 0.00095808
-836.735 0.00103714
-795.918 0.00112488
-755.102 0.00122247
-714.286 0.00133127
-673.469 0.00145287
-632.653 0.00158912
-591.837 0.00174216
-551.02 0.00191451
-510.204 0.00210911
-469.388 0.0023294
-428.571 0.00257939
-387.755 0.00286379
-346.939 0.00318804
-306.122 0.00355846
-265.306 0.00398228
-224.49 0.00446766
-183.673 0.00502356
-142.857 0.00565944
-102.041 0.00638448
-61.2245 0.00720617
-20.4082 0.00812759
20.4082 0.00914263
61.2245 0.0102275
102.041 0.0113266
142.857 0.0123282
183.673 0.0130262
224.49 0.0130607
265.306 0.0118376
306.122 0.00844557
346.939 0.0016481
387.755 -0.0098404
428.571 -0.026447
469.388 -0.0460813
510.204 -0.0629256
551.02 -0.0694854
591.837 -0.062271
632.653 -0.0451033
673.469 -0.0255128
714.286 -0.00914095
755.102 0.00208998
795.918 0.00868474
836.735 0.0119413
877.551 0.0130827
918.367 0.0130033
959.184 0.0122832
1000 0.0112727
