-1000 -0.0270769
-959.184 -0.0350662
-918.367 -0.0425827
-877.551 -0.049237
-836.735 -0.054738
-795.918 -0.0589019
-755.102 -0.0616332
-714.286 -0.062893
-673.469 -0.0626705
-632.653 -0.0609673
-591.837 -0.0578002
-551.02 -0.0532217
-510.204 -0.0473507
-469.388 -0.0404022
-428.571 -0.0326993
-387.755 -0.0246542
-346.939 -0.0167158
-306.122 -0.00930067
-265.306 -0.0027298
-224.49 0.00280459
-183.673 0.0072393
-142.857 0.010615
-102.041 0.0130403
-61.2245 0.014658
-20.4082 0.015619
20.4082 0.0160653
61.2245 0.0161218
102.041 0.0158927
142.857 0.0154619
183.673 0.0148953
224.49 0.0142433
265.306 0.0135435
306.122 0.0128237
346.939 0.0121038
387.755 0.0113976
428.571 0.0107146
469.388 0.0100608
510.204 0.00943977
551.02 0.00885333
591.837 0.00830198
632.653 0.00778533
673.469 0.00730241
714.286 0.00685184
755.102 0.006432
795.918 0.00604115
836.735 0.0056775
877.551 0.00533925
918.367 0.00502465
959.184 0.00473203
1000 0.00445977
