-1000 0.0120023
-959.184 0.0139893
-918.367 0.0164362
-877.551 0.0194828
-836.735 0.0233225
-795.918 0.0282273
-755.102 0.0345878
-714.286 0.0429766
-673.469 0.0542538
-632.653 0.0697464
-591.837 0.0915685
-551.02 0.123217
-510.204 0.17076
-469.388 0.245449
-428.571 0.370205
-387.755 0.597455
-346.939 1.04328
-306.122 1.49261
-265.306 -3.73529
-224.49 -0.810029
-183.673 0.756226
-142.857 -5.33267
-102.041 1.29422
-61.2245 1.16815
-20.4082 0.664148
20.4082 0.404882
61.2245 0.26532
102.041 0.183025
142.857 0.131193
183.673 0.0969655
224.49 0.0735176
265.306 0.0569614
306.122 0.0449667
346.939 0.0360808
387.755 0.0293677
428.571 0.0242077
469.388 0.0201799
510.204 0.0169923
551.02 0.014438
591.837 0.0123682
632.653 0.0106739
673.469 0.00927402
714.286 0.00810759
755.102 0.00712808
795.918 0.00629965
836.735 0.00559436
877.551 0.00499022
918.367 0.00446979
959.184 0.00401909
1000 0.00362685
