-1000 0.00165563
-959.184 0.00172353
-918.367 0.00176298
-877.551 0.00175795
-836.735 0.00168693
-795.918 0.00152212
-755.102 0.00122935
-714.286 0.000769527
-673.469 0.000102976
-632.653 -0.000802106
-591.837 -0.001956
-551.02 -0.0033297
-510.204 -0.0048376
-469.388 -0.00633005
-428.571 -0.00760721
-387.755 -0.00846017
-346.939 -0.00873096
-306.122 -0.00836645
-265.306 -0.00743784
-224.49 -0.00611466
-183.673 -0.00460804
-142.857 -0.00311227
-102.041 -0.00176763
-61.2245 -0.000650381
-20.4082 0.000217553
20.4082 0.000850746
61.2245 0.00128292
102.041 0.0015541
142.857 0.00170281
183.673 0.00176232
224.49 0.00175945
265.306 0.00171483
306.122 0.00164376
346.939 0.00155727
387.755 0.00146309
428.571 0.00136651
469.388 0.00127103
510.204 0.00117888
551.02 0.00109139
591.837 0.00100928
632.653 0.000932839
673.469 0.000862095
714.286 0.000796895
755.102 0.000736976
795.918 0.00068202
836.735 0.000631677
877.551 0.000585591
918.367 0.000543413
959.184 0.000504808
1000 0.000469463
