-1000 1.61185
-959.184 -4.66851
-918.367 0.930348
-877.551 0.441391
-836.735 -2.83602
-795.918 2.88827
-755.102 -4.18612
-714.286 2.14549
-673.469 -0.121876
-632.653 -1.64102
-591.837 2.7605
-551.02 -4.46626
-510.204 2.51685
-469.388 -1.29961
-428.571 -0.930376
-387.755 1.83604
-346.939 -5.38184
-306.122 1.33774
-265.306 1.42075
-224.49 0.842917
-183.673 0.533705
-142.857 0.362921
-102.041 0.259506
-61.2245 0.19257
-20.4082 0.147133
20.4082 0.115139
61.2245 0.0919287
102.041 0.074661
142.857 0.0615342
183.673 0.0513668
224.49 0.0433612
265.306 0.0369659
306.122 0.031791
346.939 0.0275554
387.755 0.0240527
428.571 0.0211292
469.388 0.0186684
510.204 0.0165813
551.02 0.0147987
591.837 0.0132664
632.653 0.0119414
673.469 0.0107895
714.286 0.00978305
755.102 0.0088995
795.918 0.00812048
836.735 0.00743082
877.551 0.00681795
918.367 0.00627137
959.184 0.00578228
1000 0.00534324
