-1000 0.000610343
-959.184 0.000648856
-918.367 0.000690644
-877.551 0.000736061
-836.735 0.000785502
-795.918 0.00083942
-755.102 0.000898324
-714.286 0.000962798
-673.469 0.00103351
-632.653 0.00111121
-591.837 0.00119678
-551.02 0.00129123
-510.204 0.0013957
-469.388 0.00151155
-428.571 0.00164034
-387.755 0.00178387
-346.939 0.00194429
-306.122 0.00212407
-265.306 0.00232616
-224.49 0.00255403
-183.673 0.00281179
-142.857 0.00310435
-102.041 0.00343757
-61.2245 0.00381847
-20.4082 0.00425554
20.4082 0.00475903
61.2245 0.00534136
102.041 0.00601769
142.857 0.00680652
183.673 0.00773049
224.49 0.00881737
265.306 0.0101012
306.122 0.0116234
346.939 0.0134347
387.755 0.0155956
428.571 0.018177
469.388 0.0212589
510.204 0.024923
551.02 0.0292348
591.837 0.0341999
632.653 0.0396609
673.469 0.0450538
714.286 0.0488257
755.102 0.0470516
795.918 0.0304658
836.735 -0.0195511
877.551 -0.124382
918.367 -0.257941
959.184 -0.300963
1000 -0.200327
