-1000 -0.000847899
-959.184 -0.00241385
-918.367 -0.00421949
-877.551 -0.00620845
-836.735 -0.00829251
-795.918 -0.0103564
-755.102 -0.0122685
-714.286 -0.0138952
-673.469 -0.0151166
-632.653 -0.0158403
-591.837 -0.0160109
-551.02 -0.015615
-510.204 -0.0146833
-469.388 -0.0132869
-428.571 -0.0115306
-387.755 -0.0095415
-346.939 -0.00745434
-306.122 -0.00539583
-265.306 -0.00347135
-224.49 -0.00175662
-183.673 -0.000295306
-142.857 0.00089798
-102.041 0.00183139
-61.2245 0.00252835
-20.4082 0.0030206
20.4082 0.00334268
61.2245 0.00352813
102.041 0.00360728
142.857 0.00360618
183.673 0.00354638
224.49 0.00344519
265.306 0.00331617
306.122 0.00316972
346.939 0.00301366
387.755 0.00285375
428.571 0.00269415
469.388 0.00253776
510.204 0.00238656
551.02 0.00224184
591.837 0.00210433
632.653 0.00197444
673.469 0.00185225
714.286 0.00173768
755.102 0.00163054
795.918 0.0015305
836.735 0.00143724
877.551 0.00135036
918.367 0.00126947
959.184 0.0011942
1000 0.00112414
