-1000 0.00114753
-959.184 0.00118114
-918.367 0.00121113
-877.551 0.00123618
-836.735 0.00125467
-795.918 0.00126467
-755.102 0.00126387
-714.286 0.00124956
-673.469 0.00121856
-632.653 0.00116725
-591.837 0.0010915
-551.02 0.000986769
-510.204 0.000848097
-469.388 0.000670301
-428.571 0.000448171
-387.755 0.000176794
-346.939 -0.000148004
-306.122 -0.00052909
-265.306 -0.000967338
-224.49 -0.00146086
-183.673 -0.0020042
-142.857 -0.0025877
-102.041 -0.00319695
-61.2245 -0.00381281
-20.4082 -0.00441189
20.4082 -0.00496773
61.2245 -0.00545263
102.041 -0.00584004
142.857 -0.00610719
183.673 -0.0062376
224.49 -0.00622298
265.306 -0.00606428
306.122 -0.00577153
346.939 -0.00536264
387.755 -0.00486136
428.571 -0.00429466
469.388 -0.00369018
510.204 -0.00307389
551.02 -0.00246841
591.837 -0.00189195
632.653 -0.00135793
673.469 -0.00087516
714.286 -0.000448293
755.102 -7.86094e-05
795.918 0.000235224
836.735 0.000496387
877.551 0.000709242
918.367 0.000878793
959.184 0.00101027
1000 0.00110882
