-1000 0.00449826
-959.184 0.00503946
-918.367 0.00566671
-877.551 0.00639673
-836.735 0.00725001
-795.918 0.0082516
-755.102 0.00943224
-714.286 0.0108296
-673.469 0.0124894
-632.653 0.0144672
-591.837 0.0168289
-551.02 0.0196502
-510.204 0.0230134
-469.388 0.0269954
-428.571 0.0316398
-387.755 0.0368897
-346.939 0.0424291
-306.122 0.0473072
-265.306 0.0490367
-224.49 0.0415199
-183.673 0.0111883
-142.857 -0.0646223
-102.041 -0.193376
-61.2245 -0.298857
-20.4082 -0.26342
20.4082 -0.131024
61.2245 -0.0233781
102.041 0.0289587
142.857 0.0466852
183.673 0.0489174
224.49 0.0453006
265.306 0.0399396
306.122 0.0344636
346.939 0.0294679
387.755 0.0251228
428.571 0.0214277
469.388 0.0183186
510.204 0.015714
551.02 0.0135339
591.837 0.0117067
632.653 0.0101712
673.469 0.00887657
714.286 0.00778071
755.102 0.0068493
795.918 0.00605429
836.735 0.0053728
877.551 0.00478616
918.367 0.00427905
959.184 0.00383892
1000 0.00345542
