-1000 -0.0121604
-959.184 -0.0141008
-918.367 -0.0159691
-877.551 -0.0177208
-836.735 -0.0193142
-795.918 -0.0207128
-755.102 -0.0218859
-714.286 -0.022809
-673.469 -0.0234637
-632.653 -0.0238379
-591.837 -0.0239247
-551.02 -0.0237225
-510.204 -0.0232349
-469.388 -0.022471
-428.571 -0.0214454
-387.755 -0.0201788
-346.939 -0.0186983
-306.122 -0.0170369
-265.306 -0.0152334
-224.49 -0.0133307
-183.673 -0.0113743
-142.857 -0.00941
-102.041 -0.00748133
-61.2245 -0.0056276
-20.4082 -0.00388195
20.4082 -0.00227021
61.2245 -0.000810379
102.041 0.000487187
142.857 0.00161907
183.673 0.00258772
224.49 0.00340024
265.306 0.00406706
306.122 0.0046008
346.939 0.00501524
387.755 0.00532451
428.571 0.00554246
469.388 0.00568221
510.204 0.00575591
551.02 0.00577455
591.837 0.00574791
632.653 0.00568458
673.469 0.00559198
714.286 0.0054765
755.102 0.00534354
795.918 0.00519764
836.735 0.0050426
877.551 0.00488156
918.367 0.00471707
959.184 0.00455122
1000 0.00438569
