-1000 0.00123871
-959.184 0.00133709
-918.367 0.00144445
-877.551 0.00156149
-836.735 0.00168882
-795.918 0.00182694
-755.102 0.00197616
-714.286 0.00213644
-673.469 0.00230718
-632.653 0.002487
-591.837 0.0026733
-551.02 0.00286178
-510.204 0.00304566
-469.388 0.00321473
-428.571 0.00335411
-387.755 0.00344267
-346.939 0.00345127
-306.122 0.00334089
-265.306 0.00306133
-224.49 0.00255114
-183.673 0.00174041
-142.857 0.000558406
-102.041 -0.00105197
-61.2245 -0.00311173
-20.4082 -0.0055777
20.4082 -0.00831646
61.2245 -0.0110935
102.041 -0.0135921
142.857 -0.0154685
183.673 -0.0164317
224.49 -0.0163221
265.306 -0.0151584
306.122 -0.0131314
346.939 -0.0105494
387.755 -0.00775673
428.571 -0.00505696
469.388 -0.00266474
510.204 -0.00069388
551.02 0.000827605
591.837 0.00193008
632.653 0.00267491
673.469 0.00313358
714.286 0.00337473
755.102 0.00345766
795.918 0.00343029
836.735 0.00332952
877.551 0.00318274
918.367 0.00300968
959.184 0.0028242
1000 0.0026357
