-1000 0.0427265
-959.184 0.0508005
-918.367 0.0609817
-877.551 0.0740083
-836.735 0.0909715
-795.918 0.113554
-755.102 0.144493
-714.286 0.188561
-673.469 0.254843
-632.653 0.36264
-591.837 0.558062
-551.02 0.949927
-510.204 1.44843
-469.388 -2.86241
-428.571 -1.9114
-387.755 1.17821
-346.939 -5.84837
-306.122 1.00383
-265.306 1.18622
-224.49 0.682457
-183.673 0.426067
-142.857 0.291291
-102.041 0.211659
-61.2245 0.160171
-20.4082 0.124721
20.4082 0.0992076
61.2245 0.0802437
102.041 0.0657996
142.857 0.0545848
183.673 0.0457401
224.49 0.0386722
265.306 0.0329596
306.122 0.0282959
346.939 0.0244541
387.755 0.0212634
428.571 0.0185936
469.388 0.0163443
510.204 0.0144371
551.02 0.0128103
591.837 0.011415
632.653 0.0102121
673.469 0.00916988
714.286 0.00826281
755.102 0.00746993
795.918 0.00677405
836.735 0.00616094
877.551 0.0056188
918.367 0.00513775
959.184 0.00470951
1000 0.0043271
