-1000 0.0602734
-959.184 0.067333
-918.367 0.0753939
-877.551 0.0845907
-836.735 0.0950406
-795.918 0.106789
-755.102 0.119671
-714.286 0.132973
-673.469 0.144607
-632.653 0.149131
-591.837 0.133672
-551.02 0.0735149
-510.204 -0.0550386
-469.388 -0.215793
-428.571 -0.311309
-387.755 -0.346483
-346.939 -0.363914
-306.122 -0.356611
-265.306 -0.361668
-224.49 -0.359392
-183.673 -0.358507
-142.857 -0.36241
-102.041 -0.339304
-61.2245 -0.295932
-20.4082 -0.178287
20.4082 -0.0167197
61.2245 0.0944398
102.041 0.140552
142.857 0.149191
183.673 0.142066
224.49 0.129686
265.306 0.116368
306.122 0.103733
346.939 0.0923061
387.755 0.0821779
428.571 0.0732774
469.388 0.0654794
510.204 0.0586496
551.02 0.0526616
591.837 0.0474024
632.653 0.0427736
673.469 0.0386903
714.286 0.0350797
755.102 0.0318794
795.918 0.0290361
836.735 0.026504
877.551 0.0242438
918.367 0.0222218
959.184 0.0204087
1000 0.0187796
