-1000 -0.00245444
-959.184 -0.00277932
-918.367 -0.00308981
-877.551 -0.00337738
-836.735 -0.00363359
-795.918 -0.00385048
-755.102 -0.00402107
-714.286 -0.00413966
-673.469 -0.00420224
-632.653 -0.00420663
-591.837 -0.0041527
-551.02 -0.00404229
-510.204 -0.00387918
-469.388 -0.00366881
-428.571 -0.00341801
-387.755 -0.00313461
-346.939 -0.00282701
-306.122 -0.00250376
-265.306 -0.00217317
-224.49 -0.00184294
-183.673 -0.00151992
-142.857 -0.00120988
-102.041 -0.000917448
-61.2245 -0.000646061
-20.4082 -0.000398028
20.4082 -0.000174631
61.2245 2.37388e-05
102.041 0.000197425
142.857 0.000347346
183.673 0.000474849
224.49 0.000581564
265.306 0.000669297
306.122 0.000739927
346.939 0.000795331
387.755 0.000837332
428.571 0.000867656
469.388 0.000887907
510.204 0.00089955
551.02 0.000903911
591.837 0.000902171
632.653 0.000895374
673.469 0.000884435
714.286 0.000870149
755.102 0.000853204
795.918 0.000834188
836.735 0.000813601
877.551 0.000791868
918.367 0.000769347
959.184 0.000746334
1000 0.000723079
