-1000 0.000852482
-959.184 0.000909098
-918.367 0.000970563
-877.551 0.00103737
-836.735 0.00111006
-795.918 0.00118924
-755.102 0.00127559
-714.286 0.00136984
-673.469 0.00147281
-632.653 0.00158541
-591.837 0.00170862
-551.02 0.00184351
-510.204 0.00199123
-469.388 0.00215301
-428.571 0.00233012
-387.755 0.00252385
-346.939 0.00273547
-306.122 0.00296611
-265.306 0.00321664
-224.49 0.0034875
-183.673 0.00377836
-142.857 0.00408775
-102.041 0.00441242
-61.2245 0.00474646
-20.4082 0.00508011
20.4082 0.00539796
61.2245 0.00567661
102.041 0.00588142
142.857 0.00596225
183.673 0.00584821
224.49 0.00544166
265.306 0.00461271
306.122 0.00319701
346.939 0.00100272
387.755 -0.00216325
428.571 -0.00643565
469.388 -0.0117867
510.204 -0.0178884
551.02 -0.0240031
591.837 -0.0290271
632.653 -0.0317924
673.469 -0.0315588
714.286 -0.0283912
755.102 -0.0231256
795.918 -0.0169494
836.735 -0.0109239
877.551 -0.00572265
918.367 -0.00161989
959.184 0.00138936
1000 0.00345411
