-1000 0.0010528
-959.184 0.0011258
-918.367 0.00120564
-877.551 0.00129315
-836.735 0.00138924
-795.918 0.00149499
-755.102 0.00161162
-714.286 0.00174055
-673.469 0.00188341
-632.653 0.00204211
-591.837 0.00221886
-551.02 0.00241626
-510.204 0.00263733
-469.388 0.00288563
-428.571 0.00316539
-387.755 0.00348158
-346.939 0.00384012
-306.122 0.00424804
-265.306 0.00471377
-224.49 0.00524737
-183.673 0.0058609
-142.857 0.00656879
-102.041 0.00738833
-61.2245 0.00834011
-20.4082 0.00944841
20.4082 0.0107415
61.2245 0.0122513
102.041 0.0140123
142.857 0.0160577
183.673 0.0184122
224.49 0.0210767
265.306 0.0239984
306.122 0.0270179
346.939 0.0297774
387.755 0.0315811
428.571 0.0312254
469.388 0.0269105
510.204 0.0165329
551.02 -0.00121648
591.837 -0.0250751
632.653 -0.0505021
673.469 -0.0720824
714.286 -0.0869875
755.102 -0.0952988
795.918 -0.0981574
836.735 -0.0962701
877.551 -0.0891447
918.367 -0.075626
959.184 -0.0552681
1000 -0.0302215
