-1000 -0.0246292
-959.184 -0.0303539
-918.367 -0.0335014
-877.551 -0.0333295
-836.735 -0.0298794
-795.918 -0.0239609
-755.102 -0.0168473
-714.286 -0.00982135
-673.469 -0.00380172
-632.653 0.000789518
-591.837 0.00393951
-551.02 0.00586824
-510.204 0.00687334
-469.388 0.00723666
-428.571 0.00718538
-387.755 0.00688584
-346.939 0.00645217
-306.122 0.00595877
-265.306 0.0054519
-224.49 0.00495886
-183.673 0.00449458
-142.857 0.00406621
-102.041 0.00367613
-61.2245 0.00332393
-20.4082 0.00300765
20.4082 0.00272456
61.2245 0.00247164
102.041 0.00224583
142.857 0.00204422
183.673 0.00186411
224.49 0.00170305
265.306 0.00155884
306.122 0.00142952
346.939 0.00131338
387.755 0.00120888
428.571 0.0011147
469.388 0.00102965
510.204 0.000952717
551.02 0.000882994
591.837 0.000819693
632.653 0.000762117
673.469 0.000709657
714.286 0.000661775
755.102 0.000617998
795.918 0.000577908
836.735 0.000541133
877.551 0.000507349
918.367 0.000476262
959.184 0.000447616
1000 0.000421181
