-1000 -0.00326342
-959.184 -0.01109
-918.367 -0.0180009
-877.551 -0.0233686
-836.735 -0.0269878
-795.918 -0.0290017
-755.102 -0.0297415
-714.286 -0.0295817
-673.469 -0.028855
-632.653 -0.02782
-591.837 -0.0266605
-551.02 -0.0254993
-510.204 -0.0244137
-469.388 -0.02345
-428.571 -0.022634
-387.755 -0.021979
-346.939 -0.0214911
-306.122 -0.0211726
-265.306 -0.021024
-224.49 -0.0210452
-183.673 -0.0212363
-142.857 -0.0215973
-102.041 -0.0221272
-61.2245 -0.0228233
-20.4082 -0.0236778
20.4082 -0.0246751
61.2245 -0.0257849
102.041 -0.0269544
142.857 -0.0280964
183.673 -0.0290744
224.49 -0.0296867
265.306 -0.0296552
306.122 -0.0286323
346.939 -0.0262436
387.755 -0.0221896
428.571 -0.0164004
469.388 -0.00918624
510.204 -0.00126972
551.02 0.0063894
591.837 0.0129151
632.653 0.0177822
673.469 0.0208845
714.286 0.0224268
755.102 0.0227615
795.918 0.0222564
836.735 0.0212253
877.551 0.0199049
918.367 0.0184597
959.184 0.0169963
1000 0.0155793
