-1000 0.000961425
-959.184 0.00102594
-918.367 0.0010963
-877.551 0.0011732
-836.735 0.00125739
-795.918 0.00134976
-755.102 0.00145131
-714.286 0.0015632
-673.469 0.00168678
-632.653 0.00182358
-591.837 0.0019754
-551.02 0.00214434
-510.204 0.00233285
-469.388 0.00254381
-428.571 0.0027806
-387.755 0.00304726
-346.939 0.00334856
-306.122 0.00369023
-265.306 0.00407912
-224.49 0.00452354
-183.673 0.00503355
-142.857 0.00562147
-102.041 0.00630241
-61.2245 0.0070951
-20.4082 0.00802283
20.4082 0.0091149
61.2245 0.0104083
102.041 0.0119505
142.857 0.0138024
183.673 0.0160437
224.49 0.0187792
265.306 0.0221497
306.122 0.0263464
346.939 0.0316346
387.755 0.0383917
428.571 0.04717
469.388 0.0588098
510.204 0.0746508
551.02 0.0969622
591.837 0.129889
632.653 0.181751
673.469 0.271263
714.286 0.445324
755.102 0.809857
795.918 1.04339
836.735 -4.91096
877.551 -1.55724
918.367 1.11235
959.184 0.652687
1000 0.369606
