-1000 0.00143476
-959.184 0.00147985
-918.367 0.00151215
-877.551 0.00152623
-836.735 0.00151523
-795.918 0.00147058
-755.102 0.00138186
-714.286 0.00123673
-673.469 0.00102098
-632.653 0.000719122
-591.837 0.000315345
-551.02 -0.000204654
-510.204 -0.000850954
-469.388 -0.00162569
-428.571 -0.00251856
-387.755 -0.00350239
-346.939 -0.00452986
-306.122 -0.00553355
-265.306 -0.00643071
-224.49 -0.00713388
-183.673 -0.00756584
-142.857 -0.00767549
-102.041 -0.00744941
-61.2245 -0.00691507
-20.4082 -0.00613435
20.4082 -0.00518991
61.2245 -0.0041691
102.041 -0.00315022
142.857 -0.00219392
183.673 -0.00134025
224.49 -0.000610033
265.306 -8.67684e-06
306.122 0.000469212
346.939 0.000835567
387.755 0.00110548
428.571 0.0012948
469.388 0.00141866
510.204 0.00149064
551.02 0.00152243
591.837 0.00152377
632.653 0.00150261
673.469 0.00146528
714.286 0.00141677
755.102 0.00136093
795.918 0.0013007
836.735 0.00123829
877.551 0.00117534
918.367 0.00111304
959.184 0.00105222
1000 0.000993465
