-1000 0.000873428
-959.184 0.000926169
-918.367 0.000982986
-877.551 0.00104425
-836.735 0.00111036
-795.918 0.00118176
-755.102 0.00125893
-714.286 0.0013424
-673.469 0.00143273
-632.653 0.00153054
-591.837 0.00163649
-551.02 0.00175128
-510.204 0.00187565
-469.388 0.00201036
-428.571 0.00215622
-387.755 0.00231397
-346.939 0.00248435
-306.122 0.00266797
-265.306 0.0028653
-224.49 0.0030765
-183.673 0.00330131
-142.857 0.00353884
-102.041 0.00378727
-61.2245 0.0040435
-20.4082 0.00430259
20.4082 0.0045571
61.2245 0.00479615
102.041 0.00500433
142.857 0.00516019
183.673 0.00523453
224.49 0.00518855
265.306 0.0049719
306.122 0.00452138
346.939 0.00376094
387.755 0.00260447
428.571 0.000963257
469.388 -0.0012396
510.204 -0.00404627
551.02 -0.00743333
591.837 -0.0112785
632.653 -0.0153368
673.469 -0.0192426
714.286 -0.022552
755.102 -0.024825
795.918 -0.0257284
836.735 -0.025123
877.551 -0.0231024
918.367 -0.019967
959.184 -0.0161436
1000 -0.0120832
