-1000 0.0521962
-959.184 0.0626746
-918.367 0.0743931
-877.551 0.0856715
-836.735 0.0916444
-795.918 0.0803013
-755.102 0.0276773
-714.286 -0.092371
-673.469 -0.252175
-632.653 -0.35025
-591.837 -0.365944
-551.02 -0.323293
-510.204 -0.189576
-469.388 -0.0358498
-428.571 0.0556889
-387.755 0.0881528
-346.939 0.0904367
-306.122 0.0814187
-265.306 0.0696208
-224.49 0.0582952
-183.673 0.0484626
-142.857 0.0402746
-102.041 0.0335765
-61.2245 0.0281325
-20.4082 0.0237101
20.4082 0.0201078
61.2245 0.0171602
102.041 0.0147352
142.857 0.0127282
183.673 0.0110571
224.49 0.00965716
265.306 0.00847747
306.122 0.00747764
346.939 0.00662555
387.755 0.00589555
428.571 0.00526699
469.388 0.00472319
510.204 0.00425058
551.02 0.00383806
591.837 0.00347653
632.653 0.00315845
673.469 0.00287757
714.286 0.00262867
755.102 0.00240737
795.918 0.00220999
836.735 0.00203342
877.551 0.00187501
918.367 0.0017325
959.184 0.00160397
1000 0.00148775
