-1000 0.0427755
-959.184 0.0517484
-918.367 0.0636705
-877.551 0.0800541
-836.735 0.103562
-795.918 0.139248
-755.102 0.197641
-714.286 0.303289
-673.469 0.518489
-632.653 0.951423
-591.837 0.435671
-551.02 -6.67301
-510.204 0.251437
-469.388 0.976732
-428.571 0.534208
-387.755 0.310663
-346.939 0.201495
-306.122 0.141503
-265.306 0.105
-224.49 0.081031
-183.673 0.0643676
-142.857 0.0522649
-102.041 0.0431698
-61.2245 0.036148
-20.4082 0.0306088
20.4082 0.0261619
61.2245 0.0225404
102.041 0.0195554
142.857 0.0170702
183.673 0.0149828
224.49 0.0132163
265.306 0.0117112
306.122 0.0104211
346.939 0.00930936
387.755 0.00834642
428.571 0.00750857
469.388 0.00677645
510.204 0.00613416
551.02 0.00556859
591.837 0.00506882
632.653 0.00462572
673.469 0.00423163
714.286 0.00388008
755.102 0.00356559
795.918 0.00328349
836.735 0.00302979
877.551 0.00280106
918.367 0.00259435
959.184 0.00240713
1000 0.00223718
