-1000 0.000257129
-959.184 0.00027284
-918.367 0.000289726
-877.551 0.000307879
-836.735 0.000327397
-795.918 0.000348382
-755.102 0.00037094
-714.286 0.000395178
-673.469 0.0004212
-632.653 0.000449109
-591.837 0.000478993
-551.02 0.000510924
-510.204 0.000544946
-469.388 0.000581058
-428.571 0.000619199
-387.755 0.00065922
-346.939 0.000700848
-306.122 0.000743647
-265.306 0.000786954
-224.49 0.000829802
-183.673 0.000870831
-142.857 0.000908156
-102.041 0.000939226
-61.2245 0.000960642
-20.4082 0.000967955
20.4082 0.000955457
61.2245 0.000915979
102.041 0.000840763
142.857 0.000719481
183.673 0.000540531
224.49 0.000291772
265.306 -3.80986e-05
306.122 -0.000457347
346.939 -0.000968147
387.755 -0.00156288
428.571 -0.00222047
469.388 -0.00290408
510.204 -0.0035616
551.02 -0.0041306
591.837 -0.00454782
632.653 -0.00476165
673.469 -0.00474398
714.286 -0.00449716
755.102 -0.00405345
795.918 -0.00346702
836.735 -0.00280178
877.551 -0.00211909
918.367 -0.00146897
959.184 -0.000885854
1000 -0.000388585
