-1000 0.000900378
-959.184 0.000966928
-918.367 0.00104022
-877.551 0.00112112
-836.735 0.00121065
-795.918 0.00130999
-755.102 0.00142054
-714.286 0.00154392
-673.469 0.00168204
-632.653 0.0018372
-591.837 0.00201209
-551.02 0.00220999
-510.204 0.0024348
-469.388 0.00269129
-428.571 0.00298524
-387.755 0.00332379
-346.939 0.00371578
-306.122 0.00417221
-265.306 0.00470696
-224.49 0.00533767
-183.673 0.006087
-142.857 0.00698438
-102.041 0.00806851
-61.2245 0.00939098
-20.4082 0.0110216
20.4082 0.0130564
61.2245 0.01563
102.041 0.0189353
142.857 0.0232549
183.673 0.0290149
224.49 0.0368778
265.306 0.0479125
306.122 0.0639194
346.939 0.0880903
387.755 0.126439
428.571 0.191144
469.388 0.308965
510.204 0.543134
551.02 1.0339
591.837 1.66279
632.653 -2.91532
673.469 -0.787152
714.286 1.75865
755.102 -4.47498
795.918 2.54278
836.735 -3.42373
877.551 -0.676164
918.367 1.58245
959.184 0.876865
1000 0.46767
