-1000 -0.0105543
-959.184 -0.0108522
-918.367 -0.0107382
-877.551 -0.0102251
-836.735 -0.00936871
-795.918 -0.00825577
-755.102 -0.00698699
-714.286 -0.00566036
-673.469 -0.00435888
-632.653 -0.00314426
-591.837 -0.00205589
-551.02 -0.00111358
-510.204 -0.000321847
-469.388 0.00032532
-428.571 0.000840396
-387.755 0.0012391
-346.939 0.00153813
-306.122 0.00175371
-265.306 0.00190074
-224.49 0.00199244
-183.673 0.00204014
-142.857 0.00205343
-102.041 0.00204024
-61.2245 0.00200708
-20.4082 0.00195918
20.4082 0.00190076
61.2245 0.00183514
102.041 0.00176494
142.857 0.0016922
183.673 0.00161847
224.49 0.00154494
265.306 0.0014725
306.122 0.00140179
346.939 0.00133327
387.755 0.00126725
428.571 0.00120394
469.388 0.00114343
510.204 0.00108579
551.02 0.00103099
591.837 0.000979005
632.653 0.000929757
673.469 0.000883157
714.286 0.000839105
755.102 0.000797489
795.918 0.000758194
836.735 0.000721105
877.551 0.000686105
918.367 0.000653079
959.184 0.000621918
1000 0.000592513
