-1000 0.0349323
-959.184 0.0498224
-918.367 0.0742982
-877.551 0.117159
-836.735 0.198204
-795.918 0.365325
-755.102 0.730004
-714.286 1.28054
-673.469 -2.16459
-632.653 -3.6381
-591.837 1.27883
-551.02 0.811218
-510.204 0.403581
-469.388 0.215991
-428.571 0.126156
-387.755 0.0792437
-346.939 0.0527375
-306.122 0.0367518
-265.306 0.0265829
-224.49 0.0198241
-183.673 0.0151648
-142.857 0.0118525
-102.041 0.00943542
-61.2245 0.00763133
-20.4082 0.00625814
20.4082 0.00519482
61.2245 0.00435886
102.041 0.00369272
142.857 0.00315545
183.673 0.00271739
224.49 0.00235669
265.306 0.00205702
306.122 0.00180601
346.939 0.00159419
387.755 0.00141421
428.571 0.00126031
469.388 0.00112793
510.204 0.00101344
551.02 0.000913929
591.837 0.00082702
632.653 0.000750782
673.469 0.000683628
714.286 0.000624245
755.102 0.000571541
795.918 0.000524604
836.735 0.000482666
877.551 0.00044508
918.367 0.000411295
959.184 0.000380843
1000 0.000353323
