-1000 0.00468272
-959.184 0.0048442
-918.367 0.0049849
-877.551 0.00509614
-836.735 0.00516747
-795.918 0.00518655
-755.102 0.00513924
-714.286 0.00500988
-673.469 0.0047818
-632.653 0.00443834
-591.837 0.00396419
-551.02 0.00334715
-510.204 0.00258024
-469.388 0.00166375
-428.571 0.000607012
-387.755 -0.000570743
-346.939 -0.00184068
-306.122 -0.0031662
-265.306 -0.00450603
-224.49 -0.00581829
-183.673 -0.00706452
-142.857 -0.00821319
-102.041 -0.00924191
-61.2245 -0.0101381
-20.4082 -0.0108986
20.4082 -0.0115277
61.2245 -0.0120354
102.041 -0.0124352
142.857 -0.012742
183.673 -0.0129703
224.49 -0.0131334
265.306 -0.0132424
306.122 -0.0133055
346.939 -0.0133279
387.755 -0.0133114
428.571 -0.0132547
469.388 -0.013153
510.204 -0.0129986
551.02 -0.0127809
591.837 -0.0124868
632.653 -0.0121019
673.469 -0.0116113
714.286 -0.0110011
755.102 -0.0102608
795.918 -0.00938496
836.735 -0.00837557
877.551 -0.0072437
918.367 -0.00601029
959.184 -0.00470563
1000 -0.0033673
