-1000 0.000731586
-959.184 0.000778106
-918.367 0.000828466
-877.551 0.000883048
-836.735 0.000942274
-795.918 0.00100661
-755.102 0.00107658
-714.286 0.00115277
-673.469 0.0012358
-632.653 0.0013264
-591.837 0.00142534
-551.02 0.00153349
-510.204 0.0016518
-469.388 0.00178129
-428.571 0.00192309
-387.755 0.00207839
-346.939 0.00224844
-306.122 0.00243453
-265.306 0.00263795
-224.49 0.0028599
-183.673 0.0031014
-142.857 0.0033631
-102.041 0.00364506
-61.2245 0.00394639
-20.4082 0.00426473
20.4082 0.0045955
61.2245 0.00493085
102.041 0.00525816
142.857 0.00555798
183.673 0.00580118
224.49 0.0059452
265.306 0.00592919
306.122 0.00566831
346.939 0.00504773
387.755 0.0039185
428.571 0.00209932
469.388 -0.000607348
510.204 -0.00437261
551.02 -0.00925759
591.837 -0.0150868
632.653 -0.0213141
673.469 -0.0269799
714.286 -0.0308908
755.102 -0.0320515
795.918 -0.0301404
836.735 -0.0256807
877.551 -0.0197661
918.367 -0.0135635
959.184 -0.00793556
1000 -0.00332576
