-1000 -0.00482951
-959.184 -0.00574503
-918.367 -0.0066299
-877.551 -0.00746098
-836.735 -0.00821717
-795.918 -0.0088803
-755.102 -0.00943559
-714.286 -0.00987171
-673.469 -0.0101805
-632.653 -0.0103568
-591.837 -0.0103976
-551.02 -0.0103024
-510.204 -0.0100727
-469.388 -0.00971215
-428.571 -0.00922722
-387.755 -0.00862724
-346.939 -0.00792491
-306.122 -0.00713641
-265.306 -0.00628115
-224.49 -0.00538116
-183.673 -0.00446009
-142.857 -0.00354181
-102.041 -0.00264902
-61.2245 -0.00180184
-20.4082 -0.00101677
20.4082 -0.000305978
61.2245 0.000322866
102.041 0.000866408
142.857 0.00132506
183.673 0.00170226
224.49 0.00200369
265.306 0.00223646
306.122 0.00240844
346.939 0.0025277
387.755 0.00260213
428.571 0.00263909
469.388 0.00264529
510.204 0.0026267
551.02 0.00258849
591.837 0.0025351
632.653 0.00247029
673.469 0.00239717
714.286 0.00231829
755.102 0.00223576
795.918 0.00215123
836.735 0.00206603
877.551 0.00198122
918.367 0.00189758
959.184 0.00181573
1000 0.00173612
