-1000 0.00261186
-959.184 0.00270188
-918.367 0.00278939
-877.551 0.00287281
-836.735 0.00295019
-795.918 0.00301917
-755.102 0.00307693
-714.286 0.00312006
-673.469 0.00314456
-632.653 0.00314568
-591.837 0.00311792
-551.02 0.00305492
-510.204 0.00294945
-469.388 0.00279337
-428.571 0.00257772
-387.755 0.00229279
-346.939 0.0019284
-306.122 0.00147421
-265.306 0.000920243
-224.49 0.000257612
-183.673 -0.000520633
-142.857 -0.00141841
-102.041 -0.00243537
-61.2245 -0.00356569
-20.4082 -0.00479681
20.4082 -0.00610855
61.2245 -0.00747267
102.041 -0.00885303
142.857 -0.0102067
183.673 -0.0114857
224.49 -0.0126401
265.306 -0.013621
306.122 -0.0143842
346.939 -0.0148939
387.755 -0.0151253
428.571 -0.0150672
469.388 -0.0147223
510.204 -0.0141076
551.02 -0.0132524
591.837 -0.0121965
632.653 -0.0109862
673.469 -0.0096714
714.286 -0.00830155
755.102 -0.00692288
795.918 -0.00557581
836.735 -0.00429338
877.551 -0.0031006
918.367 -0.00201452
959.184 -0.00104486
1000 -0.000195129
