-1000 0.00106236
-959.184 0.00115477
-918.367 0.00125799
-877.551 0.0013736
-836.735 0.00150346
-795.918 0.00164978
-755.102 0.00181515
-714.286 0.00200267
-673.469 0.00221601
-632.653 0.00245956
-591.837 0.00273859
-551.02 0.00305939
-510.204 0.00342956
-469.388 0.00385818
-428.571 0.00435618
-387.755 0.00493658
-346.939 0.0056148
-306.122 0.00640879
-265.306 0.00733891
-224.49 0.00842706
-183.673 0.00969454
-142.857 0.0111572
-102.041 0.0128154
-61.2245 0.014635
-20.4082 0.0165117
20.4082 0.0182083
61.2245 0.0192523
102.041 0.0187911
142.857 0.0154507
183.673 0.00737321
224.49 -0.00718624
265.306 -0.0283361
306.122 -0.0527097
346.939 -0.0736028
387.755 -0.0843287
428.571 -0.0815648
469.388 -0.0661427
510.204 -0.0429552
551.02 -0.0192084
591.837 -0.000517055
632.653 0.0113
673.469 0.0172436
714.286 0.0192313
755.102 0.0189572
795.918 0.0175747
836.735 0.0157654
877.551 0.0138923
918.367 0.0121297
959.184 0.0105482
1000 0.00916481
