-1000 0.000369863
-959.184 0.000363151
-918.367 0.000352456
-877.551 0.000337095
-836.735 0.00031632
-795.918 0.000289321
-755.102 0.000255238
-714.286 0.00021318
-673.469 0.000162251
-632.653 0.000101587
-591.837 3.04063e-05
-551.02 -5.19329e-05
-510.204 -0.000145857
-469.388 -0.000251493
-428.571 -0.000368578
-387.755 -0.000496368
-346.939 -0.000633546
-306.122 -0.000778163
-265.306 -0.000927594
-224.49 -0.00107855
-183.673 -0.00122713
-142.857 -0.00136897
-102.041 -0.00149943
-61.2245 -0.00161384
-20.4082 -0.00170779
20.4082 -0.00177746
61.2245 -0.0018199
102.041 -0.00183326
142.857 -0.00181695
183.673 -0.00177168
224.49 -0.00169943
265.306 -0.00160325
306.122 -0.00148703
346.939 -0.00135522
387.755 -0.0012125
428.571 -0.00106349
469.388 -0.000912523
510.204 -0.000763436
551.02 -0.000619456
591.837 -0.00048314
632.653 -0.000356371
673.469 -0.000240406
714.286 -0.000135937
755.102 -4.31826e-05
795.918 3.80174e-05
836.735 0.000108115
877.551 0.000167768
918.367 0.00021777
959.184 0.000258991
1000 0.000292325
