-1000 0.0123185
-959.184 0.0134966
-918.367 0.0147771
-877.551 0.0161486
-836.735 0.0175847
-795.918 0.019035
-755.102 0.0204135
-714.286 0.0215836
-673.469 0.0223424
-632.653 0.0224101
-591.837 0.0214376
-551.02 0.0190529
-510.204 0.0149647
-469.388 0.00911946
-428.571 0.00184929
-387.755 -0.00610544
-346.939 -0.0137814
-306.122 -0.0203158
-265.306 -0.0252055
-224.49 -0.0283644
-183.673 -0.0300106
-142.857 -0.0305016
-102.041 -0.0302062
-61.2245 -0.0294374
-20.4082 -0.0284314
20.4082 -0.0273534
61.2245 -0.026312
102.041 -0.0253752
142.857 -0.0245838
183.673 -0.0239606
224.49 -0.0235181
265.306 -0.0232623
306.122 -0.0231959
346.939 -0.0233193
387.755 -0.0236315
428.571 -0.024129
469.388 -0.0248043
510.204 -0.0256424
551.02 -0.0266159
591.837 -0.027677
632.653 -0.028747
673.469 -0.0297022
714.286 -0.0303573
755.102 -0.0304529
795.918 -0.0296554
836.735 -0.0275896
877.551 -0.0239237
918.367 -0.0185137
959.184 -0.0115646
1000 -0.00370336
