-1000 0.0608385
-959.184 0.0737935
-918.367 0.0818868
-877.551 0.0698886
-836.735 0.00970537
-795.918 -0.113328
-755.102 -0.236132
-714.286 -0.279991
-673.469 -0.274472
-632.653 -0.205972
-591.837 -0.0716537
-551.02 0.034616
-510.204 0.0770791
-469.388 0.0806173
-428.571 0.0700362
-387.755 0.0569847
-346.939 0.0453695
-306.122 0.0360073
-265.306 0.0287208
-224.49 0.0231054
-183.673 0.0187721
-142.857 0.0154064
-102.041 0.012769
-61.2245 0.0106821
-20.4082 0.00901457
20.4082 0.00766916
61.2245 0.00657361
102.041 0.00567372
142.857 0.00492845
183.673 0.0043065
224.49 0.00378373
265.306 0.00334137
306.122 0.0029647
346.939 0.0026421
387.755 0.00236427
428.571 0.00212379
469.388 0.00191462
510.204 0.00173187
551.02 0.00157153
591.837 0.00143027
632.653 0.00130536
673.469 0.00119451
714.286 0.00109581
755.102 0.00100765
795.918 0.000928657
836.735 0.000857679
877.551 0.000793728
918.367 0.000735958
959.184 0.000683644
1000 0.000636157
