-1000 0.0148134
-959.184 0.0164413
-918.367 0.0182993
-877.551 0.0204251
-836.735 0.0228591
-795.918 0.0256396
-755.102 0.0287894
-714.286 0.0322813
-673.469 0.0359558
-632.653 0.0393209
-591.837 0.0410586
-551.02 0.0378283
-510.204 0.0215981
-469.388 -0.0244771
-428.571 -0.122811
-387.755 -0.259296
-346.939 -0.324385
-306.122 -0.239751
-265.306 -0.104339
-224.49 -0.0147187
-183.673 0.025401
-142.857 0.0388665
-102.041 0.0409975
-61.2245 0.038873
-20.4082 0.0354064
20.4082 0.0317396
61.2245 0.0282936
102.041 0.0251992
142.857 0.0224727
183.673 0.0200876
224.49 0.0180045
265.306 0.0161833
306.122 0.014587
346.939 0.0131838
387.755 0.0119463
428.571 0.0108514
469.388 0.00987977
510.204 0.00901491
551.02 0.00824298
591.837 0.00755219
632.653 0.00693249
673.469 0.00637527
714.286 0.00587314
755.102 0.0054197
795.918 0.00500942
836.735 0.00463747
877.551 0.00429967
918.367 0.00399234
959.184 0.00371225
1000 0.00345658
