-1000 0.0105346
-959.184 0.0121609
-918.367 0.0141481
-877.551 0.0166046
-836.735 0.0196809
-795.918 0.023591
-755.102 0.0286461
-714.286 0.0353114
-673.469 0.0443052
-632.653 0.056778
-591.837 0.0746556
-551.02 0.101333
-510.204 0.143182
-469.388 0.213067
-428.571 0.339221
-387.755 0.588231
-346.939 1.10511
-306.122 1.70509
-265.306 -3.31929
-224.49 -0.199972
-183.673 1.63134
-142.857 -3.9613
-102.041 3.0059
-61.2245 -3.10901
-20.4082 1.17195
20.4082 1.13034
61.2245 -3.2528
102.041 2.68669
142.857 -4.64088
183.673 0.382379
224.49 1.52592
265.306 0.827148
306.122 0.453918
346.939 0.272557
387.755 0.176871
428.571 0.121867
469.388 0.0879282
510.204 0.0657709
551.02 0.0506353
591.837 0.0399092
632.653 0.0320743
673.469 0.0262043
714.286 0.0217112
755.102 0.018208
795.918 0.0154327
836.735 0.0132031
877.551 0.0113897
918.367 0.00989852
959.184 0.00866025
1000 0.00762286
