-1000 0.0264156
-959.184 0.0296441
-918.367 0.0334146
-877.551 0.0378444
-836.735 0.0430825
-795.918 0.0493199
-755.102 0.0568042
-714.286 0.0658609
-673.469 0.0769242
-632.653 0.0905838
-591.837 0.107659
-551.02 0.12932
-510.204 0.157301
-469.388 0.194293
-428.571 0.244736
-387.755 0.316569
-346.939 0.425533
-306.122 0.606917
-265.306 0.946291
-224.49 1.54881
-183.673 0.253228
-142.857 -4.88857
-102.041 2.39774
-61.2245 -3.56116
-20.4082 0.827571
20.4082 0.872453
61.2245 -3.41202
102.041 2.70763
142.857 -4.2704
183.673 1.3321
224.49 -0.472429
265.306 -3.5122
306.122 1.66276
346.939 1.18997
387.755 0.731907
428.571 0.494771
469.388 0.359572
510.204 0.273731
551.02 0.214964
591.837 0.17262
632.653 0.140997
673.469 0.116752
714.286 0.0977849
755.102 0.0827072
795.918 0.0705601
836.735 0.0606621
877.551 0.0525161
918.367 0.0457524
959.184 0.0400912
1000 0.0353184
