-1000 0.000896685
-959.184 0.000946775
-918.367 0.000999504
-877.551 0.00105483
-836.735 0.00111265
-795.918 0.00117277
-755.102 0.00123487
-714.286 0.00129848
-673.469 0.00136295
-632.653 0.00142734
-591.837 0.00149043
-551.02 0.00155058
-510.204 0.00160565
-469.388 0.0016529
-428.571 0.00168884
-387.755 0.00170911
-346.939 0.00170831
-306.122 0.00167992
-265.306 0.00161613
-224.49 0.00150785
-183.673 0.0013448
-142.857 0.00111579
-102.041 0.000809211
-61.2245 0.000413953
-20.4082 -7.93332e-05
20.4082 -0.000676531
61.2245 -0.00137801
102.041 -0.00217645
142.857 -0.00305481
183.673 -0.00398514
224.49 -0.00492848
265.306 -0.00583665
306.122 -0.00665575
346.939 -0.00733147
387.755 -0.00781522
428.571 -0.00807025
469.388 -0.00807656
510.204 -0.00783364
551.02 -0.00736058
591.837 -0.00669338
632.653 -0.00588018
673.469 -0.00497516
714.286 -0.00403236
755.102 -0.00310038
795.918 -0.00221865
836.735 -0.00141573
877.551 -0.000709155
918.367 -0.000106696
959.184 0.000391683
1000 0.000791642
