-1000 -0.140922
-959.184 -0.231839
-918.367 -0.192672
-877.551 -0.0744632
-836.735 0.0107123
-795.918 0.0432365
-755.102 0.0472912
-714.286 0.0414234
-673.469 0.0336857
-632.653 0.0267201
-591.837 0.0210987
-551.02 0.0167338
-510.204 0.0133833
-469.388 0.0108101
-428.571 0.00882182
-387.755 0.00727201
-346.939 0.00605221
-306.122 0.00508254
-265.306 0.00430412
-224.49 0.00367333
-183.673 0.0031576
-142.857 0.00273237
-102.041 0.00237899
-61.2245 0.00208315
-20.4082 0.00183377
20.4082 0.00162219
61.2245 0.00144159
102.041 0.00128657
142.857 0.00115281
183.673 0.0010368
224.49 0.000935727
265.306 0.00084728
306.122 0.000769562
346.939 0.000701003
387.755 0.000640304
428.571 0.000586374
469.388 0.000538303
510.204 0.000495319
551.02 0.00045677
591.837 0.000422102
632.653 0.00039084
673.469 0.000362577
714.286 0.000336965
755.102 0.0003137
795.918 0.000292521
836.735 0.0002732
877.551 0.000255539
918.367 0.000239362
959.184 0.000224519
1000 0.000210874
