-1000 0.00216462
-959.184 0.00233449
-918.367 0.00252198
-877.551 0.00272934
-836.735 0.00295916
-795.918 0.00321444
-755.102 0.00349864
-714.286 0.00381576
-673.469 0.00417047
-632.653 0.00456818
-591.837 0.00501524
-551.02 0.00551904
-510.204 0.00608825
-469.388 0.00673305
-428.571 0.00746543
-387.755 0.00829946
-346.939 0.00925176
-306.122 0.0103419
-265.306 0.0115929
-224.49 0.0130318
-183.673 0.0146901
-142.857 0.0166044
-102.041 0.0188161
-61.2245 0.0213702
-20.4082 0.0243127
20.4082 0.0276811
61.2245 0.0314835
102.041 0.0356494
142.857 0.0399103
183.673 0.0435113
224.49 0.044506
265.306 0.0380764
306.122 0.0131049
346.939 -0.0511373
387.755 -0.170906
428.571 -0.295938
469.388 -0.29995
510.204 -0.177943
551.02 -0.0558093
591.837 0.0110346
632.653 0.0373996
673.469 0.0444203
714.286 0.0436473
755.102 0.0401156
795.918 0.0358638
836.735 0.0316843
877.551 0.027861
918.367 0.0244708
959.184 0.0215078
1000 0.0189352
