-1000 0.00715576
-959.184 0.00808061
-918.367 0.00917174
-877.551 0.010468
-836.735 0.0120193
-795.918 0.0138908
-755.102 0.016168
-714.286 0.0189637
-673.469 0.0224289
-632.653 0.026766
-591.837 0.0322465
-551.02 0.0392313
-510.204 0.0481856
-469.388 0.0596616
-428.571 0.0741664
-387.755 0.0916857
-346.939 0.110275
-306.122 0.122559
-265.306 0.109752
-224.49 0.0429311
-183.673 -0.0753875
-142.857 -0.162368
-102.041 -0.179125
-61.2245 -0.182197
-20.4082 -0.167201
20.4082 -0.159493
61.2245 -0.162252
102.041 -0.16019
142.857 -0.177969
183.673 -0.181097
224.49 -0.175086
265.306 -0.12431
306.122 -0.00727433
346.939 0.0878283
387.755 0.12157
428.571 0.117369
469.388 0.100174
510.204 0.0817225
551.02 0.0657933
591.837 0.0530035
632.653 0.0429854
673.469 0.0351781
714.286 0.0290714
755.102 0.0242583
795.918 0.0204295
836.735 0.0173538
877.551 0.0148593
918.367 0.0128173
959.184 0.011131
1000 0.00972696
