-1000 0.00125874
-959.184 0.00138801
-918.367 0.00153278
-877.551 0.00169464
-836.735 0.00187506
-795.918 0.00207514
-755.102 0.00229523
-714.286 0.00253435
-673.469 0.00278918
-632.653 0.00305255
-591.837 0.00331114
-551.02 0.00354211
-510.204 0.00370821
-469.388 0.00375141
-428.571 0.00358535
-387.755 0.00308852
-346.939 0.00210338
-306.122 0.000451041
-265.306 -0.00202309
-224.49 -0.0053588
-183.673 -0.00935295
-142.857 -0.0134537
-102.041 -0.0167959
-61.2245 -0.0184746
-20.4082 -0.0179721
20.4082 -0.0154476
61.2245 -0.0116452
102.041 -0.0075007
142.857 -0.00375686
183.673 -0.00080142
224.49 0.00128844
265.306 0.00261841
306.122 0.00336233
346.939 0.00369287
387.755 0.00375196
428.571 0.00364463
469.388 0.00344357
510.204 0.00319656
551.02 0.00293365
591.837 0.00267291
632.653 0.00242454
673.469 0.00219373
714.286 0.00198262
755.102 0.00179149
795.918 0.00161959
836.735 0.00146561
877.551 0.00132801
918.367 0.0012052
959.184 0.00109561
1000 0.00099778
