-1000 0.00725555
-959.184 0.00790041
-918.367 0.00862191
-877.551 0.00943151
-836.735 0.0103428
-795.918 0.0113717
-755.102 0.0125375
-714.286 0.0138632
-673.469 0.0153765
-632.653 0.0171111
-591.837 0.019108
-551.02 0.0214182
-510.204 0.0241046
-469.388 0.0272466
-428.571 0.030945
-387.755 0.03533
-346.939 0.0405721
-306.122 0.0468991
-265.306 0.0546223
-224.49 0.0641783
-183.673 0.0761987
-142.857 0.0916313
-102.041 0.11196
-61.2245 0.139632
-20.4082 0.178946
20.4082 0.238066
61.2245 0.334145
102.041 0.507558
142.857 0.856247
183.673 1.40693
224.49 -1.49504
265.306 -3.5163
306.122 1.65932
346.939 -5.80368
387.755 0.45991
428.571 1.25965
469.388 0.724087
510.204 0.443192
551.02 0.299746
591.837 0.217494
632.653 0.165552
673.469 0.130354
714.286 0.105227
755.102 0.0865686
795.918 0.0722853
836.735 0.0610862
877.551 0.0521358
918.367 0.0448705
959.184 0.0388973
1000 0.0339332
