-1000 0.0293077
-959.184 0.032525
-918.367 0.0349856
-877.551 0.0355833
-836.735 0.0326152
-795.918 0.0239879
-755.102 0.00817258
-714.286 -0.0140614
-673.469 -0.0386228
-632.653 -0.0600546
-591.837 -0.0751942
-551.02 -0.0841295
-510.204 -0.0885515
-469.388 -0.0902624
-428.571 -0.0902221
-387.755 -0.0884074
-346.939 -0.0838064
-306.122 -0.0745949
-265.306 -0.0591212
-224.49 -0.0374278
-183.673 -0.0128487
-142.857 0.00913577
-102.041 0.0245834
-61.2245 0.0328805
-20.4082 0.0356216
20.4082 0.0348953
61.2245 0.0323753
102.041 0.0291398
142.857 0.0257933
183.673 0.0226356
224.49 0.0197916
265.306 0.0172936
306.122 0.015129
346.939 0.0132662
387.755 0.0116675
428.571 0.0102959
469.388 0.00911769
510.204 0.00810322
551.02 0.00722723
591.837 0.00646837
632.653 0.00580871
673.469 0.00523327
714.286 0.00472953
755.102 0.00428701
795.918 0.00389696
836.735 0.00355201
877.551 0.00324596
918.367 0.0029736
959.184 0.00273049
1000 0.00251286
