-1000 -0.00841622
-959.184 -0.00956696
-918.367 -0.0105496
-877.551 -0.0112976
-836.735 -0.0117563
-795.918 -0.0118906
-755.102 -0.0116898
-714.286 -0.0111697
-673.469 -0.0103699
-632.653 -0.00934801
-591.837 -0.00817211
-551.02 -0.00691216
-510.204 -0.00563315
-469.388 -0.00438988
-428.571 -0.00322438
-387.755 -0.00216531
-346.939 -0.00122905
-306.122 -0.000421781
-265.306 0.000258172
-224.49 0.00081793
-183.673 0.00126802
-142.857 0.00162074
-102.041 0.00188891
-61.2245 0.00208503
-20.4082 0.0022208
20.4082 0.00230676
61.2245 0.00235221
102.041 0.00236518
142.857 0.00235251
183.673 0.00231993
224.49 0.00227221
265.306 0.00221325
306.122 0.00214624
346.939 0.00207374
387.755 0.00199781
428.571 0.00192007
469.388 0.00184178
510.204 0.00176393
551.02 0.00168726
591.837 0.00161234
632.653 0.00153957
673.469 0.00146924
714.286 0.00140153
755.102 0.00133656
795.918 0.00127438
836.735 0.001215
877.551 0.0011584
918.367 0.00110452
959.184 0.00105328
1000 0.00100461
