-1000 0.001537
-959.184 0.00165083
-918.367 0.00177556
-877.551 0.00191242
-836.735 0.0020628
-795.918 0.00222827
-755.102 0.00241054
-714.286 0.00261157
-673.469 0.00283351
-632.653 0.00307873
-591.837 0.00334983
-551.02 0.0036496
-510.204 0.003981
-469.388 0.00434707
-428.571 0.00475077
-387.755 0.00519477
-346.939 0.00568104
-306.122 0.00621029
-265.306 0.00678104
-224.49 0.00738828
-183.673 0.00802144
-142.857 0.00866144
-102.041 0.00927647
-61.2245 0.00981602
-20.4082 0.0102029
20.4082 0.010323
61.2245 0.0100136
102.041 0.00905207
142.857 0.00715194
183.673 0.00397653
224.49 -0.000810731
265.306 -0.00743857
306.122 -0.0158558
346.939 -0.0255345
387.755 -0.035361
428.571 -0.0437592
469.388 -0.0490976
510.204 -0.0502287
551.02 -0.0469
591.837 -0.0398456
632.653 -0.0305205
673.469 -0.0205933
714.286 -0.0114432
755.102 -0.00388884
795.918 0.00180293
836.735 0.00574562
877.551 0.00823955
918.367 0.00963079
959.184 0.0102344
1000 0.0103052
