-1000 0.00291833
-959.184 0.00312417
-918.367 0.00334881
-877.551 0.00359433
-836.735 0.00386311
-795.918 0.00415781
-755.102 0.00448147
-714.286 0.00483756
-673.469 0.00523004
-632.653 0.00566342
-591.837 0.0061429
-551.02 0.00667448
-510.204 0.00726507
-469.388 0.00792272
-428.571 0.00865679
-387.755 0.00947825
-346.939 0.0104
-306.122 0.0114372
-265.306 0.0126079
-224.49 0.0139334
-183.673 0.0154391
-142.857 0.0171549
-102.041 0.0191153
-61.2245 0.0213594
-20.4082 0.0239278
20.4082 0.0268551
61.2245 0.0301497
102.041 0.033746
142.857 0.0373861
183.673 0.0403333
224.49 0.0406662
265.306 0.0335991
306.122 0.00805106
346.939 -0.0566684
387.755 -0.17678
428.571 -0.301993
469.388 -0.30601
510.204 -0.18383
551.02 -0.061361
591.837 0.00595424
632.653 0.0328917
673.469 0.0405478
714.286 0.0404362
755.102 0.0375593
795.918 0.0339304
836.735 0.0303234
877.551 0.0270112
918.367 0.0240655
959.184 0.0214798
1000 0.0192204
