-1000 0.0134415
-959.184 0.0136049
-918.367 0.0135946
-877.551 0.013362
-836.735 0.0128541
-795.918 0.0120171
-755.102 0.0108012
-714.286 0.00916809
-673.469 0.0070993
-632.653 0.00460481
-591.837 0.00172961
-551.02 -0.00144435
-510.204 -0.00480281
-469.388 -0.00821067
-428.571 -0.0115284
-387.755 -0.0146297
-346.939 -0.0174157
-306.122 -0.019823
-265.306 -0.0218252
-224.49 -0.023428
-183.673 -0.0246614
-142.857 -0.0255711
-102.041 -0.0262101
-61.2245 -0.0266327
-20.4082 -0.0268904
20.4082 -0.0270287
61.2245 -0.0270867
102.041 -0.0270961
142.857 -0.0270815
183.673 -0.0270612
224.49 -0.027047
265.306 -0.0270453
306.122 -0.0270567
346.939 -0.0270764
387.755 -0.0270939
428.571 -0.0270925
469.388 -0.0270494
510.204 -0.0269345
551.02 -0.0267107
591.837 -0.0263339
632.653 -0.0257541
673.469 -0.0249172
714.286 -0.0237694
755.102 -0.0222625
795.918 -0.0203618
836.735 -0.0180546
877.551 -0.0153589
918.367 -0.0123285
959.184 -0.00905385
1000 -0.00565566
