-1000 0.00175937
-959.184 0.00186036
-918.367 0.00196867
-877.551 0.00208493
-836.735 0.00220979
-795.918 0.00234397
-755.102 0.00248822
-714.286 0.00264337
-673.469 0.00281029
-632.653 0.00298992
-591.837 0.00318324
-551.02 0.00339124
-510.204 0.00361497
-469.388 0.00385547
-428.571 0.00411372
-387.755 0.00439064
-346.939 0.00468699
-306.122 0.00500329
-265.306 0.00533967
-224.49 0.00569573
-183.673 0.00607026
-142.857 0.00646096
-102.041 0.006864
-61.2245 0.00727347
-20.4082 0.00768064
20.4082 0.00807304
61.2245 0.00843326
102.041 0.00873747
142.857 0.00895359
183.673 0.00903925
224.49 0.00893949
265.306 0.0085846
306.122 0.0078886
346.939 0.00674931
387.755 0.00505141
428.571 0.00267465
469.388 -0.000490504
510.204 -0.00451793
551.02 -0.00941194
591.837 -0.0150692
632.653 -0.0212476
673.469 -0.0275577
714.286 -0.0334906
755.102 -0.0384851
795.918 -0.0420189
836.735 -0.0437009
877.551 -0.0433396
918.367 -0.0409764
959.184 -0.0368784
1000 -0.031492
