-1000 0.0348851
-959.184 0.0377267
-918.367 0.0408832
-877.551 0.0443999
-836.735 0.0483305
-795.918 0.0527391
-755.102 0.0577032
-714.286 0.0633165
-673.469 0.0696945
-632.653 0.0769808
-591.837 0.0853564
-551.02 0.0950535
-510.204 0.106376
-469.388 0.119727
-428.571 0.135662
-387.755 0.154959
-346.939 0.178754
-306.122 0.208767
-265.306 0.247735
-224.49 0.300286
-183.673 0.374872
-142.857 0.488544
-102.041 0.680034
-61.2245 1.04271
-20.4082 1.65406
20.4082 -0.33995
61.2245 -4.02139
102.041 2.48692
142.857 -4.23113
183.673 1.62164
224.49 0.163472
265.306 -2.28824
306.122 2.79774
346.939 -4.40663
387.755 2.34301
428.571 -0.665529
469.388 -1.16992
510.204 2.56413
551.02 -4.47264
591.837 2.7174
632.653 -1.71024
673.469 -0.2101
714.286 2.04359
755.102 -4.29706
795.918 2.77326
836.735 -2.94907
877.551 0.338165
918.367 0.846543
959.184 -4.72305
1000 1.59335
