-1000 0.00110387
-959.184 0.00117811
-918.367 0.00125888
-877.551 0.00134691
-836.735 0.00144296
-795.918 0.00154792
-755.102 0.00166279
-714.286 0.00178868
-673.469 0.00192683
-632.653 0.00207865
-591.837 0.00224571
-551.02 0.00242977
-510.204 0.00263279
-469.388 0.00285694
-428.571 0.00310463
-387.755 0.00337847
-346.939 0.00368127
-306.122 0.004016
-265.306 0.0043857
-224.49 0.00479332
-183.673 0.00524147
-142.857 0.00573204
-102.041 0.00626555
-61.2245 0.00684025
-20.4082 0.00745067
20.4082 0.00808554
61.2245 0.00872473
102.041 0.00933485
142.857 0.00986314
183.673 0.0102292
224.49 0.0103146
265.306 0.00995102
306.122 0.00890955
346.939 0.00689759
387.755 0.00357543
428.571 -0.00138868
469.388 -0.00820414
510.204 -0.0167806
551.02 -0.0265338
591.837 -0.0362933
632.653 -0.0444552
673.469 -0.0494121
714.286 -0.0500918
755.102 -0.0463425
795.918 -0.0389876
836.735 -0.0295285
877.551 -0.0196251
918.367 -0.0106077
959.184 -0.00323542
1000 0.00227185
