-1000 0.0032569
-959.184 0.003536
-918.367 0.00384705
-877.551 0.00419466
-836.735 0.00458422
-795.918 0.00502209
-755.102 0.00551582
-714.286 0.00607435
-673.469 0.00670841
-632.653 0.00743088
-591.837 0.00825735
-551.02 0.0092068
-510.204 0.0103025
-469.388 0.0115732
-428.571 0.0130549
-387.755 0.0147928
-346.939 0.016845
-306.122 0.0192863
-265.306 0.0222158
-224.49 0.0257662
-183.673 0.0301201
-142.857 0.0355351
-102.041 0.0423862
-61.2245 0.0512391
-20.4082 0.0629845
20.4082 0.0790946
61.2245 0.102154
102.041 0.137047
142.857 0.193897
183.673 0.296172
224.49 0.503364
265.306 0.925735
306.122 0.591191
346.939 -6.57795
387.755 0.035938
428.571 1.00137
469.388 0.550541
510.204 0.318305
551.02 0.205465
591.837 0.143815
632.653 0.106468
673.469 0.0820256
714.286 0.0650758
755.102 0.0527889
795.918 0.0435693
836.735 0.03646
877.551 0.0308571
918.367 0.0263628
959.184 0.022705
1000 0.0196919
