-1000 0.00273604
-959.184 0.00281589
-918.367 0.00288735
-877.551 0.00294733
-836.735 0.00299215
-795.918 0.00301741
-755.102 0.00301791
-714.286 0.0029876
-673.469 0.00291951
-632.653 0.00280572
-591.837 0.00263742
-551.02 0.00240505
-510.204 0.00209845
-469.388 0.00170732
-428.571 0.00122165
-387.755 0.000632506
-346.939 -6.71044e-05
-306.122 -0.000881157
-265.306 -0.00180944
-224.49 -0.00284638
-183.673 -0.00398
-142.857 -0.00519124
-102.041 -0.00645375
-61.2245 -0.00773434
-20.4082 -0.00899414
20.4082 -0.0101905
61.2245 -0.0112795
102.041 -0.0122185
142.857 -0.0129692
183.673 -0.0134998
224.49 -0.0137875
265.306 -0.0138197
306.122 -0.0135952
346.939 -0.0131235
387.755 -0.0124252
428.571 -0.0115299
469.388 -0.0104746
510.204 -0.00930089
551.02 -0.00805285
591.837 -0.00677364
632.653 -0.00550325
673.469 -0.00427644
714.286 -0.00312134
755.102 -0.00205884
795.918 -0.00110264
836.735 -0.000259816
877.551 0.000468175
918.367 0.00108438
959.184 0.00159514
1000 0.002009
