-1000 -0.0195643
-959.184 -0.157427
-918.367 -0.216321
-877.551 -0.23095
-836.735 -0.224927
-795.918 -0.201355
-755.102 -0.191685
-714.286 -0.169651
-673.469 -0.159753
-632.653 -0.15131
-591.837 -0.138721
-551.02 -0.141921
-510.204 -0.132667
-469.388 -0.137989
-428.571 -0.140645
-387.755 -0.142569
-346.939 -0.158049
-306.122 -0.161626
-265.306 -0.182027
-224.49 -0.196285
-183.673 -0.211985
-142.857 -0.232208
-102.041 -0.225088
-61.2245 -0.197305
-20.4082 -0.094704
20.4082 0.052605
61.2245 0.150578
102.041 0.184839
142.857 0.183143
183.673 0.16727
224.49 0.147686
265.306 0.128586
306.122 0.111415
346.939 0.096506
387.755 0.083761
428.571 0.0729365
469.388 0.0637587
510.204 0.0559697
551.02 0.049343
591.837 0.0436861
632.653 0.0388383
673.469 0.0346667
714.286 0.031062
755.102 0.0279338
795.918 0.025208
836.735 0.0228231
877.551 0.0207283
918.367 0.0188815
959.184 0.0172473
1000 0.0157964
