-1000 0.000632131
-959.184 0.000674062
-918.367 0.000719445
-877.551 0.00076859
-836.735 0.00082183
-795.918 0.00087952
-755.102 0.000942037
-714.286 0.00100977
-673.469 0.00108312
-632.653 0.00116249
-591.837 0.00124824
-551.02 0.00134072
-510.204 0.00144016
-469.388 0.00154669
-428.571 0.00166022
-387.755 0.00178036
-346.939 0.00190627
-306.122 0.00203649
-265.306 0.00216868
-224.49 0.00229926
-183.673 0.00242298
-142.857 0.00253235
-102.041 0.00261689
-61.2245 0.00266221
-20.4082 0.00264905
20.4082 0.00255212
61.2245 0.00233927
102.041 0.00197104
142.857 0.00140158
183.673 0.000581723
224.49 -0.000534297
265.306 -0.0019772
306.122 -0.00374548
346.939 -0.00578453
387.755 -0.00796785
428.571 -0.0100913
469.388 -0.0118924
510.204 -0.0131019
551.02 -0.0135155
591.837 -0.0130591
632.653 -0.0118143
673.469 -0.00999042
714.286 -0.00785811
755.102 -0.00567778
795.918 -0.00364992
836.735 -0.00189714
877.551 -0.000470891
918.367 0.000629406
959.184 0.00143559
1000 0.00199383
