-1000 0.00254171
-959.184 0.00236371
-918.367 0.00210164
-877.551 0.00174024
-836.735 0.00126462
-795.918 0.000661712
-755.102 -7.78183e-05
-714.286 -0.00095738
-673.469 -0.00197214
-632.653 -0.00310704
-591.837 -0.00433557
-551.02 -0.00561982
-510.204 -0.00691201
-469.388 -0.00815752
-428.571 -0.00929905
-387.755 -0.0102812
-346.939 -0.0110548
-306.122 -0.0115806
-265.306 -0.0118319
-224.49 -0.0117957
-183.673 -0.0114741
-142.857 -0.0108833
-102.041 -0.0100534
-61.2245 -0.00902652
-20.4082 -0.00785365
20.4082 -0.00659112
61.2245 -0.005296
102.041 -0.00402154
142.857 -0.0028133
183.673 -0.00170641
224.49 -0.000724464
265.306 0.000120183
306.122 0.000824965
346.939 0.00139499
387.755 0.00184073
428.571 0.00217587
469.388 0.00241551
510.204 0.00257481
551.02 0.00266811
591.837 0.0027084
632.653 0.002707
673.469 0.00267358
714.286 0.00261619
755.102 0.00254142
795.918 0.00245458
836.735 0.00235987
877.551 0.00226058
918.367 0.00215925
959.184 0.00205781
1000 0.00195768
