-1000 0.000517511
-959.184 0.000552992
-918.367 0.000591755
-877.551 0.000634183
-836.735 0.000680713
-795.918 0.000731846
-755.102 0.000788157
-714.286 0.000850307
-673.469 0.000919059
-632.653 0.000995297
-591.837 0.00108005
-551.02 0.0011745
-510.204 0.00128006
-469.388 0.00139836
-428.571 0.00153133
-387.755 0.00168124
-346.939 0.00185078
-306.122 0.00204314
-265.306 0.00226215
-224.49 0.00251234
-183.673 0.00279918
-142.857 0.00312921
-102.041 0.00351028
-61.2245 0.00395184
-20.4082 0.00446521
20.4082 0.00506386
61.2245 0.00576371
102.041 0.00658323
142.857 0.00754318
183.673 0.00866558
224.49 0.00997113
265.306 0.0114736
306.122 0.0131684
346.939 0.0150109
387.755 0.0168763
428.571 0.0184901
469.388 0.0193162
510.204 0.0184073
551.02 0.0142783
591.837 0.00501973
632.653 -0.0109377
673.469 -0.0331326
714.286 -0.0574092
755.102 -0.0767277
795.918 -0.084888
836.735 -0.0793929
877.551 -0.061907
918.367 -0.0380232
959.184 -0.0149517
1000 0.00239195
