-1000 0.00238966
-959.184 0.00255134
-918.367 0.00272757
-877.551 0.00291996
-836.735 0.00313037
-795.918 0.00336086
-755.102 0.00361381
-714.286 0.0038919
-673.469 0.0041982
-632.653 0.00453622
-591.837 0.00490996
-551.02 0.00532399
-510.204 0.00578355
-469.388 0.00629466
-428.571 0.0068642
-387.755 0.00750005
-346.939 0.00821125
-306.122 0.00900807
-265.306 0.00990221
-224.49 0.0109069
-183.673 0.0120368
-142.857 0.0133081
-102.041 0.0147383
-61.2245 0.0163455
-20.4082 0.0181468
20.4082 0.0201571
61.2245 0.0223842
102.041 0.0248236
142.857 0.0274471
183.673 0.0301863
224.49 0.0329051
265.306 0.0353558
306.122 0.0371119
346.939 0.0374696
387.755 0.0353202
428.571 0.0290311
469.388 0.0164704
510.204 -0.00451729
551.02 -0.0347931
591.837 -0.0719955
632.653 -0.109866
673.469 -0.140891
714.286 -0.16005
755.102 -0.165385
795.918 -0.156517
836.735 -0.134113
877.551 -0.100767
918.367 -0.0623337
959.184 -0.0264112
1000 0.00160687
