-1000 0.00108219
-959.184 0.00113845
-918.367 0.00119839
-877.551 0.00126228
-836.735 0.00133043
-795.918 0.00140315
-755.102 0.0014808
-714.286 0.00156373
-673.469 0.00165234
-632.653 0.00174706
-591.837 0.00184833
-551.02 0.00195662
-510.204 0.00207243
-469.388 0.00219628
-428.571 0.00232869
-387.755 0.00247022
-346.939 0.00262141
-306.122 0.00278277
-265.306 0.00295481
-224.49 0.00313794
-183.673 0.00333249
-142.857 0.00353863
-102.041 0.00375631
-61.2245 0.00398516
-20.4082 0.00422435
20.4082 0.00447245
61.2245 0.00472718
102.041 0.00498509
142.857 0.00524115
183.673 0.00548814
224.49 0.00571592
265.306 0.0059103
306.122 0.00605166
346.939 0.00611292
387.755 0.00605703
428.571 0.00583352
469.388 0.00537432
510.204 0.00458888
551.02 0.00335946
591.837 0.00153859
632.653 -0.0010467
673.469 -0.00457576
714.286 -0.00918747
755.102 -0.0148927
795.918 -0.021446
836.735 -0.0282185
877.551 -0.0341763
918.367 -0.0380919
959.184 -0.0389993
1000 -0.0366567
