-1000 0.0126755
-959.184 0.0158109
-918.367 0.0198984
-877.551 0.0251867
-836.735 0.0318298
-795.918 0.0395034
-755.102 0.0463004
-714.286 0.0459759
-673.469 0.0229701
-632.653 -0.047726
-591.837 -0.165096
-551.02 -0.235736
-510.204 -0.170911
-469.388 -0.0528121
-428.571 0.0207772
-387.755 0.0455472
-346.939 0.0465353
-306.122 0.0398918
-265.306 0.0321957
-224.49 0.0254864
-183.673 0.0201323
-142.857 0.0159906
-102.041 0.0128134
-61.2245 0.010371
-20.4082 0.00848073
20.4082 0.00700456
61.2245 0.00584041
102.041 0.00491314
142.857 0.00416733
183.673 0.00356187
224.49 0.00306598
265.306 0.00265646
306.122 0.00231561
346.939 0.00202986
387.755 0.00178867
428.571 0.00158378
469.388 0.00140869
510.204 0.00125824
551.02 0.00112828
591.837 0.00101547
632.653 0.000917094
673.469 0.000830933
714.286 0.000755162
755.102 0.000688272
795.918 0.000629008
836.735 0.000576318
877.551 0.000529321
918.367 0.000487273
959.184 0.000449542
1000 0.000415591
