-1000 0.000759405
-959.184 0.000803517
-918.367 0.000850934
-877.551 0.000901952
-836.735 0.000956891
-795.918 0.00101611
-755.102 0.00107998
-714.286 0.00114895
-673.469 0.00122346
-632.653 0.00130403
-591.837 0.0013912
-551.02 0.00148556
-510.204 0.00158776
-469.388 0.00169848
-428.571 0.00181845
-387.755 0.00194841
-346.939 0.00208916
-306.122 0.00224146
-265.306 0.00240607
-224.49 0.00258367
-183.673 0.00277479
-142.857 0.00297975
-102.041 0.0031985
-61.2245 0.00343047
-20.4082 0.00367429
20.4082 0.0039275
61.2245 0.00418606
102.041 0.00444374
142.857 0.00469135
183.673 0.00491569
224.49 0.00509819
265.306 0.0052134
306.122 0.00522706
346.939 0.00509425
387.755 0.00475764
428.571 0.00414683
469.388 0.00317964
510.204 0.00176721
551.02 -0.000174978
591.837 -0.00270812
632.653 -0.00584249
673.469 -0.00950416
714.286 -0.0135051
755.102 -0.0175312
795.918 -0.021166
836.735 -0.0239554
877.551 -0.0255055
918.367 -0.0255815
959.184 -0.0241716
1000 -0.0214903
