-1000 -0.00248589
-959.184 -0.00618394
-918.367 -0.0096252
-877.551 -0.0125988
-836.735 -0.0149794
-795.918 -0.0167323
-755.102 -0.017896
-714.286 -0.0185549
-673.469 -0.0188132
-632.653 -0.0187747
-591.837 -0.0185324
-551.02 -0.0181627
-510.204 -0.0177257
-469.388 -0.0172661
-428.571 -0.0168168
-387.755 -0.0164005
-346.939 -0.016033
-306.122 -0.0157249
-265.306 -0.015483
-224.49 -0.0153116
-183.673 -0.0152131
-142.857 -0.0151889
-102.041 -0.0152392
-61.2245 -0.0153634
-20.4082 -0.0155599
20.4082 -0.0158255
61.2245 -0.0161553
102.041 -0.0165413
142.857 -0.0169713
183.673 -0.0174273
224.49 -0.0178832
265.306 -0.0183025
306.122 -0.0186352
346.939 -0.0188158
387.755 -0.0187617
428.571 -0.0183754
469.388 -0.0175511
510.204 -0.016189
551.02 -0.0142176
591.837 -0.011621
632.653 -0.00846476
673.469 -0.00490599
714.286 -0.00117909
755.102 0.00244593
795.918 0.00571858
836.735 0.00845542
877.551 0.0105633
918.367 0.0120356
959.184 0.0129296
1000 0.0133388
