-1000 -0.00116825
-959.184 -0.00131334
-918.367 -0.00144892
-877.551 -0.00157029
-836.735 -0.00167293
-795.918 -0.00175272
-755.102 -0.00180634
-714.286 -0.00183147
-673.469 -0.00182702
-632.653 -0.00179316
-591.837 -0.00173139
-551.02 -0.00164436
-510.204 -0.00153565
-469.388 -0.00140952
-428.571 -0.0012706
-387.755 -0.00112356
-346.939 -0.000972886
-306.122 -0.000822624
-265.306 -0.000676257
-224.49 -0.000536611
-183.673 -0.000405839
-142.857 -0.00028544
-102.041 -0.000176321
-61.2245 -7.88813e-05
-20.4082 6.90047e-06
20.4082 8.13698e-05
61.2245 0.000145112
102.041 0.000198873
142.857 0.000243499
183.673 0.00027988
224.49 0.000308912
265.306 0.000331467
306.122 0.00034837
346.939 0.00036039
387.755 0.00036823
428.571 0.000372523
469.388 0.000373836
510.204 0.000372667
551.02 0.000369454
591.837 0.000364578
632.653 0.000358366
673.469 0.000351102
714.286 0.000343024
755.102 0.000334335
795.918 0.000325208
836.735 0.000315786
877.551 0.000306188
918.367 0.000296513
959.184 0.000286842
1000 0.00027724
