-1000 0.0225771
-959.184 0.025443
-918.367 0.0288125
-877.551 0.0327976
-836.735 0.0375394
-795.918 0.0432155
-755.102 0.0500487
-714.286 0.058315
-673.469 0.0683486
-632.653 0.0805311
-591.837 0.0952442
-551.02 0.112725
-510.204 0.132681
-469.388 0.153332
-428.571 0.169159
-387.755 0.16643
-346.939 0.119093
-306.122 0.00530254
-265.306 -0.130696
-224.49 -0.195212
-183.673 -0.206997
-142.857 -0.201906
-102.041 -0.1759
-61.2245 -0.164932
-20.4082 -0.145274
20.4082 -0.133369
61.2245 -0.129216
102.041 -0.116883
142.857 -0.122584
183.673 -0.117756
224.49 -0.123799
265.306 -0.133538
306.122 -0.138076
346.939 -0.160078
387.755 -0.170456
428.571 -0.193042
469.388 -0.208363
510.204 -0.201338
551.02 -0.16369
591.837 -0.0450911
632.653 0.08671
673.469 0.156564
714.286 0.171384
755.102 0.159892
795.918 0.14
836.735 0.119473
877.551 0.101045
918.367 0.0853753
959.184 0.0723476
1000 0.061607
