-1000 -0.0129225
-959.184 -0.0185289
-918.367 -0.0234796
-877.551 -0.026636
-836.735 -0.0271394
-795.918 -0.0248435
-755.102 -0.0203946
-714.286 -0.0148916
-673.469 -0.00939989
-632.653 -0.00463639
-591.837 -0.000913177
-551.02 0.00175687
-510.204 0.00352027
-469.388 0.00457644
-428.571 0.00511761
-387.755 0.00530359
-346.939 0.00525661
-306.122 0.00506518
-265.306 0.00479088
-224.49 0.0044752
-183.673 0.00414521
-142.857 0.00381796
-102.041 0.00350366
-61.2245 0.00320801
-20.4082 0.00293374
20.4082 0.00268168
61.2245 0.00245153
102.041 0.00224229
142.857 0.00205258
183.673 0.00188087
224.49 0.0017256
265.306 0.00158522
306.122 0.00145829
346.939 0.00134345
387.755 0.00123947
428.571 0.00114523
469.388 0.00105972
510.204 0.000982032
551.02 0.000911358
591.837 0.000846977
632.653 0.000788247
673.469 0.000734595
714.286 0.000685512
755.102 0.000640544
795.918 0.000599288
836.735 0.000561384
877.551 0.000526512
918.367 0.000494384
959.184 0.000464745
1000 0.000437366
