-1000 -0.00603347
-959.184 -0.00858202
-918.367 -0.0112712
-877.551 -0.0138748
-836.735 -0.0161035
-795.918 -0.0176555
-755.102 -0.0182917
-714.286 -0.0179072
-673.469 -0.0165659
-632.653 -0.0144792
-591.837 -0.0119406
-551.02 -0.0092486
-510.204 -0.00664812
-469.388 -0.00430422
-428.571 -0.00230328
-387.755 -0.000669845
-346.939 0.000612451
-306.122 0.0015824
-265.306 0.00228785
-224.49 0.00277728
-183.673 0.00309518
-142.857 0.00328004
-102.041 0.0033639
-61.2245 0.00337268
-20.4082 0.00332692
20.4082 0.00324264
61.2245 0.00313215
102.041 0.00300482
142.857 0.00286765
183.673 0.00272583
224.49 0.00258314
265.306 0.00244228
306.122 0.00230515
346.939 0.002173
387.755 0.00204665
428.571 0.00192655
469.388 0.00181292
510.204 0.00170578
551.02 0.00160505
591.837 0.00151054
632.653 0.00142199
673.469 0.00133913
714.286 0.00126167
755.102 0.00118928
795.918 0.00112166
836.735 0.0010585
877.551 0.000999517
918.367 0.000944415
959.184 0.000892932
1000 0.000844814
