-1000 0.00911005
-959.184 0.00958122
-918.367 0.00996332
-877.551 0.0102003
-836.735 0.0102195
-795.918 0.00993122
-755.102 0.00923269
-714.286 0.00801725
-673.469 0.00619199
-632.653 0.00370271
-591.837 0.000562004
-551.02 -0.00312962
-510.204 -0.00718207
-469.388 -0.0113416
-428.571 -0.0153397
-387.755 -0.0189471
-346.939 -0.0220128
-306.122 -0.0244744
-265.306 -0.0263448
-224.49 -0.027684
-183.673 -0.0285699
-142.857 -0.0290742
-102.041 -0.0292467
-61.2245 -0.0291058
-20.4082 -0.0286364
20.4082 -0.0277917
61.2245 -0.0265014
102.041 -0.0246873
142.857 -0.0222864
183.673 -0.0192798
224.49 -0.0157212
265.306 -0.0117529
306.122 -0.00759771
346.939 -0.00352244
387.755 0.00021516
428.571 0.00341703
469.388 0.00597335
510.204 0.00786346
551.02 0.00913612
591.837 0.00988161
632.653 0.0102061
673.469 0.0102134
714.286 0.00999461
755.102 0.00962424
795.918 0.00915989
836.735 0.0086443
877.551 0.008108
918.367 0.00757202
959.184 0.00705024
1000 0.00655137
