-1000 -0.0146235
-959.184 -0.0186205
-918.367 -0.022118
-877.551 -0.0248103
-836.735 -0.0264672
-795.918 -0.0269523
-755.102 -0.0262266
-714.286 -0.0243486
-673.469 -0.0214741
-632.653 -0.0178503
-591.837 -0.0137943
-551.02 -0.00965004
-510.204 -0.00573332
-469.388 -0.00228364
-428.571 0.000560699
-387.755 0.00275968
-346.939 0.00434874
-306.122 0.0054089
-265.306 0.00603988
-224.49 0.0063411
-183.673 0.00640091
-142.857 0.00629217
-102.041 0.00607183
-61.2245 0.00578261
-20.4082 0.00545552
20.4082 0.00511232
61.2245 0.00476785
102.041 0.00443184
142.857 0.00411035
183.673 0.00380686
224.49 0.0035231
265.306 0.00325959
306.122 0.00301607
346.939 0.00279179
387.755 0.00258572
428.571 0.00239667
469.388 0.0022234
510.204 0.00206465
551.02 0.00191921
591.837 0.00178594
632.653 0.00166377
673.469 0.0015517
714.286 0.00144882
755.102 0.00135429
795.918 0.00126735
836.735 0.00118731
877.551 0.00111356
918.367 0.00104551
959.184 0.000982673
1000 0.000924572
