-1000 0.0247832
-959.184 0.0257983
-918.367 0.0261132
-877.551 0.0252073
-836.735 0.022272
-795.918 0.0161012
-755.102 0.00503759
-714.286 -0.0128263
-673.469 -0.0388161
-632.653 -0.0719448
-591.837 -0.107114
-551.02 -0.135709
-510.204 -0.149589
-469.388 -0.144854
-428.571 -0.122811
-387.755 -0.0897649
-346.939 -0.0546986
-306.122 -0.0247875
-265.306 -0.00293179
-224.49 0.0112999
-183.673 0.0196844
-142.857 0.0240582
-102.041 0.0258553
-61.2245 0.0260703
-20.4082 0.0253542
20.4082 0.024121
61.2245 0.0226289
102.041 0.0210371
142.857 0.0194415
183.673 0.0178982
224.49 0.0164383
265.306 0.0150772
306.122 0.0138203
346.939 0.0126674
387.755 0.0116145
428.571 0.0106559
469.388 0.00978461
510.204 0.00899368
551.02 0.008276
591.837 0.00762482
632.653 0.00703381
673.469 0.0064971
714.286 0.00600934
755.102 0.00556566
795.918 0.00516165
836.735 0.00479336
877.551 0.00445723
918.367 0.00415009
959.184 0.00386907
1000 0.00361163
