-1000 0.000703591
-959.184 0.000737181
-918.367 0.000772658
-877.551 0.000810122
-836.735 0.000849676
-795.918 0.000891422
-755.102 0.000935462
-714.286 0.000981891
-673.469 0.0010308
-632.653 0.00108227
-591.837 0.00113636
-551.02 0.00119311
-510.204 0.00125254
-469.388 0.00131463
-428.571 0.00137929
-387.755 0.00144638
-346.939 0.00151568
-306.122 0.00158685
-265.306 0.00165942
-224.49 0.00173274
-183.673 0.00180597
-142.857 0.00187796
-102.041 0.00194725
-61.2245 0.00201198
-20.4082 0.00206976
20.4082 0.00211759
61.2245 0.00215173
102.041 0.00216753
142.857 0.00215929
183.673 0.00212005
224.49 0.00204142
265.306 0.00191343
306.122 0.00172439
346.939 0.00146087
387.755 0.00110791
428.571 0.000649401
469.388 6.90382e-05
510.204 -0.000648214
551.02 -0.00151381
591.837 -0.00253239
632.653 -0.00369771
673.469 -0.00498792
714.286 -0.00636132
755.102 -0.00775377
795.918 -0.00907982
836.735 -0.0102392
877.551 -0.0111293
918.367 -0.0116618
959.184 -0.01178
1000 -0.0114709
