-1000 0.00112441
-959.184 0.00114766
-918.367 0.00115976
-877.551 0.00115689
-836.735 0.00113439
-795.918 0.00108672
-755.102 0.00100736
-714.286 0.000888913
-673.469 0.000723272
-632.653 0.000501992
-591.837 0.000216924
-551.02 -0.00013884
-510.204 -0.000569677
-469.388 -0.00107582
-428.571 -0.00165161
-387.755 -0.00228379
-346.939 -0.00295042
-306.122 -0.0036207
-265.306 -0.00425642
-224.49 -0.00481507
-183.673 -0.00525451
-142.857 -0.00553862
-102.041 -0.00564269
-61.2245 -0.00555741
-20.4082 -0.00529042
20.4082 -0.00486504
61.2245 -0.00431647
102.041 -0.00368651
142.857 -0.00301786
183.673 -0.00234935
224.49 -0.00171258
265.306 -0.00113042
306.122 -0.000616944
346.939 -0.000178504
387.755 0.000184626
428.571 0.000476483
469.388 0.000703787
510.204 0.000874611
551.02 0.000997403
591.837 0.00108033
632.653 0.00113086
673.469 0.0011556
714.286 0.00116021
755.102 0.00114943
795.918 0.00112715
836.735 0.00109653
877.551 0.00106009
918.367 0.00101981
959.184 0.000977255
1000 0.000933594
