-1000 0.000697178
-959.184 0.00073052
-918.367 0.000764218
-877.551 0.000797838
-836.735 0.000830804
-795.918 0.000862367
-755.102 0.000891566
-714.286 0.000917176
-673.469 0.000937658
-632.653 0.000951094
-591.837 0.000955126
-551.02 0.000946883
-510.204 0.000922919
-469.388 0.000879164
-428.571 0.000810903
-387.755 0.000712802
-346.939 0.000579018
-306.122 0.00040342
-265.306 0.00017997
-224.49 -9.66999e-05
-183.673 -0.000430473
-142.857 -0.000822704
-102.041 -0.00127098
-61.2245 -0.00176784
-20.4082 -0.00229965
20.4082 -0.00284604
61.2245 -0.00338017
102.041 -0.00387033
142.857 -0.00428276
183.673 -0.00458577
224.49 -0.00475414
265.306 -0.0047732
306.122 -0.00464126
346.939 -0.0043699
387.755 -0.00398203
428.571 -0.00350815
469.388 -0.00298189
510.204 -0.00243582
551.02 -0.00189819
591.837 -0.00139106
632.653 -0.000929714
673.469 -0.000523071
714.286 -0.000174685
755.102 0.000115976
795.918 0.00035227
836.735 0.000539279
877.551 0.000682938
918.367 0.000789396
959.184 0.000864595
1000 0.000914009
