-1000 0.000793925
-959.184 0.000838337
-918.367 0.000885793
-877.551 0.000936511
-836.735 0.000990727
-795.918 0.00104868
-755.102 0.00111063
-714.286 0.00117683
-673.469 0.00124754
-632.653 0.00132301
-591.837 0.00140349
-551.02 0.00148918
-510.204 0.00158028
-469.388 0.00167687
-428.571 0.00177899
-387.755 0.00188653
-346.939 0.0019992
-306.122 0.00211646
-265.306 0.00223747
-224.49 0.00236094
-183.673 0.00248502
-142.857 0.00260711
-102.041 0.00272368
-61.2245 0.00282997
-20.4082 0.0029197
20.4082 0.00298468
61.2245 0.0030144
102.041 0.00299562
142.857 0.00291189
183.673 0.00274325
224.49 0.00246614
265.306 0.0020537
306.122 0.00147681
346.939 0.000706101
387.755 -0.000284635
428.571 -0.00151336
469.388 -0.0029831
510.204 -0.00467424
551.02 -0.00653703
591.837 -0.00848674
632.653 -0.0104042
673.469 -0.0121442
714.286 -0.0135526
755.102 -0.0144898
795.918 -0.0148562
836.735 -0.014611
877.551 -0.0137816
918.367 -0.0124572
959.184 -0.0107713
1000 -0.00887716
