-1000 -0.022005
-959.184 -0.0273297
-918.367 -0.0322285
-877.551 -0.0361803
-836.735 -0.0387006
-795.918 -0.0394521
-755.102 -0.0383302
-714.286 -0.0354904
-673.469 -0.0313076
-632.653 -0.0262827
-591.837 -0.0209314
-551.02 -0.0156938
-510.204 -0.0108846
-469.388 -0.00668544
-428.571 -0.00316612
-387.755 -0.000316931
-346.939 0.00191945
-306.122 0.00362304
-265.306 0.00487977
-224.49 0.00577157
-183.673 0.00637154
-142.857 0.00674208
-102.041 0.00693502
-61.2245 0.00699252
-20.4082 0.00694839
20.4082 0.00682939
61.2245 0.00665655
102.041 0.00644626
142.857 0.00621116
183.673 0.00596097
224.49 0.00570305
265.306 0.00544295
306.122 0.00518478
346.939 0.00493154
387.755 0.00468537
428.571 0.00444773
469.388 0.00421959
510.204 0.0040015
551.02 0.00379375
591.837 0.00359639
632.653 0.00340929
673.469 0.00323225
714.286 0.00306493
755.102 0.00290698
795.918 0.00275798
836.735 0.00261752
877.551 0.00248516
918.367 0.00236046
959.184 0.002243
1000 0.00213236
