-1000 0.0106025
-959.184 0.0119222
-918.367 0.0134633
-877.551 0.0152738
-836.735 0.0174154
-795.918 0.0199684
-755.102 0.0230391
-714.286 0.0267709
-673.469 0.0313622
-632.653 0.0370951
-591.837 0.0443839
-551.02 0.0538595
-510.204 0.0665267
-469.388 0.0840701
-428.571 0.109497
-387.755 0.148613
-346.939 0.213772
-306.122 0.334443
-265.306 0.585122
-224.49 1.04722
-183.673 -0.49756
-142.857 -6.12176
-102.041 0.826801
-61.2245 0.874125
-20.4082 0.474819
20.4082 0.282664
61.2245 0.186727
102.041 0.132801
142.857 0.0994233
183.673 0.077226
224.49 0.0616441
265.306 0.0502418
306.122 0.0416223
346.939 0.0349363
387.755 0.029642
428.571 0.0253785
469.388 0.0218975
510.204 0.0190221
551.02 0.0166236
591.837 0.014606
632.653 0.012896
673.469 0.0114373
714.286 0.0101856
755.102 0.00910569
795.918 0.00816952
836.735 0.00735424
877.551 0.00664126
918.367 0.00601529
959.184 0.00546369
1000 0.00497593
