-1000 0.000195091
-959.184 0.000207027
-918.367 0.000219937
-877.551 0.000233918
-836.735 0.000249083
-795.918 0.000265555
-755.102 0.000283474
-714.286 0.000302997
-673.469 0.000324303
-632.653 0.000347592
-591.837 0.000373091
-551.02 0.000401058
-510.204 0.000431786
-469.388 0.000465608
-428.571 0.000502902
-387.755 0.0005441
-346.939 0.000589695
-306.122 0.000640247
-265.306 0.000696398
-224.49 0.000758878
-183.673 0.000828518
-142.857 0.000906261
-102.041 0.000993173
-61.2245 0.00109045
-20.4082 0.00119942
20.4082 0.00132154
61.2245 0.00145835
102.041 0.00161148
142.857 0.00178245
183.673 0.00197259
224.49 0.0021827
265.306 0.00241255
306.122 0.00266014
346.939 0.00292045
387.755 0.0031836
428.571 0.003432
469.388 0.00363632
510.204 0.00374982
551.02 0.00370125
591.837 0.00338734
632.653 0.00266801
673.469 0.00137166
714.286 -0.00067673
755.102 -0.00358865
795.918 -0.00729928
836.735 -0.0114387
877.551 -0.01528
918.367 -0.0178896
959.184 -0.0185029
1000 -0.0169259
