-1000 0.00314259
-959.184 0.00334297
-918.367 0.00355941
-877.551 0.00379332
-836.735 0.00404625
-795.918 0.00431985
-755.102 0.00461587
-714.286 0.00493615
-673.469 0.0052826
-632.653 0.00565712
-591.837 0.0060616
-551.02 0.00649778
-510.204 0.00696711
-469.388 0.00747058
-428.571 0.00800843
-387.755 0.00857974
-346.939 0.00918196
-306.122 0.00981014
-265.306 0.010456
-224.49 0.0111066
-183.673 0.0117428
-142.857 0.0123371
-102.041 0.0128512
-61.2245 0.0132329
-20.4082 0.0134135
20.4082 0.0133047
61.2245 0.0127977
102.041 0.0117648
142.857 0.0100663
183.673 0.00756533
224.49 0.00415112
265.306 -0.000228543
306.122 -0.00553299
346.939 -0.0116035
387.755 -0.0181621
428.571 -0.0248423
469.388 -0.0312479
510.204 -0.0370187
551.02 -0.0418789
591.837 -0.045653
632.653 -0.0482527
673.469 -0.0496464
714.286 -0.0498282
755.102 -0.048798
795.918 -0.0465584
836.735 -0.0431306
877.551 -0.0385823
918.367 -0.0330603
959.184 -0.0268104
1000 -0.0201714
