-1000 0.00172813
-959.184 0.0018421
-918.367 0.00196514
-877.551 0.00209799
-836.735 0.00224143
-795.918 0.00239628
-755.102 0.00256334
-714.286 0.00274344
-673.469 0.00293734
-632.653 0.00314572
-591.837 0.0033691
-551.02 0.00360778
-510.204 0.00386164
-469.388 0.00413003
-428.571 0.00441146
-387.755 0.00470331
-346.939 0.00500131
-306.122 0.00529891
-265.306 0.0055864
-224.49 0.00584968
-183.673 0.0060686
-142.857 0.00621483
-102.041 0.00624887
-61.2245 0.00611635
-20.4082 0.00574346
20.4082 0.00503183
61.2245 0.00385395
102.041 0.00205166
142.857 -0.000556845
183.673 -0.00415226
224.49 -0.00885802
265.306 -0.0146412
306.122 -0.0211777
346.939 -0.027739
387.755 -0.0332177
428.571 -0.0364071
469.388 -0.0364889
510.204 -0.0334408
551.02 -0.028049
591.837 -0.0215131
632.653 -0.0149544
673.469 -0.00912287
714.286 -0.00436061
755.102 -0.000711792
795.918 0.00194195
836.735 0.0037801
877.551 0.00498521
918.367 0.00571686
959.184 0.00610412
1000 0.00624672
