-1000 0.00105449
-959.184 0.00112778
-918.367 0.00120797
-877.551 0.00129589
-836.735 0.00139249
-795.918 0.00149886
-755.102 0.00161624
-714.286 0.00174609
-673.469 0.0018901
-632.653 0.00205022
-591.837 0.00222875
-551.02 0.00242837
-510.204 0.00265225
-469.388 0.00290414
-428.571 0.00318849
-387.755 0.00351061
-346.939 0.00387688
-306.122 0.00429497
-265.306 0.00477416
-224.49 0.00532579
-183.673 0.00596368
-142.857 0.00670489
-102.041 0.0075705
-61.2245 0.00858675
-20.4082 0.00978649
20.4082 0.011211
61.2245 0.0129126
102.041 0.0149573
142.857 0.0174295
183.673 0.0204361
224.49 0.0241124
265.306 0.0286273
306.122 0.0341858
346.939 0.0410227
387.755 0.0493709
428.571 0.0593679
469.388 0.070809
510.204 0.0825309
551.02 0.0909285
591.837 0.0866931
632.653 0.0496686
673.469 -0.0490123
714.286 -0.205856
755.102 -0.331562
795.918 -0.36659
836.735 -0.344994
877.551 -0.237288
918.367 -0.0773269
959.184 0.0356913
1000 0.0827961
