-1000 -3.93057e-05
-959.184 -0.0002271
-918.367 -0.000444486
-877.551 -0.000690958
-836.735 -0.000964248
-795.918 -0.00125991
-755.102 -0.00157102
-714.286 -0.00188804
-673.469 -0.00219902
-632.653 -0.0024901
-591.837 -0.00274649
-551.02 -0.00295373
-510.204 -0.00309915
-469.388 -0.00317337
-428.571 -0.00317145
-387.755 -0.00309351
-346.939 -0.00294474
-306.122 -0.00273473
-265.306 -0.00247625
-224.49 -0.00218382
-183.673 -0.00187222
-142.857 -0.00155523
-102.041 -0.00124469
-61.2245 -0.000950005
-20.4082 -0.000677971
20.4082 -0.000432915
61.2245 -0.000217009
102.041 -3.06825e-05
142.857 0.000126949
183.673 0.000257678
224.49 0.000363857
265.306 0.000448129
306.122 0.000513215
346.939 0.00056177
387.755 0.000596287
428.571 0.000619042
469.388 0.000632066
510.204 0.000637141
551.02 0.000635809
591.837 0.000629384
632.653 0.00061898
673.469 0.000605524
714.286 0.000589791
755.102 0.000572414
795.918 0.000553913
836.735 0.000534707
877.551 0.000515133
918.367 0.00049546
959.184 0.000475896
1000 0.000456606
