-1000 -0.16114
-959.184 -0.321391
-918.367 -0.40297
-877.551 -0.438377
-836.735 -0.446074
-795.918 -0.417232
-755.102 -0.359824
-714.286 -0.222064
-673.469 -0.0558895
-632.653 0.0514061
-591.837 0.0962329
-551.02 0.106964
-510.204 0.10347
-469.388 0.095073
-428.571 0.0855795
-387.755 0.0764328
-346.939 0.0681163
-306.122 0.060733
-265.306 0.054242
-224.49 0.0485538
-183.673 0.0435696
-142.857 0.0391958
-102.041 0.0353493
-61.2245 0.0319581
-20.4082 0.0289604
20.4082 0.0263038
61.2245 0.0239434
102.041 0.0218411
142.857 0.0199642
183.673 0.0182846
224.49 0.0167784
265.306 0.0154247
306.122 0.0142055
346.939 0.0131054
387.755 0.0121107
428.571 0.0112097
469.388 0.0103921
510.204 0.00964876
551.02 0.00897182
591.837 0.0083543
632.653 0.00779006
673.469 0.00727369
714.286 0.00680038
755.102 0.0063659
795.918 0.00596646
836.735 0.00559872
877.551 0.00525969
918.367 0.0049467
959.184 0.00465736
1000 0.00438955
