-1000 -0.00404131
-959.184 -0.00410788
-918.367 -0.0040825
-877.551 -0.0039668
-836.735 -0.00376802
-795.918 -0.00349815
-755.102 -0.00317252
-714.286 -0.00280811
-673.469 -0.00242202
-632.653 -0.00203003
-591.837 -0.00164573
-551.02 -0.0012799
-510.204 -0.000940425
-469.388 -0.000632444
-428.571 -0.000358665
-387.755 -0.000119833
-346.939 8.48151e-05
-306.122 0.000257107
-265.306 0.000399561
-224.49 0.000515079
-183.673 0.000606711
-142.857 0.000677483
-102.041 0.000730284
-61.2245 0.000767789
-20.4082 0.000792426
20.4082 0.000806356
61.2245 0.000811475
102.041 0.000809428
142.857 0.000801627
183.673 0.000789273
224.49 0.000773379
265.306 0.000754793
306.122 0.000734221
346.939 0.000712245
387.755 0.000689343
428.571 0.000665903
469.388 0.000642238
510.204 0.000618599
551.02 0.000595185
591.837 0.00057215
632.653 0.000549612
673.469 0.000527661
714.286 0.000506361
755.102 0.000485757
795.918 0.000465879
836.735 0.000446742
877.551 0.000428351
918.367 0.000410705
959.184 0.000393795
1000 0.000377608
