-1000 0.00760245
-959.184 0.00754887
-918.367 0.00722313
-877.551 0.00652911
-836.735 0.00536166
-795.918 0.00361994
-755.102 0.00122914
-714.286 -0.00183147
-673.469 -0.00550101
-632.653 -0.00962167
-591.837 -0.0139473
-551.02 -0.018179
-510.204 -0.0220167
-469.388 -0.0252067
-428.571 -0.027567
-387.755 -0.0289879
-346.939 -0.029416
-306.122 -0.0288373
-265.306 -0.0272709
-224.49 -0.0247775
-183.673 -0.0214769
-142.857 -0.0175624
-102.041 -0.0132969
-61.2245 -0.00898366
-20.4082 -0.00491686
20.4082 -0.00133101
61.2245 0.00163076
102.041 0.00392122
142.857 0.00557109
183.673 0.00666079
224.49 0.00729297
265.306 0.00757209
306.122 0.00759223
346.939 0.00743169
387.755 0.00715206
428.571 0.00679973
469.388 0.00640843
510.204 0.00600189
551.02 0.00559622
591.837 0.00520197
632.653 0.00482565
673.469 0.00447094
714.286 0.00413961
755.102 0.00383209
795.918 0.00354797
836.735 0.00328631
877.551 0.00304585
918.367 0.0028252
959.184 0.00262288
1000 0.00243744
