-1000 0.000466768
-959.184 0.000490816
-918.367 0.000516386
-877.551 0.000543584
-836.735 0.000572519
-795.918 0.000603305
-755.102 0.000636064
-714.286 0.000670918
-673.469 0.000707997
-632.653 0.000747427
-591.837 0.000789337
-551.02 0.000833851
-510.204 0.000881082
-469.388 0.000931133
-428.571 0.00098408
-387.755 0.00103997
-346.939 0.00109881
-306.122 0.00116053
-265.306 0.001225
-224.49 0.00129196
-183.673 0.001361
-142.857 0.00143155
-102.041 0.00150277
-61.2245 0.0015735
-20.4082 0.00164219
20.4082 0.00170677
61.2245 0.00176455
102.041 0.00181201
142.857 0.00184469
183.673 0.00185692
224.49 0.00184167
265.306 0.00179024
306.122 0.00169215
346.939 0.00153498
387.755 0.00130444
428.571 0.000984636
469.388 0.000558853
510.204 1.08461e-05
551.02 -0.000672992
591.837 -0.00150053
632.653 -0.00246985
673.469 -0.00356454
714.286 -0.00474926
755.102 -0.00596687
795.918 -0.00713914
836.735 -0.00817274
877.551 -0.00897106
918.367 -0.00945049
959.184 -0.00955711
1000 -0.00927852
