-1000 0.342239
-959.184 0.68004
-918.367 1.25011
-877.551 -1.2886
-836.735 -4.61461
-795.918 1.22977
-755.102 0.869284
-714.286 0.431747
-673.469 0.22898
-632.653 0.132655
-591.837 0.0827815
-551.02 0.0548063
-510.204 0.0380347
-469.388 0.0274177
-428.571 0.0203894
-387.755 0.0155606
-346.939 0.0121376
-306.122 0.00964584
-265.306 0.00778992
-224.49 0.00637987
-183.673 0.00528979
-142.857 0.00443401
-102.041 0.00375296
-61.2245 0.00320429
-20.4082 0.0027574
20.4082 0.00238978
61.2245 0.00208461
102.041 0.00182921
142.857 0.00161383
183.673 0.00143095
224.49 0.00127466
265.306 0.00114031
306.122 0.00102417
346.939 0.000923278
387.755 0.000835201
428.571 0.000757973
469.388 0.000689974
510.204 0.000629866
551.02 0.000576538
591.837 0.000529061
632.653 0.000486654
673.469 0.000448659
714.286 0.000414516
755.102 0.00038375
795.918 0.000355954
836.735 0.000330777
877.551 0.000307919
918.367 0.000287119
959.184 0.00026815
1000 0.000250815
