-1000 0.00101615
-959.184 0.00101745
-918.367 0.00100983
-877.551 0.000991354
-836.735 0.000959833
-795.918 0.000912815
-755.102 0.000847608
-714.286 0.00076132
-673.469 0.000650923
-632.653 0.00051336
-591.837 0.000345692
-551.02 0.000145289
-510.204 -8.99203e-05
-469.388 -0.00036116
-428.571 -0.000668483
-387.755 -0.00101044
-346.939 -0.00138374
-306.122 -0.00178303
-265.306 -0.00220075
-224.49 -0.0026271
-183.673 -0.00305032
-142.857 -0.0034571
-102.041 -0.00383321
-61.2245 -0.00416436
-20.4082 -0.00443707
20.4082 -0.00463971
61.2245 -0.00476329
102.041 -0.00480221
142.857 -0.00475468
183.673 -0.00462288
224.49 -0.00441278
265.306 -0.00413366
306.122 -0.00379739
346.939 -0.00341756
387.755 -0.00300851
428.571 -0.00258439
469.388 -0.00215841
510.204 -0.00174213
551.02 -0.00134513
591.837 -0.00097476
632.653 -0.000636155
673.469 -0.000332402
714.286 -6.47902e-05
755.102 0.000166867
795.918 0.000363892
836.735 0.000528425
877.551 0.000663135
918.367 0.000770983
959.184 0.000855029
1000 0.000918289
