-1000 0.00205423
-959.184 0.00227234
-918.367 0.00250966
-877.551 0.00276316
-836.735 0.00302615
-795.918 0.00328606
-755.102 0.00352118
-714.286 0.00369598
-673.469 0.00375483
-632.653 0.00361454
-591.837 0.00315732
-551.02 0.00222894
-510.204 0.000651228
-469.388 -0.00173611
-428.571 -0.00498973
-387.755 -0.00893672
-346.939 -0.0130618
-306.122 -0.0165232
-265.306 -0.0184012
-224.49 -0.0181215
-183.673 -0.0157728
-142.857 -0.0120558
-102.041 -0.00790673
-61.2245 -0.00409936
-20.4082 -0.00105741
20.4082 0.00111623
61.2245 0.0025148
102.041 0.00330919
142.857 0.00367408
183.673 0.00375499
224.49 0.00366056
265.306 0.00346638
306.122 0.00322236
346.939 0.00296007
387.755 0.00269855
428.571 0.00244864
469.388 0.00221595
510.204 0.00200283
551.02 0.00180972
591.837 0.00163595
632.653 0.00148024
673.469 0.00134108
714.286 0.00121686
755.102 0.00110602
795.918 0.00100707
836.735 0.000918686
877.551 0.000839639
918.367 0.000768846
959.184 0.000705348
1000 0.000648296
