-1000 0.0122576
-959.184 -0.0046469
-918.367 -0.0282464
-877.551 -0.0545063
-836.735 -0.0774455
-795.918 -0.0926859
-755.102 -0.0986478
-714.286 -0.0950665
-673.469 -0.0820789
-632.653 -0.0607749
-591.837 -0.034789
-551.02 -0.0100162
-510.204 0.00874305
-469.388 0.020098
-428.571 0.0253022
-387.755 0.0264412
-346.939 0.0253154
-306.122 0.0231372
-265.306 0.0206139
-224.49 0.0181153
-183.673 0.0158119
-142.857 0.013766
-102.041 0.0119851
-61.2245 0.0104515
-20.4082 0.00913778
20.4082 0.00801447
61.2245 0.00705367
102.041 0.00623051
142.857 0.0055235
183.673 0.00491442
224.49 0.00438795
265.306 0.00393129
306.122 0.00353378
346.939 0.00318653
387.755 0.00288211
428.571 0.00261433
469.388 0.00237799
510.204 0.00216873
551.02 0.00198286
591.837 0.00181727
632.653 0.00166933
673.469 0.00153678
714.286 0.00141771
755.102 0.00131047
795.918 0.00121365
836.735 0.00112602
877.551 0.00104654
918.367 0.000974299
959.184 0.000908489
1000 0.000848422
