-1000 0.00141806
-959.184 0.00135931
-918.367 0.00128117
-877.551 0.0011812
-836.735 0.00105701
-795.918 0.00090628
-755.102 0.000726879
-714.286 0.000517027
-673.469 0.000275414
-632.653 1.36981e-06
-591.837 -0.000304987
-551.02 -0.000642605
-510.204 -0.00100939
-469.388 -0.00140214
-428.571 -0.00181651
-387.755 -0.00224713
-346.939 -0.00268766
-306.122 -0.00313104
-265.306 -0.00356968
-224.49 -0.0039958
-183.673 -0.00440165
-142.857 -0.00477982
-102.041 -0.00512344
-61.2245 -0.0054264
-20.4082 -0.00568342
20.4082 -0.00589016
61.2245 -0.00604323
102.041 -0.00614017
142.857 -0.00617948
183.673 -0.00616054
224.49 -0.00608364
265.306 -0.00594999
306.122 -0.0057617
346.939 -0.00552183
387.755 -0.00523439
428.571 -0.00490435
469.388 -0.00453752
510.204 -0.00414054
551.02 -0.00372065
591.837 -0.0032855
632.653 -0.0028429
673.469 -0.00240054
714.286 -0.00196569
755.102 -0.00154496
795.918 -0.0011441
836.735 -0.000767802
877.551 -0.000419682
918.367 -0.000102212
959.184 0.0001832
1000 0.000436124
