-1000 0.00142354
-959.184 0.00154247
-918.367 0.00167476
-877.551 0.00182231
-836.735 0.00198731
-795.918 0.00217238
-755.102 0.00238057
-714.286 0.00261549
-673.469 0.00288146
-632.653 0.00318359
-591.837 0.00352802
-551.02 0.00392211
-510.204 0.00437474
-469.388 0.00489668
-428.571 0.00550097
-387.755 0.00620354
-346.939 0.00702385
-306.122 0.00798573
-265.306 0.00911837
-224.49 0.0104576
-183.673 0.012047
-142.857 0.0139395
-102.041 0.0161985
-61.2245 0.0188974
-20.4082 0.0221173
20.4082 0.0259385
61.2245 0.030417
102.041 0.0355309
142.857 0.0410525
183.673 0.0462458
224.49 0.0491412
265.306 0.0448361
306.122 0.0220505
346.939 -0.0401789
387.755 -0.158381
428.571 -0.282543
469.388 -0.286534
510.204 -0.165357
551.02 -0.0447597
591.837 0.0200872
632.653 0.0442688
673.469 0.0491575
714.286 0.0464699
755.102 0.0413296
795.918 0.0358006
836.735 0.0306583
877.551 0.0261465
918.367 0.0222935
959.184 0.0190453
1000 0.0163223
