-1000 0.00207641
-959.184 0.00188339
-918.367 0.00162865
-877.551 0.00130466
-836.735 0.000904797
-795.918 0.000424063
-755.102 -0.000140084
-714.286 -0.00078693
-673.469 -0.00151177
-632.653 -0.00230538
-591.837 -0.00315388
-551.02 -0.00403895
-510.204 -0.00493861
-469.388 -0.0058283
-428.571 -0.00668233
-387.755 -0.00747539
-346.939 -0.00818386
-306.122 -0.00878696
-265.306 -0.00926748
-224.49 -0.00961215
-183.673 -0.00981174
-142.857 -0.00986105
-102.041 -0.0097588
-61.2245 -0.00950763
-20.4082 -0.00911416
20.4082 -0.00858902
61.2245 -0.00794688
102.041 -0.00720628
142.857 -0.00638908
183.673 -0.00551964
224.49 -0.00462357
265.306 -0.00372633
306.122 -0.00285172
346.939 -0.00202056
387.755 -0.00124968
428.571 -0.00055133
469.388 6.68889e-05
510.204 0.000601739
551.02 0.00105374
591.837 0.00142638
632.653 0.00172532
673.469 0.00195757
714.286 0.00213085
755.102 0.00225306
795.918 0.00233183
836.735 0.00237431
877.551 0.00238699
918.367 0.00237561
959.184 0.00234516
1000 0.00229992
