-1000 0.00305626
-959.184 0.00335774
-918.367 0.00369521
-877.551 0.00407287
-836.735 0.00449501
-795.918 0.00496574
-755.102 0.00548848
-714.286 0.00606515
-673.469 0.00669474
-632.653 0.00737126
-591.837 0.0080803
-551.02 0.00879408
-510.204 0.00946398
-469.388 0.0100103
-428.571 0.0103089
-387.755 0.0101764
-346.939 0.00935866
-306.122 0.00753261
-265.306 0.00434126
-224.49 -0.000517481
-183.673 -0.00713952
-142.857 -0.0152394
-102.041 -0.0240541
-61.2245 -0.0324387
-20.4082 -0.0391544
20.4082 -0.0431902
61.2245 -0.0439578
102.041 -0.0413483
142.857 -0.0357361
183.673 -0.0279563
224.49 -0.0191798
265.306 -0.0106361
306.122 -0.00328564
346.939 0.00237374
387.755 0.00628624
428.571 0.00868297
469.388 0.00991116
510.204 0.0103161
551.02 0.0101847
591.837 0.00973134
632.653 0.00910488
673.469 0.00840324
714.286 0.00768758
755.102 0.00699399
795.918 0.00634213
836.735 0.00574128
877.551 0.00519438
918.367 0.00470059
959.184 0.00425707
1000 0.00385993
