-1000 0.00209385
-959.184 0.00199677
-918.367 0.00184585
-877.551 0.00162873
-836.735 0.00133131
-795.918 0.000938092
-755.102 0.00043277
-714.286 -0.000200684
-673.469 -0.000976197
-632.653 -0.00190294
-591.837 -0.00298174
-551.02 -0.00420066
-510.204 -0.00553037
-469.388 -0.00692036
-428.571 -0.00829755
-387.755 -0.00956944
-346.939 -0.010633
-306.122 -0.0113892
-265.306 -0.0117605
-224.49 -0.0117068
-183.673 -0.0112338
-142.857 -0.0103923
-102.041 -0.00926691
-61.2245 -0.00795924
-20.4082 -0.00657083
20.4082 -0.00518993
61.2245 -0.00388405
102.041 -0.00269817
142.857 -0.00165685
183.673 -0.000768387
224.49 -2.94891e-05
265.306 0.000570506
306.122 0.00104626
346.939 0.00141402
387.755 0.00168996
428.571 0.00188928
469.388 0.00202564
510.204 0.00211099
551.02 0.00215557
591.837 0.00216798
632.653 0.0021554
673.469 0.00212369
714.286 0.00207765
755.102 0.00202115
795.918 0.0019573
836.735 0.00188856
877.551 0.00181687
918.367 0.00174376
959.184 0.00167039
1000 0.00159766
