-1000 0.0103096
-959.184 0.0102106
-918.367 0.00990857
-877.551 0.0093414
-836.735 0.00843342
-795.918 0.00709461
-755.102 0.0052216
-714.286 0.00270155
-673.469 -0.000578765
-632.653 -0.00471677
-591.837 -0.00976883
-551.02 -0.0157165
-510.204 -0.0224287
-469.388 -0.0296314
-428.571 -0.0368994
-387.755 -0.0436853
-346.939 -0.049388
-306.122 -0.0534474
-265.306 -0.0554399
-224.49 -0.0551513
-183.673 -0.0526129
-142.857 -0.0480961
-102.041 -0.0420668
-61.2245 -0.0351046
-20.4082 -0.0278055
20.4082 -0.0206913
61.2245 -0.0141505
102.041 -0.0084195
142.857 -0.00359778
183.673 0.000318391
224.49 0.00339853
265.306 0.005746
306.122 0.00747515
346.939 0.00869704
387.755 0.00951195
428.571 0.0100063
469.388 0.0102522
510.204 0.0103087
551.02 0.0102232
591.837 0.0100333
632.653 0.00976852
673.469 0.00945202
714.286 0.00910158
755.102 0.00873086
795.918 0.00835021
836.735 0.00796742
877.551 0.00758826
918.367 0.00721692
959.184 0.00685635
1000 0.0065086
