-1000 0.000532223
-959.184 0.000560345
-918.367 0.000590241
-877.551 0.000622021
-836.735 0.000655797
-795.918 0.000691684
-755.102 0.000729794
-714.286 0.000770235
-673.469 0.000813109
-632.653 0.000858505
-591.837 0.000906492
-551.02 0.00095711
-510.204 0.00101036
-469.388 0.0010662
-428.571 0.0011245
-387.755 0.00118504
-346.939 0.00124749
-306.122 0.00131133
-265.306 0.00137586
-224.49 0.00144011
-183.673 0.00150276
-142.857 0.00156208
-102.041 0.00161583
-61.2245 0.00166112
-20.4082 0.0016943
20.4082 0.00171082
61.2245 0.00170507
102.041 0.00167027
142.857 0.00159834
183.673 0.00147997
224.49 0.00130465
265.306 0.00106105
306.122 0.000737588
346.939 0.000323388
387.755 -0.000190355
428.571 -0.000808595
469.388 -0.00153034
510.204 -0.00234646
551.02 -0.00323781
591.837 -0.00417419
632.653 -0.0051146
673.469 -0.00600936
714.286 -0.00680404
755.102 -0.00744496
795.918 -0.00788543
836.735 -0.00809171
877.551 -0.00804757
918.367 -0.00775651
959.184 -0.00724127
1000 -0.00654073
