-1000 0.000477978
-959.184 0.000518064
-918.367 0.00056267
-877.551 0.000612435
-836.735 0.000668109
-795.918 0.00073057
-755.102 0.000800854
-714.286 0.000880183
-673.469 0.000970006
-632.653 0.00107205
-591.837 0.00118836
-551.02 0.00132142
-510.204 0.00147415
-469.388 0.00165011
-428.571 0.00185356
-387.755 0.00208961
-346.939 0.00236441
-306.122 0.00268529
-265.306 0.00306089
-224.49 0.00350124
-183.673 0.00401764
-142.857 0.00462205
-102.041 0.00532567
-61.2245 0.00613587
-20.4082 0.00704988
20.4082 0.00804269
61.2245 0.00904456
102.041 0.00990109
142.857 0.0103072
183.673 0.00971086
224.49 0.00721246
265.306 0.00156996
306.122 -0.0084086
346.939 -0.0227076
387.755 -0.0383868
428.571 -0.0492713
469.388 -0.0495683
510.204 -0.0391042
551.02 -0.0234992
591.837 -0.00903076
632.653 0.00118148
673.469 0.0070163
714.286 0.00964025
755.102 0.0103071
795.918 0.00993549
836.735 0.00909263
877.551 0.00809343
918.367 0.007098
959.184 0.0061792
1000 0.00536362
