-1000 0.000895599
-959.184 0.000938401
-918.367 0.000983524
-877.551 0.00103107
-836.735 0.00108114
-795.918 0.00113382
-755.102 0.00118919
-714.286 0.00124732
-673.469 0.00130823
-632.653 0.00137195
-591.837 0.00143844
-551.02 0.00150761
-510.204 0.00157931
-469.388 0.0016533
-428.571 0.00172924
-387.755 0.00180664
-346.939 0.00188484
-306.122 0.00196297
-265.306 0.00203989
-224.49 0.00211416
-183.673 0.00218393
-142.857 0.00224686
-102.041 0.00230008
-61.2245 0.00234001
-20.4082 0.00236228
20.4082 0.00236163
61.2245 0.00233172
102.041 0.00226506
142.857 0.00215294
183.673 0.00198535
224.49 0.00175112
265.306 0.00143803
306.122 0.00103333
346.939 0.000524365
387.755 -0.000100371
428.571 -0.000849765
469.388 -0.00172822
510.204 -0.00273339
551.02 -0.00385377
591.837 -0.00506643
632.653 -0.00633541
673.469 -0.00761146
714.286 -0.00883369
755.102 -0.00993358
795.918 -0.0108413
836.735 -0.0114934
877.551 -0.0118413
918.367 -0.0118581
959.184 -0.0115425
1000 -0.0109189
