-1000 0.00961612
-959.184 0.0101142
-918.367 0.0103249
-877.551 0.0100478
-836.735 0.00901049
-795.918 0.00687646
-755.102 0.00329155
-714.286 -0.00201108
-673.469 -0.00904752
-632.653 -0.0174159
-591.837 -0.02624
-551.02 -0.0343196
-510.204 -0.0404456
-469.388 -0.043701
-428.571 -0.0436156
-387.755 -0.0402015
-346.939 -0.0339528
-306.122 -0.0258059
-265.306 -0.0169777
-224.49 -0.00865874
-183.673 -0.00170345
-142.857 0.00351008
-102.041 0.0070148
-61.2245 0.00908542
-20.4082 0.0100772
20.4082 0.010324
61.2245 0.0100947
102.041 0.00958637
142.857 0.0089336
183.673 0.00822388
224.49 0.00751112
265.306 0.0068266
306.122 0.00618693
346.939 0.00559948
387.755 0.00506604
428.571 0.00458514
469.388 0.0041536
510.204 0.00376739
551.02 0.00342223
591.837 0.00311387
632.653 0.00283834
673.469 0.00259194
714.286 0.00237136
755.102 0.00217362
795.918 0.00199608
836.735 0.00183641
877.551 0.00169257
918.367 0.00156275
959.184 0.00144537
1000 0.00133904
