-1000 0.000730348
-959.184 0.000657274
-918.367 0.000566812
-877.551 0.000457091
-836.735 0.000326324
-795.918 0.000172915
-755.102 -4.42733e-06
-714.286 -0.000206545
-673.469 -0.000433683
-632.653 -0.000685324
-591.837 -0.000960042
-551.02 -0.00125536
-510.204 -0.00156767
-469.388 -0.00189217
-428.571 -0.00222291
-387.755 -0.00255292
-346.939 -0.00287436
-306.122 -0.00317888
-265.306 -0.00345791
-224.49 -0.00370312
-183.673 -0.00390681
-142.857 -0.00406232
-102.041 -0.00416446
-61.2245 -0.00420971
-20.4082 -0.00419653
20.4082 -0.00412537
61.2245 -0.00399867
102.041 -0.00382074
142.857 -0.00359748
183.673 -0.00333604
224.49 -0.00304449
265.306 -0.00273129
306.122 -0.00240499
346.939 -0.00207373
387.755 -0.00174499
428.571 -0.00142531
469.388 -0.00112012
510.204 -0.000833696
551.02 -0.000569122
591.837 -0.000328388
632.653 -0.000112495
673.469 7.84043e-05
714.286 0.000244842
755.102 0.000387881
795.918 0.000508966
836.735 0.000609793
877.551 0.000692196
918.367 0.000758062
959.184 0.000809258
1000 0.00084758
