-1000 0.00387996
-959.184 0.00415944
-918.367 0.00446143
-877.551 0.0047872
-836.735 0.00513781
-795.918 0.0055139
-755.102 0.00591556
-714.286 0.00634192
-673.469 0.00679079
-632.653 0.00725811
-591.837 0.00773709
-551.02 0.00821726
-510.204 0.00868311
-469.388 0.00911233
-428.571 0.00947375
-387.755 0.00972476
-346.939 0.00980856
-306.122 0.00965148
-265.306 0.00916108
-224.49 0.00822623
-183.673 0.00672114
-142.857 0.00451543
-102.041 0.00149303
-61.2245 -0.00241946
-20.4082 -0.00721718
20.4082 -0.0127823
61.2245 -0.0188639
102.041 -0.0250857
142.857 -0.0309886
183.673 -0.0360966
224.49 -0.039986
265.306 -0.042337
306.122 -0.0429605
346.939 -0.0418072
387.755 -0.0389686
428.571 -0.0346745
469.388 -0.02928
510.204 -0.0232308
551.02 -0.0170054
591.837 -0.0110445
632.653 -0.00568944
673.469 -0.00115064
714.286 0.00249105
755.102 0.00525815
795.918 0.00724037
836.735 0.00856063
877.551 0.00934947
918.367 0.00972903
959.184 0.00980501
1000 0.00966413
