-1000 0.000428002
-959.184 0.000451364
-918.367 0.000476185
-877.551 0.000502541
-836.735 0.000530506
-795.918 0.000560146
-755.102 0.000591517
-714.286 0.000624664
-673.469 0.000659606
-632.653 0.000696335
-591.837 0.000734805
-551.02 0.000774913
-510.204 0.000816488
-469.388 0.000859266
-428.571 0.000902866
-387.755 0.000946749
-346.939 0.000990187
-306.122 0.0010322
-265.306 0.0010715
-224.49 0.00110643
-183.673 0.00113484
-142.857 0.00115403
-102.041 0.00116064
-61.2245 0.00115053
-20.4082 0.00111869
20.4082 0.00105918
61.2245 0.000965113
102.041 0.00082879
142.857 0.000641908
183.673 0.000396047
224.49 8.34198e-05
265.306 -0.000302042
306.122 -0.000763264
346.939 -0.00129834
387.755 -0.00189874
428.571 -0.00254784
469.388 -0.00322009
510.204 -0.00388146
551.02 -0.00449156
591.837 -0.00500737
632.653 -0.00538848
673.469 -0.00560274
714.286 -0.00563125
755.102 -0.00547143
795.918 -0.00513752
836.735 -0.00465814
877.551 -0.00407182
918.367 -0.00342138
959.184 -0.00274848
1000 -0.00208935
