-1000 0.00116666
-959.184 0.00122858
-918.367 0.00129207
-877.551 0.00135649
-836.735 0.00142094
-795.918 0.00148422
-755.102 0.00154475
-714.286 0.00160045
-673.469 0.00164862
-632.653 0.00168587
-591.837 0.00170793
-551.02 0.00170952
-510.204 0.00168421
-469.388 0.00162435
-428.571 0.00152096
-387.755 0.00136389
-346.939 0.00114199
-306.122 0.000843685
-265.306 0.000457757
-224.49 -2.53896e-05
-183.673 -0.000612072
-142.857 -0.00130331
-102.041 -0.00209264
-61.2245 -0.00296409
-20.4082 -0.0038908
20.4082 -0.00483488
61.2245 -0.00574893
102.041 -0.00657942
142.857 -0.00727181
183.673 -0.00777665
224.49 -0.00805576
265.306 -0.00808729
306.122 -0.00786875
346.939 -0.00741733
387.755 -0.00676753
428.571 -0.00596654
469.388 -0.00506823
510.204 -0.0041269
551.02 -0.00319188
591.837 -0.00230366
632.653 -0.0014919
673.469 -0.000775187
714.286 -0.000162207
755.102 0.000346401
795.918 0.000755832
836.735 0.00107503
877.551 0.00131494
918.367 0.00148715
959.184 0.00160296
1000 0.00167282
