-1000 0.00304975
-959.184 0.00327765
-918.367 0.00352895
-877.551 0.00380674
-836.735 0.0041146
-795.918 0.00445676
-755.102 0.00483814
-714.286 0.00526457
-673.469 0.00574292
-632.653 0.00628139
-591.837 0.00688981
-551.02 0.00757996
-510.204 0.00836615
-469.388 0.00926579
-428.571 0.0103003
-387.755 0.011496
-346.939 0.0128859
-306.122 0.0145114
-265.306 0.016425
-224.49 0.0186941
-183.673 0.021406
-142.857 0.0246751
-102.041 0.0286537
-61.2245 0.0335469
-20.4082 0.039636
20.4082 0.047313
61.2245 0.0571359
102.041 0.0699158
142.857 0.0868621
183.673 0.10983
224.49 0.141762
265.306 0.187522
306.122 0.255591
346.939 0.361907
387.755 0.539798
428.571 0.866452
469.388 1.46754
510.204 1.00252
551.02 -5.45115
591.837 2.19308
632.653 -1.99537
673.469 -0.358125
714.286 1.98046
755.102 -4.30559
795.918 2.79925
836.735 -2.90398
877.551 0.388428
918.367 0.888323
959.184 -4.70238
1000 1.58417
