-1000 0.00299795
-959.184 0.00291791
-918.367 0.00275405
-877.551 0.00248297
-836.735 0.00207798
-795.918 0.00151002
-755.102 0.000749668
-714.286 -0.000229547
-673.469 -0.00144614
-632.653 -0.00290408
-591.837 -0.00458506
-551.02 -0.00644098
-510.204 -0.0083889
-469.388 -0.0103113
-428.571 -0.0120638
-387.755 -0.0134923
-346.939 -0.0144559
-306.122 -0.0148523
-265.306 -0.0146377
-224.49 -0.0138358
-183.673 -0.0125333
-142.857 -0.0108619
-102.041 -0.00897445
-61.2245 -0.00702041
-20.4082 -0.00512654
20.4082 -0.00338651
61.2245 -0.00185851
102.041 -0.000569073
142.857 0.000479932
183.673 0.00130342
224.49 0.00192606
265.306 0.00237683
306.122 0.00268514
346.939 0.00287855
387.755 0.0029815
428.571 0.00301484
469.388 0.00299588
510.204 0.00293863
551.02 0.00285424
591.837 0.00275144
632.653 0.00263694
673.469 0.00251585
714.286 0.00239199
755.102 0.00226817
795.918 0.00214641
836.735 0.00202811
877.551 0.00191423
918.367 0.00180538
959.184 0.00170189
1000 0.00160391
