-1000 -0.00589832
-959.184 -0.0110521
-918.367 -0.0171964
-877.551 -0.0238544
-836.735 -0.0301304
-795.918 -0.0348284
-755.102 -0.0368343
-714.286 -0.0356164
-673.469 -0.0315017
-632.653 -0.0255029
-591.837 -0.0188406
-551.02 -0.0125071
-510.204 -0.00708205
-469.388 -0.00277176
-428.571 0.000459624
-387.755 0.00276453
-346.939 0.00432851
-306.122 0.00532676
-265.306 0.00590689
-224.49 0.00618583
-183.673 0.00625276
-142.857 0.00617412
-102.041 0.00599859
-61.2245 0.0057614
-20.4082 0.00548771
20.4082 0.00519533
61.2245 0.00489666
102.041 0.0046002
142.857 0.00431161
183.673 0.00403451
224.49 0.00377109
265.306 0.0035225
306.122 0.00328919
346.939 0.0030711
387.755 0.00286786
428.571 0.00267887
469.388 0.00250343
510.204 0.00234074
551.02 0.00218997
591.837 0.00205033
632.653 0.00192099
673.469 0.00180121
714.286 0.00169025
755.102 0.00158742
795.918 0.0014921
836.735 0.00140367
877.551 0.0013216
918.367 0.00124538
959.184 0.00117454
1000 0.00110866
