-1000 0.00190833
-959.184 0.00204575
-918.367 0.00219451
-877.551 0.00235535
-836.735 0.00252899
-795.918 0.00271601
-755.102 0.0029168
-714.286 0.00313145
-673.469 0.00335955
-632.653 0.00360002
-591.837 0.00385076
-551.02 0.00410825
-510.204 0.00436701
-469.388 0.00461882
-428.571 0.00485182
-387.755 0.0050492
-346.939 0.00518775
-306.122 0.00523607
-265.306 0.00515263
-224.49 0.00488396
-183.673 0.00436356
-142.857 0.00351246
-102.041 0.00224296
-61.2245 0.000467651
-20.4082 -0.0018842
20.4082 -0.00484147
61.2245 -0.00835905
102.041 -0.0122855
142.857 -0.0163441
183.673 -0.0201439
224.49 -0.0232331
265.306 -0.0251886
306.122 -0.0257188
346.939 -0.0247418
387.755 -0.0224078
428.571 -0.0190577
469.388 -0.015134
510.204 -0.0110786
551.02 -0.00725161
591.837 -0.00389161
632.653 -0.00111526
673.469 0.00105811
714.286 0.00267309
755.102 0.00380763
795.918 0.00455059
836.735 0.00498771
877.551 0.00519443
918.367 0.00523331
959.184 0.00515405
1000 0.00499496
