-1000 0.0154336
-959.184 0.0176464
-918.367 0.0201963
-877.551 0.023091
-836.735 0.0262881
-795.918 0.0296427
-755.102 0.0328191
-714.286 0.0351525
-673.469 0.0354801
-632.653 0.0320416
-591.837 0.0227415
-551.02 0.00619599
-510.204 -0.0165046
-469.388 -0.0409869
-428.571 -0.0618719
-387.755 -0.0763455
-346.939 -0.0847419
-306.122 -0.0888202
-265.306 -0.0903306
-224.49 -0.0901287
-183.673 -0.0880986
-142.857 -0.0831254
-102.041 -0.0733482
-61.2245 -0.0572055
-20.4082 -0.0350151
20.4082 -0.0104447
61.2245 0.0110105
102.041 0.0257195
142.857 0.0333695
183.673 0.0356727
224.49 0.0347017
265.306 0.0320708
306.122 0.0288033
346.939 0.0254659
387.755 0.022336
428.571 0.0195262
469.388 0.0170625
510.204 0.0149297
551.02 0.013095
591.837 0.0115207
632.653 0.0101699
673.469 0.00900933
714.286 0.00800977
755.102 0.0071464
795.918 0.00639821
836.735 0.0057476
877.551 0.00517986
918.367 0.00468268
959.184 0.00424578
1000 0.00386054
