-1000 0.00176714
-959.184 0.00183361
-918.367 0.00189736
-877.551 0.00195675
-836.735 0.00200974
-795.918 0.00205385
-755.102 0.00208605
-714.286 0.00210273
-673.469 0.00209962
-632.653 0.00207175
-591.837 0.00201341
-551.02 0.00191822
-510.204 0.00177919
-469.388 0.00158888
-428.571 0.00133976
-387.755 0.00102456
-346.939 0.000636872
-306.122 0.000171862
-265.306 -0.000372946
-224.49 -0.000996818
-183.673 -0.00169503
-142.857 -0.00245826
-102.041 -0.00327234
-61.2245 -0.0041184
-20.4082 -0.0049735
20.4082 -0.00581173
61.2245 -0.00660565
102.041 -0.00732793
142.857 -0.00795292
183.673 -0.0084581
224.49 -0.00882517
265.306 -0.00904084
306.122 -0.00909733
346.939 -0.00899261
387.755 -0.00873044
428.571 -0.00832031
469.388 -0.00777705
510.204 -0.00712035
551.02 -0.00637378
591.837 -0.00556365
632.653 -0.00471752
673.469 -0.00386252
714.286 -0.00302381
755.102 -0.00222321
795.918 -0.00147822
836.735 -0.000801552
877.551 -0.000201098
918.367 0.000319686
959.184 0.000761115
1000 0.00112646
