-1000 0.000796162
-959.184 0.00083033
-918.367 0.000865966
-877.551 0.000903084
-836.735 0.000941682
-795.918 0.000981741
-755.102 0.00102322
-714.286 0.00106605
-673.469 0.00111012
-632.653 0.0011553
-591.837 0.00120137
-551.02 0.00124808
-510.204 0.0012951
-469.388 0.00134197
-428.571 0.00138818
-387.755 0.00143303
-346.939 0.00147569
-306.122 0.00151513
-265.306 0.00155012
-224.49 0.00157915
-183.673 0.00160041
-142.857 0.00161178
-102.041 0.00161071
-61.2245 0.00159426
-20.4082 0.001559
20.4082 0.001501
61.2245 0.00141582
102.041 0.00129852
142.857 0.00114372
183.673 0.00094568
224.49 0.00069851
265.306 0.000396418
306.122 3.41049e-05
346.939 -0.00039273
387.755 -0.000886747
428.571 -0.0014482
469.388 -0.00207411
510.204 -0.00275738
551.02 -0.00348612
591.837 -0.00424312
632.653 -0.00500581
673.469 -0.0057469
714.286 -0.00643558
755.102 -0.0070396
795.918 -0.00752786
836.735 -0.00787336
877.551 -0.00805598
918.367 -0.00806477
959.184 -0.00789921
1000 -0.00756923
