-1000 -0.0534715
-959.184 -0.0940205
-918.367 -0.128398
-877.551 -0.15367
-836.735 -0.170283
-795.918 -0.18027
-755.102 -0.185854
-714.286 -0.18872
-673.469 -0.190075
-632.653 -0.190623
-591.837 -0.19072
-551.02 -0.190474
-510.204 -0.189657
-469.388 -0.187813
-428.571 -0.184028
-387.755 -0.176919
-346.939 -0.164565
-306.122 -0.144679
-265.306 -0.115669
-224.49 -0.0782363
-183.673 -0.0369102
-142.857 0.00138095
-102.041 0.0314077
-61.2245 0.0517418
-20.4082 0.0637079
20.4082 0.069546
61.2245 0.0713136
102.041 0.0705463
142.857 0.0682849
183.673 0.0652004
224.49 0.0617139
265.306 0.0580849
306.122 0.0544703
346.939 0.0509625
387.755 0.0476138
428.571 0.0444506
469.388 0.0414841
510.204 0.0387154
551.02 0.0361397
591.837 0.033749
632.653 0.0315331
673.469 0.0294811
714.286 0.0275819
755.102 0.0258243
795.918 0.0241977
836.735 0.022692
877.551 0.0212978
918.367 0.0200061
959.184 0.0188087
1000 0.0176981
