-1000 -0.0069055
-959.184 -0.00825576
-918.367 -0.00952244
-877.551 -0.0106547
-836.735 -0.0116074
-795.918 -0.0123434
-755.102 -0.0128352
-714.286 -0.0130648
-673.469 -0.0130241
-632.653 -0.0127146
-591.837 -0.0121472
-551.02 -0.0113428
-510.204 -0.010332
-469.388 -0.00915432
-428.571 -0.00785705
-387.755 -0.00649206
-346.939 -0.00511231
-306.122 -0.00376768
-265.306 -0.00250126
-224.49 -0.00134653
-183.673 -0.00032603
-142.857 0.000548636
-102.041 0.00127551
-61.2245 0.00186033
-20.4082 0.00231427
20.4082 0.00265181
61.2245 0.00288887
102.041 0.00304148
142.857 0.00312479
183.673 0.00315252
224.49 0.00313669
265.306 0.00308753
306.122 0.00301358
346.939 0.00292181
387.755 0.00281785
428.571 0.00270616
469.388 0.0025902
510.204 0.00247266
551.02 0.00235555
591.837 0.00224038
632.653 0.00212821
673.469 0.00201981
714.286 0.00191568
755.102 0.00181613
795.918 0.0017213
836.735 0.00163125
877.551 0.00154593
918.367 0.00146524
959.184 0.00138905
1000 0.00131718
