-1000 0.00808289
-959.184 0.00900602
-918.367 0.0100704
-877.551 0.0113034
-836.735 0.0127396
-795.918 0.0144222
-755.102 0.0164061
-714.286 0.0187626
-673.469 0.0215851
-632.653 0.0249986
-591.837 0.0291741
-551.02 0.0343514
-510.204 0.0408775
-469.388 0.0492719
-428.571 0.0603448
-387.755 0.0754219
-346.939 0.0968006
-306.122 0.128752
-265.306 0.179953
-224.49 0.270055
-183.673 0.448408
-142.857 0.82333
-102.041 0.979365
-61.2245 -5.37476
-20.4082 -1.17654
20.4082 1.08535
61.2245 0.622362
102.041 0.351806
142.857 0.222599
183.673 0.153659
224.49 0.112659
265.306 0.0861913
306.122 0.0680253
346.939 0.0549615
387.755 0.0452201
428.571 0.0377456
469.388 0.0318785
510.204 0.0271874
551.02 0.0233797
591.837 0.0202502
632.653 0.0176507
673.469 0.0154719
714.286 0.0136313
755.102 0.0120657
795.918 0.0107257
836.735 0.00957231
877.551 0.00857458
918.367 0.00770743
959.184 0.00695049
1000 0.00628707
