-1000 -0.00187368
-959.184 -0.00249218
-918.367 -0.0031449
-877.551 -0.00380695
-836.735 -0.00444658
-795.918 -0.00502708
-755.102 -0.00551016
-714.286 -0.00586038
-673.469 -0.00605006
-632.653 -0.00606351
-591.837 -0.0058996
-551.02 -0.00557195
-510.204 -0.00510668
-469.388 -0.00453836
-428.571 -0.00390518
-387.755 -0.00324432
-346.939 -0.00258843
-306.122 -0.0019635
-265.306 -0.00138812
-224.49 -0.000873798
-183.673 -0.00042596
-142.857 -4.52807e-05
-102.041 0.000270985
-61.2245 0.00052779
-20.4082 0.000731322
20.4082 0.000888258
61.2245 0.00100525
102.041 0.00108859
142.857 0.00114401
183.673 0.00117661
224.49 0.0011908
265.306 0.00119038
306.122 0.00117853
346.939 0.0011579
387.755 0.00113067
428.571 0.00109864
469.388 0.00106325
510.204 0.00102565
551.02 0.000986764
591.837 0.000947318
632.653 0.000907873
673.469 0.00086886
714.286 0.000830604
755.102 0.000793345
795.918 0.000757255
836.735 0.00072245
877.551 0.000689006
918.367 0.000656961
959.184 0.000626332
1000 0.000597111
