-1000 0.00233431
-959.184 0.00250681
-918.367 0.00269623
-877.551 0.00290459
-836.735 0.0031342
-795.918 0.00338767
-755.102 0.003668
-714.286 0.00397857
-673.469 0.00432321
-632.653 0.00470625
-591.837 0.00513259
-551.02 0.00560765
-510.204 0.00613745
-469.388 0.00672852
-428.571 0.00738774
-387.755 0.0081221
-346.939 0.00893814
-306.122 0.00984108
-265.306 0.0108333
-224.49 0.0119121
-183.673 0.0130659
-142.857 0.0142685
-102.041 0.0154714
-61.2245 0.0165919
-20.4082 0.0174986
20.4082 0.0179958
61.2245 0.017811
102.041 0.0165991
142.857 0.0139809
183.673 0.00963814
224.49 0.00346446
265.306 -0.00427878
306.122 -0.0129128
346.939 -0.0214953
387.755 -0.0291331
428.571 -0.0352633
469.388 -0.0397398
510.204 -0.0427355
551.02 -0.0445732
591.837 -0.0455812
632.653 -0.0460063
673.469 -0.0459733
714.286 -0.045472
755.102 -0.0443579
795.918 -0.0423685
836.735 -0.0391695
877.551 -0.03445
918.367 -0.0280746
959.184 -0.020249
1000 -0.0115969
