-1000 0.0148677
-959.184 0.014683
-918.367 0.0140452
-877.551 0.0128189
-836.735 0.0108625
-795.918 0.0080469
-755.102 0.00428363
-714.286 -0.000441074
-673.469 -0.00603526
-632.653 -0.0122869
-591.837 -0.0188793
-551.02 -0.0254382
-510.204 -0.0315984
-469.388 -0.0370647
-428.571 -0.0416455
-387.755 -0.0452531
-346.939 -0.0478789
-306.122 -0.0495568
-265.306 -0.0503283
-224.49 -0.0502186
-183.673 -0.0492238
-142.857 -0.0473131
-102.041 -0.0444439
-61.2245 -0.0405897
-20.4082 -0.0357756
20.4082 -0.0301135
61.2245 -0.0238223
102.041 -0.0172193
142.857 -0.0106783
183.673 -0.00456476
224.49 0.000827236
265.306 0.00531564
306.122 0.0088372
346.939 0.0114276
387.755 0.0131884
428.571 0.0142543
469.388 0.0147667
510.204 0.0148575
551.02 0.0146408
591.837 0.0142097
632.653 0.0136374
673.469 0.0129797
714.286 0.0122777
755.102 0.0115608
795.918 0.0108499
836.735 0.0101587
877.551 0.00949614
918.367 0.00886763
959.184 0.0082759
1000 0.00772189
