-1000 0.0130323
-959.184 0.0101049
-918.367 0.00542688
-877.551 -0.00112052
-836.735 -0.00929007
-795.918 -0.0184076
-755.102 -0.0275106
-714.286 -0.0356506
-673.469 -0.0421716
-632.653 -0.0467958
-591.837 -0.0495207
-551.02 -0.0504415
-510.204 -0.0496089
-469.388 -0.0469765
-428.571 -0.0424487
-387.755 -0.0360189
-346.939 -0.0279474
-306.122 -0.0188716
-265.306 -0.00973068
-224.49 -0.0014944
-183.673 0.00514356
-142.857 0.00991465
-102.041 0.0129229
-61.2245 0.0144871
-20.4082 0.0149881
20.4082 0.014774
61.2245 0.0141202
102.041 0.0132256
142.857 0.0122243
183.673 0.0112018
224.49 0.0102091
265.306 0.00927449
306.122 0.00841156
346.939 0.00762476
387.755 0.00691322
428.571 0.00627304
469.388 0.00569887
510.204 0.00518473
551.02 0.00472465
591.837 0.00431289
632.653 0.00394414
673.469 0.00361355
714.286 0.00331679
755.102 0.00305001
795.918 0.00280977
836.735 0.00259306
877.551 0.00239724
918.367 0.00221997
959.184 0.0020592
1000 0.00191313
