-1000 0.00080774
-959.184 0.000869844
-918.367 0.000938222
-877.551 0.00101364
-836.735 0.00109699
-795.918 0.00118926
-755.102 0.00129159
-714.286 0.00140529
-673.469 0.00153184
-632.653 0.00167292
-591.837 0.00183044
-551.02 0.00200656
-510.204 0.00220366
-469.388 0.0024244
-428.571 0.00267166
-387.755 0.00294848
-346.939 0.00325788
-306.122 0.00360271
-265.306 0.00398511
-224.49 0.0044059
-183.673 0.00486339
-142.857 0.00535157
-102.041 0.00585738
-61.2245 0.00635645
-20.4082 0.00680696
20.4082 0.007141
61.2245 0.00725341
102.041 0.00698918
142.857 0.00613352
183.673 0.00441376
224.49 0.00152998
265.306 -0.00276394
306.122 -0.00851632
346.939 -0.0153988
387.755 -0.02259
428.571 -0.0288564
469.388 -0.0328857
510.204 -0.0337434
551.02 -0.0312231
591.837 -0.0259242
632.653 -0.019026
673.469 -0.0118558
714.286 -0.00546751
755.102 -0.000430973
795.918 0.00313541
836.735 0.00540041
877.551 0.00665113
918.367 0.00718033
959.184 0.00723328
1000 0.00699409
