-1000 0.129803
-959.184 0.167774
-918.367 0.222641
-877.551 0.305269
-836.735 0.43685
-795.918 0.663794
-755.102 1.09216
-714.286 1.72099
-673.469 -1.5192
-632.653 -2.41314
-591.837 2.3504
-551.02 -4.66098
-510.204 2.48032
-469.388 -1.18769
-428.571 -0.639159
-387.755 2.40022
-346.939 -4.32716
-306.122 2.8934
-265.306 -2.18123
-224.49 0.277118
-183.673 1.73653
-142.857 -4.12189
-102.041 2.5817
-61.2245 -3.95109
-20.4082 -0.302939
20.4082 1.65399
61.2245 1.00879
102.041 0.620462
142.857 0.412622
183.673 0.290449
224.49 0.212984
265.306 0.161189
306.122 0.125149
346.939 0.0992586
387.755 0.0801576
428.571 0.0657414
469.388 0.0546449
510.204 0.0459558
551.02 0.0390482
591.837 0.0334829
632.653 0.0289453
673.469 0.0252058
714.286 0.0220945
755.102 0.0194831
795.918 0.017274
836.735 0.0153916
877.551 0.0137771
918.367 0.0123839
959.184 0.0111749
1000 0.0101203
