-1000 0.00911981
-959.184 0.00727431
-918.367 0.00417099
-877.551 -0.000528753
-836.735 -0.00706263
-795.918 -0.0153982
-755.102 -0.0250355
-714.286 -0.0348894
-673.469 -0.0433995
-632.653 -0.0489242
-591.837 -0.0502801
-551.02 -0.0471647
-510.204 -0.0402662
-469.388 -0.0310144
-428.571 -0.0210806
-387.755 -0.0118672
-346.939 -0.00422265
-306.122 0.00156188
-265.306 0.00558575
-224.49 0.00814388
-183.673 0.00958233
-142.857 0.0102188
-102.041 0.0103111
-61.2245 0.010054
-20.4082 0.00958677
20.4082 0.00900551
61.2245 0.00837427
102.041 0.00773429
142.857 0.00711103
183.673 0.00651929
224.49 0.00596684
265.306 0.00545691
306.122 0.00498984
346.939 0.00456427
387.755 0.00417786
428.571 0.00382776
469.388 0.00351097
510.204 0.00322446
551.02 0.00296534
591.837 0.00273091
632.653 0.00251866
673.469 0.00232632
714.286 0.00215184
755.102 0.00199336
795.918 0.00184925
836.735 0.00171801
877.551 0.00159833
918.367 0.00148903
959.184 0.00138909
1000 0.00129755
