-1000 0.00338034
-959.184 0.00366184
-918.367 0.00397196
-877.551 0.00431378
-836.735 0.00469061
-795.918 0.00510599
-755.102 0.00556357
-714.286 0.00606703
-673.469 0.00661979
-632.653 0.00722471
-591.837 0.00788353
-551.02 0.00859593
-510.204 0.00935823
-469.388 0.0101612
-428.571 0.0109868
-387.755 0.0118029
-346.939 0.0125549
-306.122 0.0131531
-265.306 0.0134518
-224.49 0.0132177
-183.673 0.012082
-142.857 0.0094752
-102.041 0.00455789
-61.2245 -0.00379249
-20.4082 -0.0167679
20.4082 -0.0348683
61.2245 -0.056375
102.041 -0.0759029
142.857 -0.0856668
183.673 -0.0808073
224.49 -0.063821
265.306 -0.0422001
306.122 -0.0225425
346.939 -0.00775568
387.755 0.00208966
428.571 0.00806904
469.388 0.0113736
510.204 0.0129469
551.02 0.0134459
591.837 0.0133014
632.653 0.0127878
673.469 0.012077
714.286 0.0112757
755.102 0.0104489
795.918 0.00963534
836.735 0.00885739
877.551 0.00812687
918.367 0.00744913
959.184 0.00682546
1000 0.00625472
