-1000 0.00465967
-959.184 0.0051312
-918.367 0.00565783
-877.551 0.00624459
-836.735 0.00689562
-795.918 0.00761314
-755.102 0.00839575
-714.286 0.00923575
-673.469 0.0101151
-632.653 0.010999
-591.837 0.0118276
-551.02 0.0125031
-510.204 0.0128753
-469.388 0.0127265
-428.571 0.0117619
-387.755 0.00962221
-346.939 0.00593615
-306.122 0.000433601
-265.306 -0.00689019
-224.49 -0.0156269
-183.673 -0.0249414
-142.857 -0.033765
-102.041 -0.0411057
-61.2245 -0.0462767
-20.4082 -0.048925
20.4082 -0.048925
61.2245 -0.0462767
102.041 -0.0411057
142.857 -0.033765
183.673 -0.0249414
224.49 -0.0156269
265.306 -0.00689019
306.122 0.000433601
346.939 0.00593615
387.755 0.00962221
428.571 0.0117619
469.388 0.0127265
510.204 0.0128753
551.02 0.0125031
591.837 0.0118276
632.653 0.010999
673.469 0.0101151
714.286 0.00923575
755.102 0.00839575
795.918 0.00761314
836.735 0.00689562
877.551 0.00624459
918.367 0.00565783
959.184 0.0051312
1000 0.00465967
