-1000 0.00118101
-959.184 0.00126661
-918.367 0.00136004
-877.551 0.0014621
-836.735 0.00157369
-795.918 0.00169579
-755.102 0.00182946
-714.286 0.00197585
-673.469 0.00213616
-632.653 0.00231168
-591.837 0.00250369
-551.02 0.00271347
-510.204 0.00294216
-469.388 0.00319068
-428.571 0.0034595
-387.755 0.0037484
-346.939 0.00405605
-306.122 0.00437941
-265.306 0.00471288
-224.49 0.00504715
-183.673 0.00536747
-142.857 0.00565139
-102.041 0.00586554
-61.2245 0.00596157
-20.4082 0.00587092
20.4082 0.00549891
61.2245 0.00471903
102.041 0.00337031
142.857 0.00126288
183.673 -0.00179823
224.49 -0.00595753
265.306 -0.0112094
306.122 -0.0172621
346.939 -0.0234205
387.755 -0.0286087
428.571 -0.0316442
469.388 -0.0317222
510.204 -0.0288207
551.02 -0.0237131
591.837 -0.0175751
632.653 -0.0114971
673.469 -0.0061952
714.286 -0.00197935
755.102 0.00113401
795.918 0.00328462
836.735 0.00466659
877.551 0.0054708
918.367 0.00585992
959.184 0.00596215
1000 0.00587363
