-1000 0.00183155
-959.184 0.00148544
-918.367 0.00105992
-877.551 0.000550573
-836.735 -4.43274e-05
-795.918 -0.000723008
-755.102 -0.00147958
-714.286 -0.00230366
-673.469 -0.00318044
-632.653 -0.00409113
-591.837 -0.00501392
-551.02 -0.00592522
-510.204 -0.00680113
-469.388 -0.00761883
-428.571 -0.00835776
-387.755 -0.0090004
-346.939 -0.00953265
-306.122 -0.00994386
-265.306 -0.0102265
-224.49 -0.0103758
-183.673 -0.0103894
-142.857 -0.0102671
-102.041 -0.0100109
-61.2245 -0.00962486
-20.4082 -0.00911607
20.4082 -0.00849449
61.2245 -0.00777353
102.041 -0.00697002
142.857 -0.00610399
183.673 -0.00519787
224.49 -0.00427546
265.306 -0.00336052
306.122 -0.00247535
346.939 -0.0016394
387.755 -0.000868357
428.571 -0.000173487
469.388 0.000438435
510.204 0.000964858
551.02 0.00140686
591.837 0.0017684
632.653 0.00205549
673.469 0.00227546
714.286 0.00243625
755.102 0.00254593
795.918 0.00261229
836.735 0.00264259
877.551 0.00264338
918.367 0.00262047
959.184 0.00257889
1000 0.00252295
