-1000 0.00518995
-959.184 0.00555465
-918.367 0.00594699
-877.551 0.0063682
-836.735 0.00681914
-795.918 0.00730006
-755.102 0.00781038
-714.286 0.00834819
-673.469 0.00890976
-632.653 0.00948873
-591.837 0.0100751
-551.02 0.0106536
-510.204 0.011202
-469.388 0.0116883
-428.571 0.0120669
-387.755 0.0122742
-346.939 0.0122221
-306.122 0.0117907
-265.306 0.0108191
-224.49 0.00909728
-183.673 0.00636168
-142.857 0.00230232
-102.041 -0.00340507
-61.2245 -0.011023
-20.4082 -0.0206153
20.4082 -0.0318581
61.2245 -0.0438644
102.041 -0.0551572
142.857 -0.0639206
183.673 -0.0685065
224.49 -0.0679822
265.306 -0.0624566
306.122 -0.0530416
346.939 -0.0414655
387.755 -0.0295111
428.571 -0.0185472
469.388 -0.00933918
510.204 -0.00211735
551.02 0.00323591
591.837 0.00700427
632.653 0.00951354
673.469 0.011066
714.286 0.0119144
755.102 0.0122585
795.918 0.0122502
836.735 0.0120025
877.551 0.011598
918.367 0.0110961
959.184 0.0105395
1000 0.00995785
