-1000 -0.00702107
-959.184 -0.0110716
-918.367 -0.0148949
-877.551 -0.0182812
-836.735 -0.0211055
-795.918 -0.0233323
-755.102 -0.0249975
-714.286 -0.0261801
-673.469 -0.0269751
-632.653 -0.0274719
-591.837 -0.0277416
-551.02 -0.027829
-510.204 -0.0277501
-469.388 -0.0274903
-428.571 -0.0270063
-387.755 -0.0262283
-346.939 -0.0250673
-306.122 -0.0234284
-265.306 -0.021231
-224.49 -0.0184364
-183.673 -0.015076
-142.857 -0.0112702
-102.041 -0.00722504
-61.2245 -0.00320105
-20.4082 0.000538658
20.4082 0.00378131
61.2245 0.00639861
102.041 0.00835306
142.857 0.00968144
183.673 0.0104677
224.49 0.0108161
265.306 0.0108317
306.122 0.0106083
346.939 0.0102235
387.755 0.00973778
428.571 0.0091964
469.388 0.00863183
510.204 0.00806653
551.02 0.00751543
591.837 0.00698791
632.653 0.00648942
673.469 0.00602264
714.286 0.00558843
755.102 0.00518638
795.918 0.00481532
836.735 0.00447362
877.551 0.00415941
918.367 0.00387071
959.184 0.00360555
1000 0.00336201
