-1000 -0.000171171
-959.184 -0.000279711
-918.367 -0.000399563
-877.551 -0.000529847
-836.735 -0.000669094
-795.918 -0.000815187
-755.102 -0.000965332
-714.286 -0.00111608
-673.469 -0.0012634
-632.653 -0.00140284
-591.837 -0.00152972
-551.02 -0.00163941
-510.204 -0.00172762
-469.388 -0.00179072
-428.571 -0.00182601
-387.755 -0.00183196
-346.939 -0.00180829
-306.122 -0.00175605
-265.306 -0.00167749
-224.49 -0.00157591
-183.673 -0.00145536
-142.857 -0.00132038
-102.041 -0.00117566
-61.2245 -0.00102577
-20.4082 -0.000874938
20.4082 -0.000726851
61.2245 -0.000584574
102.041 -0.000450493
142.857 -0.000326331
183.673 -0.000213195
224.49 -0.00011165
265.306 -2.18128e-05
306.122 5.65599e-05
346.939 0.000123978
387.755 0.00018114
428.571 0.000228864
469.388 0.000268028
510.204 0.000299532
551.02 0.000324257
591.837 0.000343047
632.653 0.000356693
673.469 0.00036592
714.286 0.000371387
755.102 0.000373683
795.918 0.000373329
836.735 0.000370786
877.551 0.000366452
918.367 0.000360674
959.184 0.000353748
1000 0.00034593
