-1000 0.000649483
-959.184 0.000673207
-918.367 0.000695617
-877.551 0.00071602
-836.735 0.000733555
-795.918 0.000747163
-755.102 0.000755554
-714.286 0.000757173
-673.469 0.000750168
-632.653 0.000732355
-591.837 0.000701207
-551.02 0.000653841
-510.204 0.00058705
-469.388 0.000497356
-428.571 0.000381134
-387.755 0.000234794
-346.939 5.50555e-05
-306.122 -0.000160684
-265.306 -0.000413878
-224.49 -0.000704284
-183.673 -0.00102937
-142.857 -0.00138377
-102.041 -0.00175887
-61.2245 -0.00214263
-20.4082 -0.0025199
20.4082 -0.0028731
61.2245 -0.00318352
102.041 -0.00343297
142.857 -0.00360569
183.673 -0.00369021
224.49 -0.00368073
265.306 -0.00357791
306.122 -0.00338876
346.939 -0.00312576
387.755 -0.00280528
428.571 -0.00244578
469.388 -0.00206587
510.204 -0.00168272
551.02 -0.00131091
591.837 -0.000961793
632.653 -0.00064331
673.469 -0.000360226
714.286 -0.000114565
755.102 9.38134e-05
795.918 0.000266636
836.735 0.000406675
877.551 0.0005173
918.367 0.000602126
959.184 0.000664762
1000 0.000708637
