-1000 -0.0833975
-959.184 -0.124534
-918.367 -0.158937
-877.551 -0.183154
-836.735 -0.196786
-795.918 -0.200564
-755.102 -0.194874
-714.286 -0.179173
-673.469 -0.152817
-632.653 -0.116665
-591.837 -0.0749268
-551.02 -0.0346311
-510.204 -0.00178251
-469.388 0.0213679
-428.571 0.0357217
-387.755 0.043449
-346.939 0.0466961
-306.122 0.0471183
-265.306 0.0458571
-224.49 0.0436554
-183.673 0.040982
-142.857 0.0381258
-102.041 0.035261
-61.2245 0.0324892
-20.4082 0.0298665
20.4082 0.0274204
61.2245 0.0251608
102.041 0.0230871
142.857 0.0211921
183.673 0.0194655
224.49 0.0178952
265.306 0.0164684
306.122 0.0151726
346.939 0.0139958
387.755 0.0129266
428.571 0.0119547
469.388 0.0110705
510.204 0.0102654
551.02 0.00953148
591.837 0.00886172
632.653 0.00824979
673.469 0.00769001
714.286 0.00717729
755.102 0.00670707
795.918 0.00627528
836.735 0.00587826
877.551 0.00551276
918.367 0.00517585
959.184 0.00486489
1000 0.00457753
