-1000 -0.00370831
-959.184 -0.0046264
-918.367 -0.00552778
-877.551 -0.00639269
-836.735 -0.00720388
-795.918 -0.00794753
-755.102 -0.00861361
-714.286 -0.00919579
-673.469 -0.00969104
-632.653 -0.0100989
-591.837 -0.0104207
-551.02 -0.0106586
-510.204 -0.0108149
-469.388 -0.0108915
-428.571 -0.0108896
-387.755 -0.010809
-346.939 -0.0106486
-306.122 -0.0104066
-265.306 -0.0100806
-224.49 -0.00966836
-183.673 -0.00916873
-142.857 -0.00858226
-102.041 -0.00791212
-61.2245 -0.00716482
-20.4082 -0.00635059
20.4082 -0.00548342
61.2245 -0.00458072
102.041 -0.00366234
142.857 -0.00274937
183.673 -0.00186266
224.49 -0.00102135
265.306 -0.000241622
306.122 0.000464157
346.939 0.00108786
387.755 0.00162555
428.571 0.00207712
469.388 0.00244558
510.204 0.00273635
551.02 0.00295645
591.837 0.0031138
632.653 0.00321663
673.469 0.00327307
714.286 0.00329075
755.102 0.00327668
795.918 0.00323712
836.735 0.00317751
877.551 0.00310255
918.367 0.00301618
959.184 0.00292171
1000 0.00282183
