-1000 0.00127899
-959.184 0.00135778
-918.367 0.00144264
-877.551 0.0015341
-836.735 0.00163273
-795.918 0.00173914
-755.102 0.00185398
-714.286 0.00197797
-673.469 0.00211184
-632.653 0.00225639
-591.837 0.00241242
-551.02 0.00258075
-510.204 0.0027622
-469.388 0.00295751
-428.571 0.00316737
-387.755 0.00339228
-346.939 0.00363249
-306.122 0.00388785
-265.306 0.00415762
-224.49 0.00444023
-183.673 0.00473292
-142.857 0.00503122
-102.041 0.00532831
-61.2245 0.0056141
-20.4082 0.00587396
20.4082 0.00608705
61.2245 0.00622405
102.041 0.00624416
142.857 0.00609129
183.673 0.00568941
224.49 0.0049374
265.306 0.00370467
306.122 0.0018302
346.939 -0.000869238
387.755 -0.00457178
428.571 -0.00939045
469.388 -0.0152695
510.204 -0.0218485
551.02 -0.0283561
591.837 -0.0336579
632.653 -0.0365626
673.469 -0.0363175
714.286 -0.0329888
755.102 -0.0274263
795.918 -0.0208424
836.735 -0.0143299
877.551 -0.00859593
918.367 -0.00394671
959.184 -0.000404377
1000 0.00215935
