-1000 0.492163
-959.184 0.827923
-918.367 1.38444
-877.551 -1.08705
-836.735 -4.03009
-795.918 1.74566
-755.102 -5.5987
-714.286 0.217605
-673.469 1.28428
-632.653 0.739986
-591.837 0.449437
-551.02 0.302167
-510.204 0.218476
-469.388 0.166055
-428.571 0.130787
-387.755 0.105761
-346.939 0.0872649
-306.122 0.0731506
-265.306 0.0621017
-224.49 0.0532722
-183.673 0.0460963
-142.857 0.0401821
-102.041 0.0352507
-61.2245 0.0310978
-20.4082 0.0275707
20.4082 0.0245532
61.2245 0.0219548
102.041 0.0197046
142.857 0.017746
183.673 0.0160331
224.49 0.0145289
265.306 0.0132028
306.122 0.0120295
346.939 0.0109878
387.755 0.01006
428.571 0.00923137
469.388 0.00848908
510.204 0.00782242
551.02 0.00722215
591.837 0.00668036
632.653 0.00619023
673.469 0.00574586
714.286 0.00534212
755.102 0.00497456
795.918 0.00463928
836.735 0.00433288
877.551 0.00405237
918.367 0.00379512
959.184 0.00355879
1000 0.00334135
