-1000 0.00117002
-959.184 0.000925943
-918.367 0.000590179
-877.551 0.000147203
-836.735 -0.000416173
-795.918 -0.00110772
-755.102 -0.00192575
-714.286 -0.00285453
-673.469 -0.00386009
-632.653 -0.00488785
-591.837 -0.00586418
-551.02 -0.00670322
-510.204 -0.00731922
-469.388 -0.00764244
-428.571 -0.00763399
-387.755 -0.0072949
-346.939 -0.00666589
-306.122 -0.00581789
-265.306 -0.00483701
-224.49 -0.00380875
-183.673 -0.00280591
-142.857 -0.00188202
-102.041 -0.00107007
-61.2245 -0.000384994
-20.4082 0.000172118
20.4082 0.00060939
61.2245 0.000940192
102.041 0.0011801
142.857 0.00134486
183.673 0.00144911
224.49 0.0015058
265.306 0.00152592
306.122 0.00151857
346.939 0.0014911
387.755 0.00144936
428.571 0.00139789
469.388 0.00134022
510.204 0.00127901
551.02 0.00121625
591.837 0.00115341
632.653 0.00109155
673.469 0.0010314
714.286 0.000973463
755.102 0.000918057
795.918 0.000865365
836.735 0.000815469
877.551 0.000768377
918.367 0.000724045
959.184 0.000682395
1000 0.000643323
