-1000 1.62017
-959.184 -4.67954
-918.367 0.905491
-877.551 0.410333
-836.735 -2.86634
-795.918 2.86394
-755.102 -4.2007
-714.286 2.14382
-673.469 -0.107358
-632.653 -1.60594
-591.837 2.82261
-551.02 -4.36695
-510.204 2.67
-469.388 -1.06411
-428.571 -0.560036
-387.755 2.44783
-346.939 -4.30301
-306.122 2.89937
-265.306 -2.18975
-224.49 0.257251
-183.673 1.70866
-142.857 -4.15334
-102.041 2.55279
-61.2245 -3.96994
-20.4082 -0.304711
20.4082 1.67249
61.2245 1.04512
102.041 0.668425
142.857 0.465624
183.673 0.343524
224.49 0.263175
265.306 0.2071
306.122 0.166366
346.939 0.135898
387.755 0.112584
428.571 0.0944093
469.388 0.0800143
510.204 0.0684552
551.02 0.0590597
591.837 0.0513393
632.653 0.044933
673.469 0.0395697
714.286 0.0350431
755.102 0.0311944
795.918 0.0278998
836.735 0.0250618
877.551 0.022603
918.367 0.0204614
959.184 0.0185868
1000 0.0169384
