-1000 0.00275125
-959.184 0.00290206
-918.367 0.00306348
-877.551 0.00323638
-836.735 0.00342175
-795.918 0.00362064
-755.102 0.00383422
-714.286 0.00406375
-673.469 0.00431064
-632.653 0.0045764
-591.837 0.00486271
-551.02 0.00517139
-510.204 0.00550444
-469.388 0.00586402
-428.571 0.00625251
-387.755 0.0066725
-346.939 0.00712677
-306.122 0.00761835
-265.306 0.00815049
-224.49 0.00872664
-183.673 0.00935046
-142.857 0.0100258
-102.041 0.0107565
-61.2245 0.0115465
-20.4082 0.0123994
20.4082 0.0133184
61.2245 0.0143056
102.041 0.0153618
142.857 0.0164848
183.673 0.0176684
224.49 0.0188994
265.306 0.0201542
306.122 0.0213923
346.939 0.0225466
387.755 0.0235081
428.571 0.0241012
469.388 0.0240445
510.204 0.0228912
551.02 0.0199426
591.837 0.0141393
632.653 0.00397845
673.469 -0.0123952
714.286 -0.0365928
755.102 -0.0685107
795.918 -0.104354
836.735 -0.136239
877.551 -0.155359
918.367 -0.156317
959.184 -0.138852
1000 -0.107874
