-1000 0.00105175
-959.184 0.00113319
-918.367 0.00122323
-877.551 0.00132305
-836.735 0.001434
-795.918 0.00155766
-755.102 0.00169592
-714.286 0.00185098
-673.469 0.00202545
-632.653 0.00222245
-591.837 0.00244574
-551.02 0.00269981
-510.204 0.00299012
-469.388 0.00332332
-428.571 0.00370757
-387.755 0.00415294
-346.939 0.00467196
-306.122 0.00528032
-265.306 0.00599783
-224.49 0.00684971
-183.673 0.00786837
-142.857 0.00909579
-102.041 0.0105869
-61.2245 0.012414
-20.4082 0.0146737
20.4082 0.0174953
61.2245 0.0210531
102.041 0.0255823
142.857 0.031397
183.673 0.0389044
224.49 0.0485918
265.306 0.0609165
306.122 0.0758991
346.939 0.0919047
387.755 0.102532
428.571 0.0908134
469.388 0.0278052
510.204 -0.0938323
551.02 -0.20112
591.837 -0.23675
632.653 -0.253698
673.469 -0.251502
714.286 -0.234015
755.102 -0.189832
795.918 -0.0738244
836.735 0.0415352
877.551 0.0950753
918.367 0.101785
959.184 0.0896044
1000 0.073514
