-1000 0.000650279
-959.184 0.000685056
-918.367 0.000722177
-877.551 0.000761823
-836.735 0.000804188
-795.918 0.000849481
-755.102 0.000897924
-714.286 0.000949758
-673.469 0.00100524
-632.653 0.00106463
-591.837 0.00112822
-551.02 0.0011963
-510.204 0.00126918
-469.388 0.00134717
-428.571 0.00143058
-387.755 0.00151971
-346.939 0.00161484
-306.122 0.00171621
-265.306 0.00182399
-224.49 0.00193827
-183.673 0.00205901
-142.857 0.00218597
-102.041 0.00231866
-61.2245 0.00245623
-20.4082 0.00259736
20.4082 0.0027401
61.2245 0.00288165
102.041 0.0030181
142.857 0.0031441
183.673 0.00325242
224.49 0.00333346
265.306 0.00337455
306.122 0.00335927
346.939 0.00326658
387.755 0.00306996
428.571 0.00273675
469.388 0.00222781
510.204 0.00149812
551.02 0.000499024
591.837 -0.000816889
632.653 -0.00248686
673.469 -0.00452405
714.286 -0.00689869
755.102 -0.00951714
795.918 -0.012206
836.735 -0.0147134
877.551 -0.016738
918.367 -0.0179911
959.184 -0.0182735
1000 -0.0175384
