-1000 0.000864269
-959.184 0.000837985
-918.367 0.000799307
-877.551 0.000746107
-836.735 0.000676066
-795.918 0.000586716
-755.102 0.000475496
-714.286 0.000339837
-673.469 0.000177298
-632.653 -1.42803e-05
-591.837 -0.000236556
-551.02 -0.000490436
-510.204 -0.000775791
-469.388 -0.00109114
-428.571 -0.00143336
-387.755 -0.00179743
-346.939 -0.00217623
-306.122 -0.00256058
-265.306 -0.00293935
-224.49 -0.00329989
-183.673 -0.00362866
-142.857 -0.00391207
-102.041 -0.00413748
-61.2245 -0.00429425
-20.4082 -0.00437466
20.4082 -0.00437466
61.2245 -0.00429425
102.041 -0.00413748
142.857 -0.00391207
183.673 -0.00362866
224.49 -0.00329989
265.306 -0.00293935
306.122 -0.00256058
346.939 -0.00217623
387.755 -0.00179743
428.571 -0.00143336
469.388 -0.00109114
510.204 -0.000775791
551.02 -0.000490436
591.837 -0.000236556
632.653 -1.42803e-05
673.469 0.000177298
714.286 0.000339837
755.102 0.000475496
795.918 0.000586716
836.735 0.000676066
877.551 0.000746107
918.367 0.000799307
959.184 0.000837985
1000 0.000864269
