-1000 0.00213922
-959.184 0.00229979
-918.367 0.00247629
-877.551 0.00267067
-836.735 0.00288511
-795.918 0.00312212
-755.102 0.00338453
-714.286 0.00367557
-673.469 0.0039989
-632.653 0.00435866
-591.837 0.00475949
-551.02 0.00520659
-510.204 0.00570566
-469.388 0.00626291
-428.571 0.00688484
-387.755 0.007578
-346.939 0.00834845
-306.122 0.00920083
-265.306 0.0101369
-224.49 0.0111533
-183.673 0.0122374
-142.857 0.0133623
-102.041 0.0144783
-61.2245 0.0155014
-20.4082 0.0162992
20.4082 0.0166742
61.2245 0.0163526
102.041 0.0149876
142.857 0.0121984
183.673 0.00766555
224.49 0.00128176
265.306 -0.00669133
306.122 -0.015573
346.939 -0.0244157
387.755 -0.0323167
428.571 -0.0386953
469.388 -0.0433761
510.204 -0.0464853
551.02 -0.0482745
591.837 -0.0489686
632.653 -0.0486743
673.469 -0.0473449
714.286 -0.0447952
755.102 -0.0407692
795.918 -0.0350692
836.735 -0.0277308
877.551 -0.0191699
918.367 -0.010185
959.184 -0.00174609
1000 0.00532909
