-1000 0.00308867
-959.184 0.00321117
-918.367 0.00332324
-877.551 0.0034191
-836.735 0.00349127
-795.918 0.00353007
-755.102 0.00352313
-714.286 0.00345475
-673.469 0.00330517
-632.653 0.00304987
-591.837 0.00265887
-551.02 0.00209634
-510.204 0.00132084
-469.388 0.000286776
-428.571 -0.00105205
-387.755 -0.00273558
-346.939 -0.00478621
-306.122 -0.0071923
-265.306 -0.00988796
-224.49 -0.0127337
-183.673 -0.0155081
-142.857 -0.0179222
-102.041 -0.0196662
-61.2245 -0.0204829
-20.4082 -0.0202422
20.4082 -0.0189829
61.2245 -0.0169005
102.041 -0.0142858
142.857 -0.0114469
183.673 -0.00864611
224.49 -0.00606827
265.306 -0.00381773
306.122 -0.00193333
346.939 -0.000409056
387.755 0.000787105
428.571 0.00169902
469.388 0.00237323
510.204 0.00285376
551.02 0.00317962
591.837 0.00338397
632.653 0.00349428
673.469 0.00353284
714.286 0.00351746
755.102 0.00346229
795.918 0.0033784
836.735 0.00327443
877.551 0.00315704
918.367 0.00303136
959.184 0.00290127
1000 0.00276971
