-1000 -0.00620252
-959.184 -0.00683982
-918.367 -0.00737194
-877.551 -0.0077701
-836.735 -0.00801149
-795.918 -0.00808173
-755.102 -0.00797658
-714.286 -0.00770239
-673.469 -0.00727538
-632.653 -0.00671979
-591.837 -0.00606522
-551.02 -0.00534376
-510.204 -0.00458716
-469.388 -0.0038245
-428.571 -0.00308059
-387.755 -0.00237507
-346.939 -0.0017222
-306.122 -0.00113115
-265.306 -0.000606644
-224.49 -0.000149781
-183.673 0.000241117
-142.857 0.000569699
-102.041 0.000840886
-61.2245 0.0010603
-20.4082 0.00123384
20.4082 0.00136732
61.2245 0.00146631
102.041 0.00153597
142.857 0.00158095
183.673 0.00160541
224.49 0.001613
265.306 0.00160689
306.122 0.0015898
346.939 0.00156402
387.755 0.00153151
428.571 0.0014939
469.388 0.00145255
510.204 0.00140857
551.02 0.00136289
591.837 0.00131624
632.653 0.00126922
673.469 0.00122233
714.286 0.00117593
755.102 0.00113032
795.918 0.00108573
836.735 0.00104233
877.551 0.00100023
918.367 0.00095953
959.184 0.000920271
1000 0.000882486
