-1000 0.0014503
-959.184 0.00153832
-918.367 0.00163338
-877.551 0.00173615
-836.735 0.00184743
-795.918 0.00196806
-755.102 0.00209902
-714.286 0.00224139
-673.469 0.0023964
-632.653 0.00256541
-591.837 0.00274997
-551.02 0.00295182
-510.204 0.00317295
-469.388 0.0034156
-428.571 0.0036823
-387.755 0.00397597
-346.939 0.0042999
-306.122 0.00465787
-265.306 0.00505421
-224.49 0.00549389
-183.673 0.00598263
-142.857 0.00652703
-102.041 0.00713474
-61.2245 0.00781463
-20.4082 0.00857702
20.4082 0.00943397
61.2245 0.0103996
102.041 0.0114905
142.857 0.0127262
183.673 0.0141297
224.49 0.015728
265.306 0.0175526
306.122 0.0196397
346.939 0.022029
387.755 0.0247607
428.571 0.0278655
469.388 0.0313407
510.204 0.035093
551.02 0.0387972
591.837 0.0415528
632.653 0.0410415
673.469 0.0315515
714.286 0.000202383
755.102 -0.075129
795.918 -0.203798
836.735 -0.314594
877.551 -0.286704
918.367 -0.154659
959.184 -0.0422953
1000 0.0148972
