-1000 0.0346317
-959.184 0.0388316
-918.367 0.0437332
-877.551 0.0494954
-836.735 0.0563269
-795.918 0.0645068
-755.102 0.074417
-714.286 0.0865946
-673.469 0.101818
-632.653 0.121258
-591.837 0.146751
-551.02 0.181334
-510.204 0.230364
-469.388 0.304104
-428.571 0.424411
-387.755 0.64336
-346.939 1.07927
-306.122 1.5249
-265.306 -3.6841
-224.49 -0.688817
-183.673 1.05359
-142.857 -4.64418
-102.041 2.16874
-61.2245 -4.27617
-20.4082 -0.549665
20.4082 1.47784
61.2245 0.892229
102.041 0.549865
142.857 0.374742
183.673 0.274488
224.49 0.211068
265.306 0.167929
306.122 0.136984
346.939 0.113878
387.755 0.0960807
428.571 0.0820322
469.388 0.0707221
510.204 0.0614692
551.02 0.0537985
591.837 0.0473689
632.653 0.0419288
673.469 0.0372888
714.286 0.0333037
755.102 0.0298601
795.918 0.026868
836.735 0.0242556
877.551 0.0219646
918.367 0.0199472
959.184 0.0181641
1000 0.0165826
