-1000 1.55466
-959.184 -4.74041
-918.367 0.838285
-877.551 0.320986
-836.735 -2.9975
-795.918 2.66504
-755.102 -4.50682
-714.286 1.66018
-673.469 -0.912117
-632.653 -3.00371
-591.837 1.68208
-551.02 1.13886
-510.204 0.675058
-469.388 0.43283
-428.571 0.295706
-387.755 0.211326
-346.939 0.156275
-306.122 0.118788
-265.306 0.0923831
-224.49 0.0732574
-183.673 0.0590702
-142.857 0.048327
-102.041 0.0400437
-61.2245 0.0335547
-20.4082 0.028399
20.4082 0.0242507
61.2245 0.0208749
102.041 0.0180996
142.857 0.0157968
183.673 0.0138698
224.49 0.0122448
265.306 0.0108648
306.122 0.0096852
346.939 0.00867084
387.755 0.00779371
428.571 0.0070313
469.388 0.00636543
510.204 0.00578125
551.02 0.00526659
591.837 0.00481139
632.653 0.00440728
673.469 0.00404728
714.286 0.00372553
755.102 0.00343706
795.918 0.00317767
836.735 0.00294379
877.551 0.00273235
918.367 0.00254072
959.184 0.00236662
1000 0.0022081
