-1000 1.55813
-959.184 -4.63705
-918.367 0.96075
-877.551 0.410775
-836.735 -2.9885
-795.918 2.49835
-755.102 -5.0277
-714.286 0.584515
-673.469 1.44575
-632.653 0.769038
-591.837 0.416644
-551.02 0.246593
-510.204 0.157554
-469.388 0.106854
-428.571 0.0759098
-387.755 0.0559406
-346.939 0.0424617
-306.122 0.0330232
-265.306 0.0262093
-224.49 0.0211625
-183.673 0.0173419
-142.857 0.0143945
-102.041 0.0120832
-61.2245 0.0102443
-20.4082 0.00876241
20.4082 0.0075546
61.2245 0.00656002
102.041 0.00573343
142.857 0.00504066
183.673 0.0044556
224.49 0.00395803
265.306 0.00353213
306.122 0.00316541
346.939 0.0028479
387.755 0.0025716
428.571 0.00233002
469.388 0.00211786
510.204 0.00193075
551.02 0.00176511
591.837 0.00161792
632.653 0.00148669
673.469 0.00136931
714.286 0.00126399
755.102 0.00116922
795.918 0.00108371
836.735 0.00100635
877.551 0.000936195
918.367 0.000872422
959.184 0.000814321
1000 0.000761274
