-1000 0.000380621
-959.184 0.000381647
-918.367 0.00037836
-877.551 0.000369657
-836.735 0.000354253
-795.918 0.00033068
-755.102 0.000297293
-714.286 0.0002523
-673.469 0.000193815
-632.653 0.000119951
-591.837 2.89559e-05
-551.02 -8.05963e-05
-510.204 -0.000209562
-469.388 -0.000357934
-428.571 -0.000524519
-387.755 -0.000706622
-346.939 -0.000899798
-306.122 -0.00109775
-265.306 -0.00129242
-224.49 -0.0014744
-183.673 -0.0016336
-142.857 -0.00176022
-102.041 -0.00184582
-61.2245 -0.00188438
-20.4082 -0.00187311
20.4082 -0.00181283
61.2245 -0.00170786
102.041 -0.00156542
142.857 -0.00139472
183.673 -0.0012058
224.49 -0.00100856
265.306 -0.000811858
306.122 -0.000622996
346.939 -0.000447436
387.755 -0.00028881
428.571 -0.000149102
469.388 -2.89301e-05
510.204 7.21249e-05
551.02 0.00015521
591.837 0.000221925
632.653 0.000274103
673.469 0.000313644
714.286 0.0003424
755.102 0.000362103
795.918 0.000374321
836.735 0.000380439
877.551 0.000381659
918.367 0.000379007
959.184 0.000373345
1000 0.000365393
