-1000 -0.00676507
-959.184 -0.00729505
-918.367 -0.00772816
-877.551 -0.00804692
-836.735 -0.00823804
-795.918 -0.00829336
-755.102 -0.0082105
-714.286 -0.00799302
-673.469 -0.00765018
-632.653 -0.00719619
-591.837 -0.00664921
-551.02 -0.00603004
-510.204 -0.00536072
-469.388 -0.00466319
-428.571 -0.00395808
-387.755 -0.00326378
-346.939 -0.0025958
-306.122 -0.00196638
-265.306 -0.00138448
-224.49 -0.000855932
-183.673 -0.000383783
-142.857 3.12852e-05
-102.041 0.000390471
-61.2245 0.000696386
-20.4082 0.000952628
20.4082 0.00116341
61.2245 0.00133325
102.041 0.00146674
142.857 0.00156837
183.673 0.0016424
224.49 0.00169276
265.306 0.00172307
306.122 0.00173655
346.939 0.00173606
387.755 0.0017241
428.571 0.00170286
469.388 0.00167421
510.204 0.00163974
551.02 0.00160081
591.837 0.00155857
632.653 0.00151397
673.469 0.0014678
714.286 0.00142072
755.102 0.00137327
795.918 0.00132588
836.735 0.0012789
877.551 0.0012326
918.367 0.00118721
959.184 0.00114289
1000 0.00109976
