-1000 0.00595213
-959.184 0.00639195
-918.367 0.00687488
-877.551 0.0074062
-836.735 0.00799199
-795.918 0.00863926
-755.102 0.0093561
-714.286 0.0101519
-673.469 0.0110378
-632.653 0.0120265
-591.837 0.0131333
-551.02 0.0143762
-510.204 0.0157766
-469.388 0.0173604
-428.571 0.0191589
-387.755 0.0212101
-346.939 0.0235613
-306.122 0.0262713
-265.306 0.0294144
-224.49 0.033086
-183.673 0.0374106
-142.857 0.042553
-102.041 0.0487368
-61.2245 0.0562719
-20.4082 0.0655994
20.4082 0.077366
61.2245 0.0925543
102.041 0.112719
142.857 0.140447
183.673 0.180318
224.49 0.24111
265.306 0.341453
306.122 0.525611
346.939 0.899095
387.755 1.41896
428.571 -2.41284
469.388 -2.46908
510.204 1.35157
551.02 -5.95461
591.837 0.828382
632.653 1.19073
673.469 0.678913
714.286 0.418423
755.102 0.284482
795.918 0.207274
836.735 0.158454
877.551 0.125415
918.367 0.101885
959.184 0.0844526
1000 0.0711263
