-1000 0.00236798
-959.184 0.00250165
-918.367 0.0026448
-877.551 0.00279817
-836.735 0.00296258
-795.918 0.00313893
-755.102 0.00332816
-714.286 0.00353129
-673.469 0.0037494
-632.653 0.00398364
-591.837 0.00423522
-551.02 0.0045054
-510.204 0.00479545
-469.388 0.0051067
-428.571 0.0054404
-387.755 0.00579777
-346.939 0.00617987
-306.122 0.00658753
-265.306 0.00702121
-224.49 0.00748083
-183.673 0.00796552
-142.857 0.00847327
-102.041 0.00900049
-61.2245 0.00954141
-20.4082 0.0100872
20.4082 0.0106248
61.2245 0.0111355
102.041 0.0115926
142.857 0.0119588
183.673 0.0121821
224.49 0.0121912
265.306 0.0118885
306.122 0.0111426
346.939 0.00977967
387.755 0.00757578
428.571 0.00425515
469.388 -0.000496694
510.204 -0.00698983
551.02 -0.015437
591.837 -0.0257984
632.653 -0.0375869
673.469 -0.0497216
714.286 -0.0605755
755.102 -0.068316
795.918 -0.0714535
836.735 -0.069347
877.551 -0.0624291
918.367 -0.0520537
959.184 -0.0400316
1000 -0.0280675
