-1000 0.00129822
-959.184 0.00139648
-918.367 0.00150491
-877.551 0.00162486
-836.735 0.00175789
-795.918 0.00190585
-755.102 0.00207087
-714.286 0.00225549
-673.469 0.0024627
-632.653 0.00269606
-591.837 0.00295982
-551.02 0.00325907
-510.204 0.00359998
-469.388 0.00399004
-428.571 0.00443838
-387.755 0.00495626
-346.939 0.00555761
-306.122 0.00625984
-265.306 0.00708482
-224.49 0.00806032
-183.673 0.00922184
-142.857 0.0106152
-102.041 0.0123
-61.2245 0.0143549
-20.4082 0.0168837
20.4082 0.0200254
61.2245 0.0239669
102.041 0.0289595
142.857 0.0353382
183.673 0.0435382
224.49 0.0540839
265.306 0.0674824
306.122 0.0838219
346.939 0.101559
387.755 0.114417
428.571 0.105595
469.388 0.0463624
510.204 -0.0703715
551.02 -0.171422
591.837 -0.199593
632.653 -0.209101
673.469 -0.203994
714.286 -0.20033
755.102 -0.210106
795.918 -0.202373
836.735 -0.186085
877.551 -0.107299
918.367 0.0158071
959.184 0.0944632
1000 0.115195
