-1000 0.043205
-959.184 0.053888
-918.367 0.0687218
-877.551 0.0900658
-836.735 0.122153
-795.918 0.173103
-755.102 0.259748
-714.286 0.420059
-673.469 0.74419
-632.653 1.38921
-591.837 1.24289
-551.02 -5.30314
-510.204 2.22442
-469.388 -1.26214
-428.571 -0.629569
-387.755 2.45392
-346.939 -4.23186
-306.122 3.01358
-265.306 -2.01675
-224.49 0.490321
-183.673 2.02265
-142.857 -3.71207
-102.041 3.18541
-61.2245 -2.96065
-20.4082 1.31591
20.4082 1.29751
61.2245 -3.0198
102.041 3.07173
142.857 -3.9112
183.673 1.67041
224.49 -0.168869
265.306 -3.29409
306.122 1.72581
346.939 1.12236
387.755 0.602756
428.571 0.351572
469.388 0.223664
510.204 0.152343
551.02 0.10931
591.837 0.0816449
632.653 0.0629378
673.469 0.0497628
714.286 0.0401704
755.102 0.0329915
795.918 0.0274932
836.735 0.0231985
877.551 0.0197868
918.367 0.0170365
959.184 0.0147908
1000 0.012936
