-1000 0.000493907
-959.184 0.000515441
-918.367 0.000535811
-877.551 0.000554232
-836.735 0.000569692
-795.918 0.000580902
-755.102 0.00058625
-714.286 0.000583734
-673.469 0.000570916
-632.653 0.000544877
-591.837 0.000502193
-551.02 0.000438966
-510.204 0.000350912
-469.388 0.00023356
-428.571 8.25904e-05
-387.755 -0.000105652
-346.939 -0.000333447
-306.122 -0.000600801
-265.306 -0.000904442
-224.49 -0.00123686
-183.673 -0.00158566
-142.857 -0.00193347
-102.041 -0.00225883
-61.2245 -0.0025381
-20.4082 -0.00274835
20.4082 -0.00287077
61.2245 -0.00289379
102.041 -0.0028152
142.857 -0.00264251
183.673 -0.00239163
224.49 -0.00208405
265.306 -0.0017435
306.122 -0.00139272
346.939 -0.00105109
387.755 -0.00073329
428.571 -0.000448969
469.388 -0.000203201
510.204 2.6713e-06
551.02 0.000170025
591.837 0.000301996
632.653 0.00040268
673.469 0.000476532
714.286 0.000527951
755.102 0.000561028
795.918 0.000579404
836.735 0.000586226
877.551 0.000584144
918.367 0.000575351
959.184 0.000561626
1000 0.000544397
