-1000 0.00743232
-959.184 -0.000101853
-918.367 -0.0123137
-877.551 -0.0297134
-836.735 -0.0505111
-795.918 -0.069218
-755.102 -0.0781045
-714.286 -0.0726425
-673.469 -0.0556783
-632.653 -0.0347412
-591.837 -0.0161933
-551.02 -0.00267433
-510.204 0.00592167
-469.388 0.0107602
-428.571 0.0130708
-387.755 0.0138086
-346.939 0.0136269
-306.122 0.0129445
-265.306 0.0120193
-224.49 0.0110048
-183.673 0.00998904
-142.857 0.00902012
-102.041 0.00812171
-61.2245 0.00730317
-20.4082 0.00656565
20.4082 0.00590575
61.2245 0.00531782
102.041 0.00479528
142.857 0.00433137
183.673 0.00391957
224.49 0.00355387
265.306 0.00322878
306.122 0.00293942
346.939 0.00268147
387.755 0.00245111
428.571 0.00224502
469.388 0.00206029
510.204 0.00189438
551.02 0.00174508
591.837 0.00161046
632.653 0.00148885
673.469 0.00137876
714.286 0.00127893
755.102 0.00118822
795.918 0.00110564
836.735 0.00103035
877.551 0.000961564
918.367 0.000898624
959.184 0.000840936
1000 0.000787977
