-1000 0.00647929
-959.184 0.00626816
-918.367 0.00586915
-877.551 0.00524331
-836.735 0.00435506
-795.918 0.003178
-755.102 0.00170164
-714.286 -6.2024e-05
-673.469 -0.00207423
-632.653 -0.00426937
-591.837 -0.00656035
-551.02 -0.0088491
-510.204 -0.0110397
-469.388 -0.0130508
-428.571 -0.0148241
-387.755 -0.0163272
-346.939 -0.017551
-306.122 -0.0185043
-265.306 -0.019206
-224.49 -0.019678
-183.673 -0.0199395
-142.857 -0.0200028
-102.041 -0.019871
-61.2245 -0.0195376
-20.4082 -0.0189877
20.4082 -0.0182004
61.2245 -0.0171542
102.041 -0.0158329
142.857 -0.0142331
183.673 -0.0123716
224.49 -0.0102897
265.306 -0.00805449
306.122 -0.00575365
346.939 -0.00348536
387.755 -0.00134526
428.571 0.000586104
469.388 0.0022522
510.204 0.0036239
551.02 0.00469772
591.837 0.00549051
632.653 0.00603263
673.469 0.00636143
714.286 0.00651594
755.102 0.00653329
795.918 0.00644656
836.735 0.00628389
877.551 0.0060683
918.367 0.00581811
959.184 0.00554748
1000 0.00526712
