-1000 0.00356467
-959.184 0.00405184
-918.367 0.00463119
-877.551 0.00532538
-836.735 0.00616405
-795.918 0.00718635
-755.102 0.00844477
-714.286 0.0100106
-673.469 0.0119821
-632.653 0.0144973
-591.837 0.017753
-551.02 0.0220366
-510.204 0.0277764
-469.388 0.0356275
-428.571 0.0466216
-387.755 0.0624382
-346.939 0.0859259
-306.122 0.122176
-265.306 0.180976
-224.49 0.283208
-183.673 0.478868
-142.857 0.874881
-102.041 1.05081
-61.2245 -5.29233
-20.4082 -1.09748
20.4082 1.14847
61.2245 0.664179
102.041 0.373856
142.857 0.229664
183.673 0.150774
224.49 0.103813
265.306 0.0741526
306.122 0.0545778
346.939 0.0411974
387.755 0.0317784
428.571 0.024978
469.388 0.0199585
510.204 0.0161805
551.02 0.0132873
591.837 0.011037
632.653 0.00926239
673.469 0.00784522
714.286 0.00670059
755.102 0.00576652
795.918 0.00499708
836.735 0.00435776
877.551 0.00382236
918.367 0.0033707
959.184 0.00298712
1000 0.00265932
