-1000 6.1491e-05
-959.184 -0.000715738
-918.367 -0.00166375
-877.551 -0.00276994
-836.735 -0.00399859
-795.918 -0.00528709
-755.102 -0.00654685
-714.286 -0.00767072
-673.469 -0.00854745
-632.653 -0.00908064
-591.837 -0.00920779
-551.02 -0.00891354
-510.204 -0.00823315
-469.388 -0.00724471
-428.571 -0.00605298
-387.755 -0.00476965
-346.939 -0.00349582
-306.122 -0.00231019
-265.306 -0.0012644
-224.49 -0.000384291
-183.673 0.000325143
-142.857 0.000873444
-102.041 0.00127871
-61.2245 0.0015628
-20.4082 0.00174801
20.4082 0.00185509
61.2245 0.00190216
102.041 0.0019044
142.857 0.00187414
183.673 0.00182113
224.49 0.0017529
265.306 0.00167517
306.122 0.00159224
346.939 0.00150721
387.755 0.00142234
428.571 0.0013392
469.388 0.00125883
510.204 0.00118193
551.02 0.0011089
591.837 0.00103993
632.653 0.000975082
673.469 0.000914305
714.286 0.000857485
755.102 0.00080446
795.918 0.000755043
836.735 0.00070903
877.551 0.000666211
918.367 0.000626378
959.184 0.000589327
1000 0.000554861
