-1000 0.00443292
-959.184 0.00445912
-918.367 0.00443231
-877.551 0.00433821
-836.735 0.00416027
-795.918 0.00387979
-755.102 0.00347628
-714.286 0.00292811
-673.469 0.00221373
-632.653 0.00131328
-591.837 0.000210917
-551.02 -0.00110243
-510.204 -0.002626
-469.388 -0.00434616
-428.571 -0.00623397
-387.755 -0.00824406
-346.939 -0.0103151
-306.122 -0.0123726
-265.306 -0.0143333
-224.49 -0.0161111
-183.673 -0.0176238
-142.857 -0.0187992
-102.041 -0.0195801
-61.2245 -0.0199284
-20.4082 -0.0198268
20.4082 -0.0192804
61.2245 -0.0183161
102.041 -0.0169808
142.857 -0.0153391
183.673 -0.0134685
224.49 -0.0114536
265.306 -0.00938012
306.122 -0.00732796
346.939 -0.00536622
387.755 -0.00354923
428.571 -0.00191492
469.388 -0.0004851
510.204 0.000732738
551.02 0.00174264
591.837 0.0025571
632.653 0.00319408
673.469 0.00367445
714.286 0.00401997
755.102 0.00425187
795.918 0.00438989
836.735 0.0044518
877.551 0.00445311
918.367 0.00440714
959.184 0.00432504
1000 0.00421608
