-1000 0.00156745
-959.184 0.00159335
-918.367 0.00161356
-877.551 0.00162677
-836.735 0.0016315
-795.918 0.00162609
-755.102 0.00160869
-714.286 0.00157726
-673.469 0.0015296
-632.653 0.00146339
-591.837 0.00137618
-551.02 0.0012655
-510.204 0.00112895
-469.388 0.000964246
-428.571 0.000769384
-387.755 0.000542776
-346.939 0.000283394
-306.122 -9.07317e-06
-265.306 -0.000334074
-224.49 -0.000690074
-183.673 -0.00107447
-142.857 -0.00148358
-102.041 -0.00191264
-61.2245 -0.00235594
-20.4082 -0.002807
20.4082 -0.00325877
61.2245 -0.00370392
102.041 -0.00413509
142.857 -0.00454519
183.673 -0.0049276
224.49 -0.00527636
265.306 -0.0055863
306.122 -0.00585307
346.939 -0.00607319
387.755 -0.00624393
428.571 -0.00636333
469.388 -0.00643007
510.204 -0.00644346
551.02 -0.00640334
591.837 -0.00631014
632.653 -0.00616487
673.469 -0.00596915
714.286 -0.00572532
755.102 -0.00543647
795.918 -0.00510652
836.735 -0.00474024
877.551 -0.0043432
918.367 -0.0039217
959.184 -0.00348263
1000 -0.00303325
