-1000 0.00140691
-959.184 0.00149953
-918.367 0.00160033
-877.551 0.00171022
-836.735 0.00183023
-795.918 0.00196153
-755.102 0.00210545
-714.286 0.0022635
-673.469 0.00243742
-632.653 0.0026292
-591.837 0.00284112
-551.02 0.00307582
-510.204 0.00333633
-469.388 0.00362617
-428.571 0.00394941
-387.755 0.0043108
-346.939 0.00471584
-306.122 0.00517097
-265.306 0.00568369
-224.49 0.00626277
-183.673 0.00691845
-142.857 0.00766267
-102.041 0.00850931
-61.2245 0.00947442
-20.4082 0.0105764
20.4082 0.011836
61.2245 0.0132762
102.041 0.0149213
142.857 0.0167952
183.673 0.018918
224.49 0.0212999
265.306 0.023929
306.122 0.0267523
346.939 0.0296412
387.755 0.0323365
428.571 0.0343616
469.388 0.0348978
510.204 0.0326365
551.02 0.0256879
591.837 0.0117732
632.653 -0.0108991
673.469 -0.0418736
714.286 -0.0768608
755.102 -0.108769
795.918 -0.131493
836.735 -0.142124
877.551 -0.139855
918.367 -0.124829
959.184 -0.0983968
1000 -0.0645811
