-1000 0.317175
-959.184 0.420388
-918.367 0.584731
-877.551 0.87637
-836.735 1.4251
-795.918 1.47225
-755.102 -5.22148
-714.286 1.56747
-673.469 -0.4573
-632.653 -1.82905
-591.837 2.67986
-551.02 -4.45349
-510.204 2.62628
-469.388 -1.07241
-428.571 -0.536453
-387.755 2.50267
-346.939 -4.21492
-306.122 3.02559
-265.306 -2.01684
-224.49 0.490908
-183.673 2.02634
-142.857 -3.71066
-102.041 3.20054
-61.2245 -2.94375
-20.4082 1.35016
20.4082 1.35109
61.2245 -2.94092
102.041 3.20538
142.857 -3.70363
183.673 2.03587
224.49 0.503332
265.306 -2.00094
306.122 3.04573
346.939 -4.18944
387.755 2.53497
428.571 -0.495205
469.388 -1.01918
510.204 2.69599
551.02 -4.36036
591.837 2.80767
632.653 -1.64683
673.469 -0.182165
714.286 2.02074
755.102 -4.39948
795.918 2.53126
836.735 -3.46838
877.551 -0.663722
918.367 1.71186
959.184 1.08414
1000 0.693748
