-1000 0.00665091
-959.184 0.00708851
-918.367 0.00755197
-877.551 0.00804028
-836.735 0.00855122
-795.918 0.00908093
-755.102 0.00962323
-714.286 0.0101687
-673.469 0.0107037
-632.653 0.0112082
-591.837 0.0116544
-551.02 0.0120029
-510.204 0.0121992
-469.388 0.0121684
-428.571 0.0118086
-387.755 0.0109824
-346.939 0.00950887
-306.122 0.00715624
-265.306 0.00364156
-224.49 -0.00135275
-183.673 -0.00812954
-142.857 -0.016875
-102.041 -0.027495
-61.2245 -0.0394196
-20.4082 -0.0514762
20.4082 -0.0619782
61.2245 -0.0691073
102.041 -0.0714735
142.857 -0.0685917
183.673 -0.0610513
224.49 -0.0503099
265.306 -0.0381971
306.122 -0.0263604
346.939 -0.0159115
387.755 -0.00736477
428.571 -0.000777627
469.388 0.00405425
510.204 0.00743877
551.02 0.00969154
591.837 0.0110908
632.653 0.011863
673.469 0.0121844
714.286 0.0121884
755.102 0.0119738
795.918 0.0116134
836.735 0.0111599
877.551 0.0106512
918.367 0.0101144
959.184 0.00956867
1000 0.00902727
