-1000 0.00223797
-959.184 0.000345865
-918.367 -0.0016891
-877.551 -0.00377498
-836.735 -0.00581376
-795.918 -0.0077149
-755.102 -0.00940683
-714.286 -0.0108439
-673.469 -0.0120075
-632.653 -0.012903
-591.837 -0.0135534
-551.02 -0.0139924
-510.204 -0.0142587
-469.388 -0.0143908
-428.571 -0.0144245
-387.755 -0.0143911
-346.939 -0.0143168
-306.122 -0.0142228
-265.306 -0.0141256
-224.49 -0.0140378
-183.673 -0.0139686
-142.857 -0.013924
-102.041 -0.0139078
-61.2245 -0.0139211
-20.4082 -0.0139629
20.4082 -0.0140299
61.2245 -0.0141162
102.041 -0.014213
142.857 -0.014308
183.673 -0.0143852
224.49 -0.0144237
265.306 -0.014398
306.122 -0.0142773
346.939 -0.0140262
387.755 -0.0136062
428.571 -0.0129786
469.388 -0.0121088
510.204 -0.0109726
551.02 -0.00956252
591.837 -0.00789448
632.653 -0.00601143
673.469 -0.00398257
714.286 -0.00189701
755.102 0.000147387
795.918 0.00205748
836.735 0.00375704
877.551 0.00519471
918.367 0.00634642
959.184 0.00721277
1000 0.00781334
