-1000 0.000864324
-959.184 0.000928218
-918.367 0.000997955
-877.551 0.00107411
-836.735 0.00115729
-795.918 0.00124817
-755.102 0.00134741
-714.286 0.00145571
-673.469 0.00157375
-632.653 0.00170213
-591.837 0.00184136
-551.02 0.0019917
-510.204 0.00215306
-469.388 0.00232478
-428.571 0.00250539
-387.755 0.00269214
-346.939 0.00288052
-306.122 0.00306344
-265.306 0.0032303
-224.49 0.00336567
-183.673 0.00344769
-142.857 0.00344632
-102.041 0.00332148
-61.2245 0.00302179
-20.4082 0.00248479
20.4082 0.00164003
61.2245 0.000417361
102.041 -0.00123784
142.857 -0.00334147
183.673 -0.00584239
224.49 -0.00859714
265.306 -0.0113616
306.122 -0.0138133
346.939 -0.0156098
387.755 -0.0164701
428.571 -0.0162513
469.388 -0.0149902
510.204 -0.0128925
551.02 -0.010274
591.837 -0.00747824
632.653 -0.00480125
673.469 -0.00244764
714.286 -0.00052165
755.102 0.000955857
795.918 0.0020195
836.735 0.00273246
877.551 0.00316642
918.367 0.00338926
959.184 0.0034592
1000 0.003423
