-1000 0.00890365
-959.184 0.0100305
-918.367 0.011353
-877.551 0.012915
-836.735 0.0147722
-795.918 0.0169966
-755.102 0.0196818
-714.286 0.022951
-673.469 0.0269683
-632.653 0.0319554
-591.837 0.0382159
-551.02 0.0461726
-510.204 0.0564259
-469.388 0.0698477
-428.571 0.0877401
-387.755 0.112118
-346.939 0.146253
-306.122 0.195815
-265.306 0.271563
-224.49 0.396483
-183.673 0.625931
-142.857 1.08086
-102.041 1.3768
-61.2245 -4.69821
-20.4082 -0.032226
20.4082 -0.032226
61.2245 -4.69821
102.041 1.3768
142.857 1.08086
183.673 0.625931
224.49 0.396483
265.306 0.271563
306.122 0.195815
346.939 0.146253
387.755 0.112118
428.571 0.0877401
469.388 0.0698477
510.204 0.0564259
551.02 0.0461726
591.837 0.0382159
632.653 0.0319554
673.469 0.0269683
714.286 0.022951
755.102 0.0196818
795.918 0.0169966
836.735 0.0147722
877.551 0.012915
918.367 0.011353
959.184 0.0100305
1000 0.00890365
