-1000 0.243457
-959.184 0.34252
-918.367 0.506294
-877.551 0.802733
-836.735 1.36205
-795.918 1.42291
-755.102 -5.2597
-714.286 1.53223
-673.469 -0.500363
-632.653 -1.89124
-591.837 2.58677
-551.02 -4.59141
-510.204 2.42397
-469.388 -1.37027
-428.571 -0.98529
-387.755 1.79257
-346.939 -5.41679
-306.122 1.30923
-265.306 1.39721
-224.49 0.823263
-183.673 0.517132
-142.857 0.348821
-102.041 0.247414
-61.2245 0.182123
-20.4082 0.138047
20.4082 0.10719
61.2245 0.0849338
102.041 0.0684744
142.857 0.0560365
183.673 0.0464596
224.49 0.0389631
265.306 0.0330091
306.122 0.0282186
346.939 0.0243192
387.755 0.0211119
428.571 0.0184489
469.388 0.0162189
510.204 0.0143368
551.02 0.0127371
591.837 0.0113683
632.653 0.01019
673.469 0.00917014
714.286 0.00828274
755.102 0.00750688
795.918 0.0068255
836.735 0.00622458
877.551 0.00569252
918.367 0.00521971
959.184 0.00479808
1000 0.00442087
