-1000 0.00280789
-959.184 0.00298156
-918.367 0.00316639
-877.551 0.00336267
-836.735 0.00357055
-795.918 0.00378994
-755.102 0.0040204
-714.286 0.00426104
-673.469 0.00451031
-632.653 0.00476577
-591.837 0.00502377
-551.02 0.00527899
-510.204 0.00552383
-469.388 0.00574761
-428.571 0.00593545
-387.755 0.00606673
-346.939 0.00611307
-306.122 0.00603563
-265.306 0.0057816
-224.49 0.00527985
-183.673 0.00443604
-142.857 0.00312802
-102.041 0.00120399
-61.2245 -0.00151173
-20.4082 -0.00519624
20.4082 -0.00997595
61.2245 -0.0158322
102.041 -0.022469
142.857 -0.0291937
183.673 -0.034923
224.49 -0.0384356
265.306 -0.0388492
306.122 -0.0360533
346.939 -0.0307678
387.755 -0.0241785
428.571 -0.0174378
469.388 -0.0113448
510.204 -0.00628582
551.02 -0.00233566
591.837 0.000606446
632.653 0.00271131
673.469 0.00415798
714.286 0.00510523
755.102 0.00568263
795.918 0.0059911
836.735 0.00610711
877.551 0.00608759
918.367 0.00597453
959.184 0.00579864
1000 0.00558225
