-1000 0.00511439
-959.184 0.00497198
-918.367 0.00474096
-877.551 0.00440328
-836.735 0.00393896
-795.918 0.00332646
-755.102 0.00254345
-714.286 0.00156785
-673.469 0.000379563
-632.653 -0.00103734
-591.837 -0.00269181
-551.02 -0.00458259
-510.204 -0.00669478
-469.388 -0.00899675
-428.571 -0.0114379
-387.755 -0.0139482
-346.939 -0.0164399
-306.122 -0.0188114
-265.306 -0.0209548
-224.49 -0.0227634
-183.673 -0.0241415
-142.857 -0.0250132
-102.041 -0.0253288
-61.2245 -0.0250703
-20.4082 -0.0242525
20.4082 -0.022922
61.2245 -0.0211524
102.041 -0.0190378
142.857 -0.0166842
183.673 -0.0141998
224.49 -0.0116872
265.306 -0.00923561
306.122 -0.00691712
346.939 -0.00478423
387.755 -0.00287038
428.571 -0.00119202
469.388 0.000248373
510.204 0.0014589
551.02 0.00245491
591.837 0.00325621
632.653 0.00388474
673.469 0.00436289
714.286 0.00471231
755.102 0.00495315
795.918 0.00510367
836.735 0.00518002
877.551 0.00519629
918.367 0.00516455
959.184 0.00509504
1000 0.00499637
