-1000 0.00133904
-959.184 0.00144537
-918.367 0.00156275
-877.551 0.00169257
-836.735 0.00183641
-795.918 0.00199608
-755.102 0.00217362
-714.286 0.00237136
-673.469 0.00259194
-632.653 0.00283834
-591.837 0.00311387
-551.02 0.00342223
-510.204 0.00376739
-469.388 0.0041536
-428.571 0.00458514
-387.755 0.00506604
-346.939 0.00559948
-306.122 0.00618693
-265.306 0.0068266
-224.49 0.00751112
-183.673 0.00822388
-142.857 0.0089336
-102.041 0.00958637
-61.2245 0.0100947
-20.4082 0.010324
20.4082 0.0100772
61.2245 0.00908542
102.041 0.0070148
142.857 0.00351008
183.673 -0.00170345
224.49 -0.00865874
265.306 -0.0169777
306.122 -0.0258059
346.939 -0.0339528
387.755 -0.0402015
428.571 -0.0436156
469.388 -0.043701
510.204 -0.0404456
551.02 -0.0343196
591.837 -0.02624
632.653 -0.0174159
673.469 -0.00904752
714.286 -0.00201108
755.102 0.00329155
795.918 0.00687646
836.735 0.00901049
877.551 0.0100478
918.367 0.0103249
959.184 0.0101142
1000 0.00961612
