-1000 0.000403115
-959.184 0.000413825
-918.367 0.000423608
-877.551 0.000432152
-836.735 0.000439086
-795.918 0.000443971
-755.102 0.000446293
-714.286 0.000445452
-673.469 0.000440756
-632.653 0.00043141
-591.837 0.000416514
-551.02 0.00039506
-510.204 0.000365935
-469.388 0.000327928
-428.571 0.000279756
-387.755 0.000220094
-346.939 0.000147624
-306.122 6.11053e-05
-265.306 -4.05359e-05
-224.49 -0.000158089
-183.673 -0.000291923
-142.857 -0.000441829
-102.041 -0.000606855
-61.2245 -0.000785145
-20.4082 -0.000973809
20.4082 -0.00116884
61.2245 -0.00136513
102.041 -0.00155658
142.857 -0.00173633
183.673 -0.00189718
224.49 -0.00203205
265.306 -0.00213457
306.122 -0.00219962
346.939 -0.00222382
387.755 -0.00220591
428.571 -0.00214682
469.388 -0.00204964
510.204 -0.00191923
551.02 -0.00176184
591.837 -0.00158446
632.653 -0.00139432
673.469 -0.00119834
714.286 -0.00100277
755.102 -0.000812868
795.918 -0.000632811
836.735 -0.000465653
877.551 -0.000313399
918.367 -0.000177124
959.184 -5.714e-05
1000 4.68462e-05
