-1000 0.00168811
-959.184 0.00158956
-918.367 0.00144963
-877.551 0.0012614
-836.735 0.00101786
-795.918 0.00071232
-755.102 0.00033894
-714.286 -0.000106543
-673.469 -0.000626024
-632.653 -0.00121817
-591.837 -0.00187763
-551.02 -0.00259436
-510.204 -0.00335339
-469.388 -0.00413483
-428.571 -0.00491462
-387.755 -0.0056656
-346.939 -0.00635913
-306.122 -0.00696694
-265.306 -0.00746304
-224.49 -0.00782551
-183.673 -0.00803799
-142.857 -0.00809077
-102.041 -0.00798144
-61.2245 -0.007715
-20.4082 -0.00730359
20.4082 -0.00676565
61.2245 -0.00612473
102.041 -0.00540781
142.857 -0.00464353
183.673 -0.0038602
224.49 -0.00308406
265.306 -0.00233782
306.122 -0.00163968
346.939 -0.0010029
387.755 -0.000435794
428.571 5.77554e-05
469.388 0.000477648
510.204 0.000826704
551.02 0.00110982
591.837 0.00133321
632.653 0.00150374
673.469 0.00162842
714.286 0.00171406
755.102 0.00176701
795.918 0.00179303
836.735 0.00179721
877.551 0.00178399
918.367 0.00175713
959.184 0.00171983
1000 0.00167473
