-1000 -0.00468828
-959.184 -0.00609117
-918.367 -0.00745994
-877.551 -0.00875561
-836.735 -0.00994612
-795.918 -0.0110082
-755.102 -0.0119278
-714.286 -0.0126991
-673.469 -0.0133228
-632.653 -0.0138038
-591.837 -0.0141489
-551.02 -0.0143647
-510.204 -0.0144562
-469.388 -0.0144257
-428.571 -0.0142726
-387.755 -0.0139929
-346.939 -0.0135807
-306.122 -0.0130292
-265.306 -0.0123321
-224.49 -0.0114863
-183.673 -0.0104943
-142.857 -0.00936569
-102.041 -0.00811911
-61.2245 -0.00678239
-20.4082 -0.00539137
20.4082 -0.00398734
61.2245 -0.00261332
102.041 -0.00130999
142.857 -0.000111993
183.673 0.000954791
224.49 0.00187444
265.306 0.00264085
306.122 0.00325646
346.939 0.00373036
387.755 0.00407609
428.571 0.00430971
469.388 0.00444811
510.204 0.00450779
551.02 0.00450404
591.837 0.0044505
632.653 0.00435896
673.469 0.00423935
714.286 0.00409986
755.102 0.00394713
795.918 0.00378643
836.735 0.00362188
877.551 0.00345665
918.367 0.00329313
959.184 0.00313307
1000 0.00297775
