-1000 0.0343616
-959.184 0.0306096
-918.367 0.0245635
-877.551 0.0161529
-836.735 0.00576064
-795.918 -0.00572741
-755.102 -0.0171014
-714.286 -0.027191
-673.469 -0.0352049
-632.653 -0.0408613
-591.837 -0.0443024
-551.02 -0.0459126
-510.204 -0.0461509
-469.388 -0.0454467
-428.571 -0.0441519
-387.755 -0.0425331
-346.939 -0.0407801
-306.122 -0.0390222
-265.306 -0.0373437
-224.49 -0.0357971
-183.673 -0.0344131
-142.857 -0.0332085
-102.041 -0.0321907
-61.2245 -0.0313623
-20.4082 -0.0307227
20.4082 -0.0302704
61.2245 -0.0300035
102.041 -0.0299208
142.857 -0.0300219
183.673 -0.0303072
224.49 -0.0307782
265.306 -0.0314366
306.122 -0.032284
346.939 -0.0333206
387.755 -0.0345437
428.571 -0.0359448
469.388 -0.0375063
510.204 -0.0391955
551.02 -0.0409573
591.837 -0.0427036
632.653 -0.0442997
673.469 -0.0455488
714.286 -0.0461761
755.102 -0.0458209
795.918 -0.0440481
836.735 -0.0404002
877.551 -0.0345088
918.367 -0.0262664
959.184 -0.0160046
1000 -0.00456275
