-1000 -0.00822259
-959.184 -0.0123663
-918.367 -0.0162856
-877.551 -0.0197682
-836.735 -0.0226854
-795.918 -0.0249957
-755.102 -0.0267264
-714.286 -0.0279449
-673.469 -0.0287293
-632.653 -0.0291471
-591.837 -0.0292408
-551.02 -0.0290206
-510.204 -0.0284629
-469.388 -0.0275139
-428.571 -0.0260999
-387.755 -0.0241439
-346.939 -0.0215909
-306.122 -0.0184379
-265.306 -0.01476
-224.49 -0.0107216
-183.673 -0.00656074
-142.857 -0.00254731
-102.041 0.00107175
-61.2245 0.00411886
-20.4082 0.00650741
20.4082 0.00823648
61.2245 0.00936787
102.041 0.009998
142.857 0.0102338
183.673 0.0101767
224.49 0.00991371
265.306 0.00951506
306.122 0.00903442
346.939 0.0085112
387.755 0.00797333
428.571 0.00743983
469.388 0.00692313
510.204 0.00643088
551.02 0.00596734
591.837 0.00553444
632.653 0.00513255
673.469 0.004761
714.286 0.00441852
755.102 0.00410344
795.918 0.00381394
836.735 0.00354811
877.551 0.00330408
918.367 0.00308004
959.184 0.00287429
1000 0.00268523
