-1000 -0.00291412
-959.184 -0.00311557
-918.367 -0.0032792
-877.551 -0.00339909
-836.735 -0.00347076
-795.918 -0.00349148
-755.102 -0.00346044
-714.286 -0.00337885
-673.469 -0.0032498
-632.653 -0.00307809
-591.837 -0.00286989
-551.02 -0.00263236
-510.204 -0.00237318
-469.388 -0.00210015
-428.571 -0.0018208
-387.755 -0.00154203
-346.939 -0.00126987
-306.122 -0.00100933
-265.306 -0.000764354
-224.49 -0.000537772
-183.673 -0.000331422
-142.857 -0.00014624
-102.041 1.76011e-05
-61.2245 0.000160541
-20.4082 0.000283488
20.4082 0.000387685
61.2245 0.000474591
102.041 0.000545785
142.857 0.000602887
183.673 0.000647496
224.49 0.000681149
265.306 0.000705291
306.122 0.000721252
346.939 0.000730246
387.755 0.00073336
428.571 0.000731563
469.388 0.000725704
510.204 0.000716528
551.02 0.00070468
591.837 0.000690714
632.653 0.000675104
673.469 0.000658255
714.286 0.000640505
755.102 0.000622142
795.918 0.000603404
836.735 0.000584489
877.551 0.000565559
918.367 0.000546746
959.184 0.000528158
1000 0.000509879
