-1000 0.00126768
-959.184 0.00138821
-918.367 0.00152445
-877.551 0.00167905
-836.735 0.00185517
-795.918 0.0020567
-755.102 0.00228833
-714.286 0.0025559
-673.469 0.00286659
-632.653 0.00322939
-591.837 0.00365564
-551.02 0.00415969
-510.204 0.00476001
-469.388 0.00548046
-428.571 0.00635236
-387.755 0.00741718
-346.939 0.00873065
-306.122 0.0103687
-265.306 0.0124364
-224.49 0.0150815
-183.673 0.0185163
-142.857 0.0230511
-102.041 0.0291514
-61.2245 0.0375328
-20.4082 0.0493293
20.4082 0.0664012
61.2245 0.0919325
102.041 0.131687
142.857 0.196948
183.673 0.312375
224.49 0.537841
265.306 0.981589
306.122 0.665796
346.939 -6.49499
387.755 0.112634
428.571 1.0604
469.388 0.588122
510.204 0.336936
551.02 0.210163
591.837 0.139458
632.653 0.096797
673.469 0.0695886
714.286 0.051495
755.102 0.0390493
795.918 0.0302412
836.735 0.0238523
877.551 0.0191171
918.367 0.0155401
959.184 0.012792
1000 0.0106484
