-1000 -0.00756923
-959.184 -0.00789921
-918.367 -0.00806477
-877.551 -0.00805598
-836.735 -0.00787336
-795.918 -0.00752786
-755.102 -0.0070396
-714.286 -0.00643558
-673.469 -0.0057469
-632.653 -0.00500581
-591.837 -0.00424312
-551.02 -0.00348612
-510.204 -0.00275738
-469.388 -0.00207411
-428.571 -0.0014482
-387.755 -0.000886747
-346.939 -0.00039273
-306.122 3.41049e-05
-265.306 0.000396418
-224.49 0.00069851
-183.673 0.00094568
-142.857 0.00114372
-102.041 0.00129852
-61.2245 0.00141582
-20.4082 0.001501
20.4082 0.001559
61.2245 0.00159426
102.041 0.00161071
142.857 0.00161178
183.673 0.00160041
224.49 0.00157915
265.306 0.00155012
306.122 0.00151513
346.939 0.00147569
387.755 0.00143303
428.571 0.00138818
469.388 0.00134197
510.204 0.0012951
551.02 0.00124808
591.837 0.00120137
632.653 0.0011553
673.469 0.00111012
714.286 0.00106605
755.102 0.00102322
795.918 0.000981741
836.735 0.000941682
877.551 0.000903084
918.367 0.000865966
959.184 0.00083033
1000 0.000796162
