-1000 0.000232639
-959.184 0.000241316
-918.367 0.000250233
-877.551 0.00025937
-836.735 0.000268703
-795.918 0.000278196
-755.102 0.000287807
-714.286 0.000297482
-673.469 0.000307153
-632.653 0.000316738
-591.837 0.000326136
-551.02 0.000335226
-510.204 0.000343862
-469.388 0.000351869
-428.571 0.000359039
-387.755 0.00036513
-346.939 0.000369856
-306.122 0.000372882
-265.306 0.000373824
-224.49 0.000372237
-183.673 0.000367616
-142.857 0.000359387
-102.041 0.000346912
-61.2245 0.000329479
-20.4082 0.000306315
20.4082 0.000276588
61.2245 0.000239422
102.041 0.000193922
142.857 0.0001392
183.673 7.44167e-05
224.49 -1.16079e-06
265.306 -8.80975e-05
306.122 -0.000186711
346.939 -0.000296983
387.755 -0.000418469
428.571 -0.000550207
469.388 -0.000690632
510.204 -0.000837528
551.02 -0.000987998
591.837 -0.0011385
632.653 -0.00128493
673.469 -0.00142279
714.286 -0.00154738
755.102 -0.0016541
795.918 -0.00173876
836.735 -0.00179784
877.551 -0.0018288
918.367 -0.00183028
959.184 -0.00180223
1000 -0.00174587
