-1000 -0.00428703
-959.184 -0.0118603
-918.367 -0.0205099
-877.551 -0.0292178
-836.735 -0.0367413
-795.918 -0.0419457
-755.102 -0.0440608
-714.286 -0.0427842
-673.469 -0.0382974
-632.653 -0.0312584
-591.837 -0.0227285
-551.02 -0.0139549
-510.204 -0.00603975
-469.388 0.000324903
-428.571 0.00492034
-387.755 0.00788486
-346.939 0.00953706
-306.122 0.0102329
-265.306 0.0102863
-224.49 0.0099405
-183.673 0.009369
-142.857 0.00868833
-102.041 0.00797277
-61.2245 0.00726723
-20.4082 0.00659709
20.4082 0.0059752
61.2245 0.00540666
102.041 0.00489188
142.857 0.00442868
183.673 0.00401349
224.49 0.00364213
265.306 0.00331033
306.122 0.0030139
346.939 0.00274896
387.755 0.00251196
428.571 0.0022997
469.388 0.00210931
510.204 0.00193827
551.02 0.00178436
591.837 0.00164562
632.653 0.00152032
673.469 0.00140696
714.286 0.00130421
755.102 0.00121091
795.918 0.00112604
836.735 0.0010487
877.551 0.000978101
918.367 0.000913546
959.184 0.000854419
1000 0.000800176
