-1000 -0.00497279
-959.184 -0.00546729
-918.367 -0.00583221
-877.551 -0.00603887
-836.735 -0.00607025
-795.918 -0.00592369
-755.102 -0.00561142
-714.286 -0.00515845
-673.469 -0.00459875
-632.653 -0.00397033
-591.837 -0.00331068
-551.02 -0.002653
-510.204 -0.00202401
-469.388 -0.00144305
-428.571 -0.000922287
-387.755 -0.000467702
-346.939 -8.03838e-05
-306.122 0.000242128
-265.306 0.000504615
-224.49 0.000713177
-183.673 0.000874469
-142.857 0.000995164
-102.041 0.0010816
-61.2245 0.00113957
-20.4082 0.00117424
20.4082 0.0011901
61.2245 0.00119099
102.041 0.00118015
142.857 0.00116029
183.673 0.00113364
224.49 0.00110202
265.306 0.0010669
306.122 0.00102948
346.939 0.000990688
387.755 0.000951271
428.571 0.000911804
469.388 0.000872731
510.204 0.000834388
551.02 0.000797021
591.837 0.000760808
632.653 0.000725871
673.469 0.000692288
714.286 0.000660102
755.102 0.000629331
795.918 0.00059997
836.735 0.000572001
877.551 0.00054539
918.367 0.0005201
959.184 0.000496085
1000 0.000473294
