-1000 0.00242395
-959.184 0.00258235
-918.367 0.00274974
-877.551 0.00292557
-836.735 0.00310876
-795.918 0.00329761
-755.102 0.00348947
-714.286 0.00368051
-673.469 0.00386534
-632.653 0.00403653
-591.837 0.0041841
-551.02 0.00429492
-510.204 0.00435206
-469.388 0.00433419
-428.571 0.00421524
-387.755 0.00396438
-346.939 0.00354674
-306.122 0.00292525
-265.306 0.00206393
-224.49 0.000932824
-183.673 -0.000485441
-142.857 -0.0021884
-102.041 -0.00414715
-61.2245 -0.00630259
-20.4082 -0.00856628
20.4082 -0.010827
61.2245 -0.0129618
102.041 -0.0148496
142.857 -0.0163829
183.673 -0.0174768
224.49 -0.0180726
265.306 -0.0181395
306.122 -0.0176741
346.939 -0.0167003
387.755 -0.0152699
428.571 -0.0134614
469.388 -0.0113773
510.204 -0.00913644
551.02 -0.00686239
591.837 -0.00467056
632.653 -0.00265589
673.469 -0.000885124
714.286 0.000605479
755.102 0.00180739
795.918 0.00273372
836.735 0.00341193
877.551 0.00387703
918.367 0.0041662
959.184 0.00431505
1000 0.00435556
