-1000 0.00253391
-959.184 0.00265009
-918.367 0.00277165
-877.551 0.00289864
-836.735 0.00303108
-795.918 0.00316889
-755.102 0.00331191
-714.286 0.00345985
-673.469 0.0036123
-632.653 0.00376863
-591.837 0.003928
-551.02 0.00408929
-510.204 0.00425103
-469.388 0.0044113
-428.571 0.00456771
-387.755 0.00471722
-346.939 0.00485604
-306.122 0.00497951
-265.306 0.00508191
-224.49 0.0051563
-183.673 0.00519432
-142.857 0.00518598
-102.041 0.00511948
-61.2245 0.00498107
-20.4082 0.00475489
20.4082 0.004423
61.2245 0.00396551
102.041 0.00336095
142.857 0.00258699
183.673 0.00162153
224.49 0.000444298
265.306 -0.000960889
306.122 -0.00260341
346.939 -0.0044826
387.755 -0.00658433
428.571 -0.00887785
469.388 -0.0113136
510.204 -0.0138224
551.02 -0.0163172
591.837 -0.0186974
632.653 -0.0208547
673.469 -0.0226824
714.286 -0.0240841
755.102 -0.0249825
795.918 -0.0253267
836.735 -0.0250968
877.551 -0.0243061
918.367 -0.0229997
959.184 -0.0212499
1000 -0.0191501
