-1000 0.00830661
-959.184 0.00980269
-918.367 0.0116659
-877.551 0.014009
-836.735 0.0169849
-795.918 0.0208
-755.102 0.02573
-714.286 0.0321288
-673.469 0.0404074
-632.653 0.050908
-591.837 0.0634635
-551.02 0.0761063
-510.204 0.0818273
-469.388 0.0627309
-428.571 -0.0104211
-387.755 -0.141498
-346.939 -0.251572
-306.122 -0.281522
-265.306 -0.267754
-224.49 -0.181821
-183.673 -0.0455274
-142.857 0.0477665
-102.041 0.0799061
-61.2245 0.0790933
-20.4082 0.0674258
20.4082 0.0544953
61.2245 0.0433155
102.041 0.034396
142.857 0.0274774
183.673 0.0221474
224.49 0.0180302
265.306 0.0148271
306.122 0.0123123
346.939 0.0103186
387.755 0.00872234
428.571 0.00743202
469.388 0.00637946
510.204 0.00551342
551.02 0.00479506
591.837 0.00419468
632.653 0.00368935
673.469 0.00326119
714.286 0.00289618
755.102 0.00258321
795.918 0.0023134
836.735 0.00207962
877.551 0.0018761
918.367 0.00169813
959.184 0.00154184
1000 0.00140406
