-1000 0.00188838
-959.184 0.00199203
-918.367 0.00210101
-877.551 0.00221521
-836.735 0.00233438
-795.918 0.00245809
-755.102 0.00258563
-714.286 0.00271601
-673.469 0.00284782
-632.653 0.00297912
-591.837 0.00310734
-551.02 0.00322911
-510.204 0.0033401
-469.388 0.00343479
-428.571 0.00350634
-387.755 0.00354631
-346.939 0.00354455
-306.122 0.00348908
-265.306 0.00336616
-224.49 0.00316045
-183.673 0.00285563
-142.857 0.00243516
-102.041 0.0018837
-61.2245 0.00118877
-20.4082 0.00034287
20.4082 -0.000654322
61.2245 -0.00179399
102.041 -0.00305689
142.857 -0.00441322
183.673 -0.00582388
224.49 -0.00724312
265.306 -0.00862217
306.122 -0.00991324
346.939 -0.011073
387.755 -0.0120651
428.571 -0.0128611
469.388 -0.0134409
510.204 -0.0137912
551.02 -0.0139047
591.837 -0.0137793
632.653 -0.0134173
673.469 -0.0128263
714.286 -0.0120199
755.102 -0.0110187
795.918 -0.00985147
836.735 -0.00855492
877.551 -0.00717271
918.367 -0.00575275
959.184 -0.00434376
1000 -0.00299123
