-1000 0.000226089
-959.184 0.000240589
-918.367 0.000256326
-877.551 0.00027343
-836.735 0.000292051
-795.918 0.000312353
-755.102 0.000334525
-714.286 0.000358778
-673.469 0.000385354
-632.653 0.000414525
-591.837 0.000446602
-551.02 0.000481936
-510.204 0.00052093
-469.388 0.000564042
-428.571 0.000611793
-387.755 0.000664781
-346.939 0.000723684
-306.122 0.000789276
-265.306 0.000862439
-224.49 0.000944169
-183.673 0.00103559
-142.857 0.00113795
-102.041 0.00125265
-61.2245 0.00138119
-20.4082 0.00152515
20.4082 0.00168612
61.2245 0.00186558
102.041 0.00206466
142.857 0.00228376
183.673 0.00252199
224.49 0.00277616
265.306 0.00303935
306.122 0.00329863
346.939 0.00353172
387.755 0.00370224
428.571 0.00375337
469.388 0.00360034
510.204 0.00312352
551.02 0.00216698
591.837 0.000552165
632.653 -0.00187849
673.469 -0.00517338
714.286 -0.00914462
755.102 -0.0132586
795.918 -0.0166616
836.735 -0.0184407
877.551 -0.0180494
918.367 -0.0156119
959.184 -0.011851
1000 -0.00770321
