-1000 0.00379993
-959.184 0.00405644
-918.367 0.0043155
-877.551 0.00456952
-836.735 0.00480745
-795.918 0.00501358
-755.102 0.00516612
-714.286 0.00523546
-673.469 0.00518224
-632.653 0.00495551
-591.837 0.00449141
-551.02 0.00371327
-510.204 0.00253464
-469.388 0.00086699
-428.571 -0.00136547
-387.755 -0.0042024
-346.939 -0.00761623
-306.122 -0.0114789
-265.306 -0.0155392
-224.49 -0.0194261
-183.673 -0.0226937
-142.857 -0.0249048
-102.041 -0.0257341
-61.2245 -0.0250538
-20.4082 -0.0229689
20.4082 -0.0197883
61.2245 -0.0159427
102.041 -0.0118813
142.857 -0.00798544
183.673 -0.00451905
224.49 -0.00162178
265.306 0.00067019
306.122 0.00239129
346.939 0.00361491
387.755 0.00442909
428.571 0.00492095
469.388 0.00516833
510.204 0.0052364
551.02 0.00517736
591.837 0.00503166
632.653 0.0048298
673.469 0.00459426
714.286 0.00434128
755.102 0.00408233
795.918 0.00382531
836.735 0.00357547
877.551 0.00333616
918.367 0.00310937
959.184 0.0028961
1000 0.00269669
