-1000 0.00170818
-959.184 0.0018419
-918.367 0.00198787
-877.551 0.00214708
-836.735 0.00232049
-795.918 0.00250896
-755.102 0.00271314
-714.286 0.00293333
-673.469 0.00316927
-632.653 0.00341984
-591.837 0.00368258
-551.02 0.00395318
-510.204 0.00422454
-469.388 0.00448576
-428.571 0.00472062
-387.755 0.00490576
-346.939 0.00500853
-306.122 0.00498465
-265.306 0.00477616
-224.49 0.00431059
-183.673 0.00350273
-142.857 0.00226122
-102.041 0.000502129
-61.2245 -0.00182881
-20.4082 -0.00472696
20.4082 -0.0080989
61.2245 -0.0117439
102.041 -0.0153598
142.857 -0.0185808
183.673 -0.0210397
224.49 -0.0224368
265.306 -0.0225963
306.122 -0.0214978
346.939 -0.0192803
387.755 -0.0162169
428.571 -0.0126642
469.388 -0.00899479
510.204 -0.00553148
551.02 -0.0025021
591.837 -2.59254e-05
632.653 0.0018728
673.469 0.00323655
714.286 0.00414425
755.102 0.00468701
795.918 0.00495242
836.735 0.00501645
877.551 0.00494069
918.367 0.00477267
959.184 0.00454773
1000 0.00429133
