-1000 -0.000325447
-959.184 -0.00057029
-918.367 -0.000842838
-877.551 -0.00114036
-836.735 -0.00145837
-795.918 -0.00179044
-755.102 -0.00212822
-714.286 -0.00246163
-673.469 -0.00277921
-632.653 -0.00306877
-591.837 -0.00331812
-551.02 -0.00351602
-510.204 -0.00365303
-469.388 -0.0037224
-428.571 -0.0037206
-387.755 -0.00364775
-346.939 -0.0035075
-306.122 -0.00330679
-265.306 -0.00305515
-224.49 -0.0027639
-183.673 -0.00244524
-142.857 -0.00211135
-102.041 -0.00177362
-61.2245 -0.00144208
-20.4082 -0.00112496
20.4082 -0.000828587
61.2245 -0.000557375
102.041 -0.000313959
142.857 -9.94548e-05
183.673 8.62613e-05
224.49 0.000244259
265.306 0.000376276
306.122 0.000484477
346.939 0.000571255
387.755 0.000639077
428.571 0.000690366
469.388 0.000727425
510.204 0.000752385
551.02 0.000767178
591.837 0.000773526
632.653 0.000772943
673.469 0.000766744
714.286 0.00075606
755.102 0.000741853
795.918 0.000724936
836.735 0.000705992
877.551 0.000685585
918.367 0.000664185
959.184 0.000642174
1000 0.000619864
