-1000 0.00202403
-959.184 0.00212193
-918.367 0.0022249
-877.551 0.00233309
-836.735 0.00244659
-795.918 0.00256549
-755.102 0.00268977
-714.286 0.00281935
-673.469 0.00295404
-632.653 0.00309353
-591.837 0.00323729
-551.02 0.00338461
-510.204 0.0035345
-469.388 0.0036856
-428.571 0.00383615
-387.755 0.00398385
-346.939 0.00412579
-306.122 0.00425826
-265.306 0.00437662
-224.49 0.00447516
-183.673 0.00454682
-142.857 0.00458309
-102.041 0.0045737
-61.2245 0.00450648
-20.4082 0.0043672
20.4082 0.00413951
61.2245 0.00380497
102.041 0.00334335
142.857 0.00273323
183.673 0.00195295
224.49 0.00098207
265.306 -0.000196535
306.122 -0.00159408
346.939 -0.00321274
387.755 -0.0050423
428.571 -0.00705704
469.388 -0.00921341
510.204 -0.0114492
551.02 -0.0136849
591.837 -0.0158275
632.653 -0.0177766
673.469 -0.0194326
714.286 -0.0207053
755.102 -0.0215221
795.918 -0.0218352
836.735 -0.021626
877.551 -0.020907
918.367 -0.0197205
959.184 -0.0181343
1000 -0.016236
