-1000 0.00233587
-959.184 0.0024321
-918.367 0.00252427
-877.551 0.0026096
-836.735 0.00268455
-795.918 0.00274472
-755.102 0.00278463
-714.286 0.00279754
-673.469 0.00277535
-632.653 0.00270835
-591.837 0.00258519
-551.02 0.00239284
-510.204 0.00211675
-469.388 0.00174117
-428.571 0.00124993
-387.755 0.000627473
-346.939 -0.000139534
-306.122 -0.00106006
-265.306 -0.00213612
-224.49 -0.00335993
-183.673 -0.00471115
-142.857 -0.00615478
-102.041 -0.00764042
-61.2245 -0.00910352
-20.4082 -0.010469
20.4082 -0.0116574
61.2245 -0.0125927
102.041 -0.0132107
142.857 -0.0134671
183.673 -0.0133431
224.49 -0.0128478
265.306 -0.0120172
306.122 -0.0109092
346.939 -0.00959659
387.755 -0.00815874
428.571 -0.006673
469.388 -0.00520816
510.204 -0.00381983
551.02 -0.00254839
591.837 -0.00141915
632.653 -0.000443976
673.469 0.000376038
714.286 0.00104775
755.102 0.00158322
795.918 0.00199744
836.735 0.00230652
877.551 0.00252645
918.367 0.00267226
959.184 0.00275754
1000 0.00279423
