-1000 0.00130358
-959.184 0.00132684
-918.367 0.00134169
-877.551 0.0013457
-836.735 0.00133593
-795.918 0.00130893
-755.102 0.00126064
-714.286 0.00118638
-673.469 0.00108081
-632.653 0.00093798
-591.837 0.000751417
-551.02 0.000514335
-510.204 0.000219961
-469.388 -0.000137964
-428.571 -0.000564454
-387.755 -0.00106234
-346.939 -0.00163106
-306.122 -0.00226538
-265.306 -0.00295399
-224.49 -0.00367845
-183.673 -0.00441264
-142.857 -0.00512333
-102.041 -0.00577194
-61.2245 -0.00631786
-20.4082 -0.00672299
20.4082 -0.00695672
61.2245 -0.00700051
102.041 -0.00685081
142.857 -0.00651966
183.673 -0.00603271
224.49 -0.00542532
265.306 -0.00473758
306.122 -0.00400947
346.939 -0.00327695
387.755 -0.00256947
428.571 -0.00190891
469.388 -0.00130968
510.204 -0.000779606
551.02 -0.000321167
591.837 6.70974e-05
632.653 0.00038935
673.469 0.000651392
714.286 0.00085984
755.102 0.00102153
795.918 0.00114309
836.735 0.00123075
877.551 0.0012901
918.367 0.00132614
959.184 0.0013432
1000 0.001345
