-1000 0.000421181
-959.184 0.000447616
-918.367 0.000476262
-877.551 0.000507349
-836.735 0.000541133
-795.918 0.000577908
-755.102 0.000617998
-714.286 0.000661775
-673.469 0.000709657
-632.653 0.000762117
-591.837 0.000819693
-551.02 0.000882994
-510.204 0.000952717
-469.388 0.00102965
-428.571 0.0011147
-387.755 0.00120888
-346.939 0.00131338
-306.122 0.00142952
-265.306 0.00155884
-224.49 0.00170305
-183.673 0.00186411
-142.857 0.00204422
-102.041 0.00224583
-61.2245 0.00247164
-20.4082 0.00272456
20.4082 0.00300765
61.2245 0.00332393
102.041 0.00367613
142.857 0.00406621
183.673 0.00449458
224.49 0.00495886
265.306 0.0054519
306.122 0.00595877
346.939 0.00645217
387.755 0.00688584
428.571 0.00718538
469.388 0.00723666
510.204 0.00687334
551.02 0.00586824
591.837 0.00393951
632.653 0.000789518
673.469 -0.00380172
714.286 -0.00982135
755.102 -0.0168473
795.918 -0.0239609
836.735 -0.0298794
877.551 -0.0333295
918.367 -0.0335014
959.184 -0.0303539
1000 -0.0246292
