-1000 0.00407557
-959.184 0.00439407
-918.367 0.00474692
-877.551 0.0051389
-836.735 0.00557564
-795.918 0.00606378
-755.102 0.00661117
-714.286 0.00722716
-673.469 0.00792294
-632.653 0.00871202
-591.837 0.00961072
-551.02 0.010639
-510.204 0.0118213
-469.388 0.013188
-428.571 0.0147768
-387.755 0.0166356
-346.939 0.0188248
-306.122 0.0214224
-265.306 0.0245295
-224.49 0.0282796
-183.673 0.0328505
-142.857 0.0384831
-102.041 0.0455096
-61.2245 0.0543959
-20.4082 0.06581
20.4082 0.0807318
61.2245 0.100637
102.041 0.127819
142.857 0.165972
183.673 0.221329
224.49 0.305076
265.306 0.439158
306.122 0.67194
346.939 1.11315
387.755 1.7234
428.571 -1.99077
469.388 -1.88773
510.204 2.17991
551.02 -4.67642
591.837 2.62104
632.653 -1.73781
673.469 -0.191465
714.286 2.094
755.102 -4.22517
795.918 2.85803
836.735 -2.85988
877.551 0.422274
918.367 0.914808
959.184 -4.6813
1000 1.6012
