-1000 0.004079
-959.184 0.00437401
-918.367 0.00469676
-877.551 0.00505035
-836.735 0.00543825
-795.918 0.00586432
-755.102 0.00633288
-714.286 0.00684872
-673.469 0.00741713
-632.653 0.00804388
-591.837 0.00873522
-551.02 0.00949779
-510.204 0.0103384
-469.388 0.011264
-428.571 0.0122806
-387.755 0.0133934
-346.939 0.0146046
-306.122 0.0159126
-265.306 0.0173083
-224.49 0.0187719
-183.673 0.0202666
-142.857 0.0217309
-102.041 0.0230674
-61.2245 0.024129
-20.4082 0.024703
20.4082 0.024496
61.2245 0.023128
102.041 0.0201486
142.857 0.0150973
183.673 0.00762569
224.49 -0.00232431
265.306 -0.0143482
306.122 -0.0275371
346.939 -0.0406652
387.755 -0.0525537
428.571 -0.0623968
469.388 -0.0698707
510.204 -0.0750288
551.02 -0.0781032
591.837 -0.0793239
632.653 -0.0788041
673.469 -0.0764941
714.286 -0.0722006
755.102 -0.0656741
795.918 -0.056765
836.735 -0.0456252
877.551 -0.032867
918.367 -0.019549
959.184 -0.00692546
1000 0.00393218
