-1000 1.43303
-959.184 -4.91664
-918.367 0.603945
-877.551 0.0210759
-836.735 -3.38551
-795.918 2.1284
-755.102 -5.34402
-714.286 0.400631
-673.469 1.42168
-632.653 0.845466
-591.837 0.53119
-551.02 0.365665
-510.204 0.267698
-469.388 0.204055
-428.571 0.159971
-387.755 0.128044
-346.939 0.104167
-306.122 0.0858754
-265.306 0.0715962
-224.49 0.060277
-183.673 0.0511881
-142.857 0.0438084
-102.041 0.0377575
-61.2245 0.0327525
-20.4082 0.0285794
20.4082 0.0250745
61.2245 0.0221109
102.041 0.0195895
142.857 0.0174318
183.673 0.0155754
224.49 0.01397
265.306 0.0125751
306.122 0.0113578
346.939 0.0102908
387.755 0.00935208
428.571 0.00852297
469.388 0.0077881
510.204 0.00713458
551.02 0.00655156
591.837 0.00602984
632.653 0.00556165
673.469 0.00514035
714.286 0.00476024
755.102 0.00441645
795.918 0.00410477
836.735 0.00382156
877.551 0.00356367
918.367 0.00332833
959.184 0.00311316
1000 0.00291604
