-1000 0.0179487
-959.184 0.0155387
-918.367 0.0114319
-877.551 0.00550899
-836.735 -0.00198825
-795.918 -0.010399
-755.102 -0.0187869
-714.286 -0.0262497
-673.469 -0.0322072
-632.653 -0.0365009
-591.837 -0.039305
-551.02 -0.0409615
-510.204 -0.0418381
-469.388 -0.042245
-428.571 -0.0424001
-387.755 -0.0424213
-346.939 -0.0423284
-306.122 -0.0420428
-265.306 -0.0413865
-224.49 -0.0400841
-183.673 -0.0377841
-142.857 -0.0341204
-102.041 -0.0288314
-61.2245 -0.0219249
-20.4082 -0.0138119
20.4082 -0.00529208
61.2245 0.0026709
102.041 0.00927663
142.857 0.0141127
183.673 0.0171702
224.49 0.018711
265.306 0.0191052
306.122 0.0187155
346.939 0.0178401
387.755 0.0166997
428.571 0.0154452
469.388 0.0141737
510.204 0.0129433
551.02 0.0117863
591.837 0.010718
632.653 0.00974309
673.469 0.00886019
714.286 0.00806445
755.102 0.00734927
795.918 0.00670744
836.735 0.0061317
877.551 0.0056151
918.367 0.00515125
959.184 0.00473428
1000 0.00435895
