-1000 0.00296143
-959.184 0.00322484
-918.367 0.00352063
-877.551 0.00385395
-836.735 0.00423098
-795.918 0.00465914
-755.102 0.00514745
-714.286 0.00570689
-673.469 0.00635094
-632.653 0.00709626
-591.837 0.00796361
-551.02 0.00897902
-510.204 0.0101755
-469.388 0.011595
-428.571 0.013292
-387.755 0.0153367
-346.939 0.0178219
-306.122 0.0208698
-265.306 0.024644
-224.49 0.0293633
-183.673 0.0353208
-142.857 0.0429041
-102.041 0.0526077
-61.2245 0.0650023
-20.4082 0.0805609
20.4082 0.0990606
61.2245 0.117866
102.041 0.127866
142.857 0.107504
183.673 0.0289757
224.49 -0.0899786
265.306 -0.159121
306.122 -0.166848
346.939 -0.164677
387.755 -0.142876
428.571 -0.13463
469.388 -0.128124
510.204 -0.122023
551.02 -0.133611
591.837 -0.135646
632.653 -0.155074
673.469 -0.167495
714.286 -0.1659
755.102 -0.135427
795.918 -0.0303807
836.735 0.0764452
877.551 0.123381
918.367 0.124964
959.184 0.108774
1000 0.0895186
