-1000 0.00637516
-959.184 0.00722078
-918.367 0.0082217
-877.551 0.00941478
-836.735 0.0108477
-795.918 0.0125825
-755.102 0.014701
-714.286 0.0173119
-673.469 0.0205603
-632.653 0.0246417
-591.837 0.0298185
-551.02 0.0364401
-510.204 0.044957
-469.388 0.0559017
-428.571 0.0697559
-387.755 0.0864712
-346.939 0.104057
-306.122 0.115078
-265.306 0.100662
-224.49 0.0317764
-183.673 -0.0892185
-142.857 -0.179686
-102.041 -0.200982
-61.2245 -0.209878
-20.4082 -0.202029
20.4082 -0.202029
61.2245 -0.209878
102.041 -0.200982
142.857 -0.179686
183.673 -0.0892185
224.49 0.0317764
265.306 0.100662
306.122 0.115078
346.939 0.104057
387.755 0.0864712
428.571 0.0697559
469.388 0.0559017
510.204 0.044957
551.02 0.0364401
591.837 0.0298185
632.653 0.0246417
673.469 0.0205603
714.286 0.0173119
755.102 0.014701
795.918 0.0125825
836.735 0.0108477
877.551 0.00941478
918.367 0.0082217
959.184 0.00722078
1000 0.00637516
