-1000 0.369606
-959.184 0.652687
-918.367 1.11235
-877.551 -1.55724
-836.735 -4.91096
-795.918 1.04339
-755.102 0.809857
-714.286 0.445324
-673.469 0.271263
-632.653 0.181751
-591.837 0.129889
-551.02 0.0969622
-510.204 0.0746508
-469.388 0.0588098
-428.571 0.04717
-387.755 0.0383917
-346.939 0.0316346
-306.122 0.0263464
-265.306 0.0221497
-224.49 0.0187792
-183.673 0.0160437
-142.857 0.0138024
-102.041 0.0119505
-61.2245 0.0104083
-20.4082 0.0091149
20.4082 0.00802283
61.2245 0.0070951
102.041 0.00630241
142.857 0.00562147
183.673 0.00503355
224.49 0.00452354
265.306 0.00407912
306.122 0.00369023
346.939 0.00334856
387.755 0.00304726
428.571 0.0027806
469.388 0.00254381
510.204 0.00233285
551.02 0.00214434
591.837 0.0019754
632.653 0.00182358
673.469 0.00168678
714.286 0.0015632
755.102 0.00145131
795.918 0.00134976
836.735 0.00125739
877.551 0.0011732
918.367 0.0010963
959.184 0.00102594
1000 0.000961425
