-1000 0.0134848
-959.184 0.0151473
-918.367 0.0170894
-877.551 0.0193705
-836.735 0.0220651
-795.918 0.025267
-755.102 0.0290945
-714.286 0.0336971
-673.469 0.0392638
-632.653 0.0460303
-591.837 0.0542862
-551.02 0.0643721
-510.204 0.076652
-469.388 0.091422
-428.571 0.108659
-387.755 0.127377
-346.939 0.14408
-306.122 0.149343
-265.306 0.122566
-224.49 0.0348574
-183.673 -0.107964
-142.857 -0.217595
-102.041 -0.251162
-61.2245 -0.264593
-20.4082 -0.254962
20.4082 -0.249511
61.2245 -0.252634
102.041 -0.249254
142.857 -0.26328
183.673 -0.258532
224.49 -0.238708
265.306 -0.167623
306.122 -0.026241
346.939 0.091983
387.755 0.142991
428.571 0.148778
469.388 0.135514
510.204 0.117022
551.02 0.0988984
591.837 0.0829798
632.653 0.0696055
673.469 0.0585766
714.286 0.0495418
755.102 0.0421442
795.918 0.0360699
836.735 0.0310594
877.551 0.0269038
918.367 0.0234368
959.184 0.0205268
1000 0.0180699
