-1000 -0.00256615
-959.184 -0.110126
-918.367 -0.144515
-877.551 -0.142988
-836.735 -0.128444
-795.918 -0.101802
-755.102 -0.0922425
-714.286 -0.0718275
-673.469 -0.0638725
-632.653 -0.056992
-591.837 -0.045144
-551.02 -0.047948
-510.204 -0.0369937
-469.388 -0.0390949
-428.571 -0.0368601
-387.755 -0.0320329
-346.939 -0.0386954
-306.122 -0.031283
-265.306 -0.0384998
-224.49 -0.0378821
-183.673 -0.0386204
-142.857 -0.0481912
-102.041 -0.0455029
-61.2245 -0.0593333
-20.4082 -0.0637766
20.4082 -0.0751004
61.2245 -0.0938673
102.041 -0.104582
142.857 -0.132393
183.673 -0.143386
224.49 -0.143576
265.306 -0.0977321
306.122 0.0153446
346.939 0.107237
387.755 0.138351
428.571 0.131978
469.388 0.112974
510.204 0.0930032
551.02 0.0757884
591.837 0.0619033
632.653 0.0509461
673.469 0.0423289
714.286 0.0355198
755.102 0.0300944
795.918 0.0257293
836.735 0.0221819
877.551 0.0192706
918.367 0.016859
959.184 0.0148437
1000 0.0131457
