-1000 -0.00127929
-959.184 -0.002011
-918.367 -0.002807
-877.551 -0.003658
-836.735 -0.00455119
-795.918 -0.00547028
-755.102 -0.00639592
-714.286 -0.00730628
-673.469 -0.00817792
-632.653 -0.00898682
-591.837 -0.00970952
-551.02 -0.0103242
-510.204 -0.0108119
-469.388 -0.0111572
-428.571 -0.011349
-387.755 -0.0113812
-346.939 -0.0112528
-306.122 -0.0109678
-265.306 -0.0105355
-224.49 -0.0099695
-183.673 -0.00928751
-142.857 -0.00851034
-102.041 -0.00766092
-61.2245 -0.00676318
-20.4082 -0.00584092
20.4082 -0.00491674
61.2245 -0.00401105
102.041 -0.00314144
142.857 -0.00232212
183.673 -0.00156381
224.49 -0.000873723
265.306 -0.000255883
306.122 0.000288514
346.939 0.000760608
387.755 0.00116336
428.571 0.00150105
469.388 0.00177885
510.204 0.00200242
551.02 0.00217761
591.837 0.00231018
632.653 0.0024057
673.469 0.00246935
714.286 0.00250591
755.102 0.00251968
795.918 0.00251452
836.735 0.00249379
877.551 0.00246045
918.367 0.00241706
959.184 0.00236578
1000 0.00230848
