-1000 0.000263845
-959.184 0.000281612
-918.367 0.000300968
-877.551 0.000322087
-836.735 0.000345167
-795.918 0.000370434
-755.102 0.000398142
-714.286 0.00042858
-673.469 0.000462076
-632.653 0.000499005
-591.837 0.000539791
-551.02 0.000584922
-510.204 0.000634951
-469.388 0.000690511
-428.571 0.000752323
-387.755 0.000821206
-346.939 0.000898093
-306.122 0.000984036
-265.306 0.00108022
-224.49 0.00118796
-183.673 0.00130869
-142.857 0.00144396
-102.041 0.00159538
-61.2245 0.00176451
-20.4082 0.00195269
20.4082 0.00216079
61.2245 0.00238872
102.041 0.0026347
142.857 0.00289408
183.673 0.00315758
224.49 0.00340855
265.306 0.00361904
306.122 0.00374436
346.939 0.00371606
387.755 0.00343438
428.571 0.00276291
469.388 0.00153245
510.204 -0.000433927
551.02 -0.00325845
591.837 -0.00689995
632.653 -0.0110236
673.469 -0.0149358
714.286 -0.0177092
755.102 -0.0185426
795.918 -0.0171729
836.735 -0.014027
877.551 -0.00997961
918.367 -0.00592519
959.184 -0.00247007
1000 0.000135145
