-1000 0.000830742
-959.184 0.000849321
-918.367 0.000865175
-877.551 0.000877519
-836.735 0.000885431
-795.918 0.000887831
-755.102 0.000883469
-714.286 0.000870903
-673.469 0.000848491
-632.653 0.000814383
-591.837 0.00076652
-551.02 0.000702648
-510.204 0.000620344
-469.388 0.000517072
-428.571 0.000390255
-387.755 0.000237388
-346.939 5.61921e-05
-306.122 -0.000155192
-265.306 -0.000397966
-224.49 -0.000672397
-183.673 -0.000977515
-142.857 -0.0013108
-102.041 -0.00166792
-61.2245 -0.00204251
-20.4082 -0.00242609
20.4082 -0.00280818
61.2245 -0.00317661
102.041 -0.00351807
142.857 -0.00381886
183.673 -0.00406591
224.49 -0.00424774
265.306 -0.00435554
306.122 -0.00438389
346.939 -0.00433137
387.755 -0.00420062
428.571 -0.00399816
469.388 -0.00373369
510.204 -0.00341928
551.02 -0.0030683
591.837 -0.00269441
632.653 -0.00231065
673.469 -0.00192876
714.286 -0.00155862
755.102 -0.00120808
795.918 -0.000882874
836.735 -0.000586774
877.551 -0.0003218
918.367 -8.85198e-05
959.184 0.000113646
1000 0.000286125
