-1000 1.1254
-959.184 -5.46409
-918.367 -0.547406
-877.551 1.2041
-836.735 0.63344
-795.918 0.320904
-755.102 0.177281
-714.286 0.106413
-673.469 0.0683132
-632.653 0.0462562
-591.837 0.0326865
-551.02 0.0239125
-510.204 0.0180014
-469.388 0.0138801
-428.571 0.0109219
-387.755 0.00874521
-346.939 0.0071089
-306.122 0.0058556
-265.306 0.00487974
-224.49 0.00410878
-183.673 0.00349173
-142.857 0.0029921
-102.041 0.00258328
-61.2245 0.00224556
-20.4082 0.00196417
20.4082 0.00172783
61.2245 0.0015279
102.041 0.00135763
142.857 0.00121173
183.673 0.00108598
224.49 0.000977041
265.306 0.000882184
306.122 0.00079921
346.939 0.000726317
387.755 0.00066202
428.571 0.000605089
469.388 0.000554499
510.204 0.000509392
551.02 0.000469046
591.837 0.000432848
632.653 0.000400279
673.469 0.000370896
714.286 0.000344319
755.102 0.00032022
795.918 0.000298318
836.735 0.000278368
877.551 0.000260158
918.367 0.000243501
959.184 0.000228236
1000 0.00021422
