-1000 -0.000591194
-959.184 -0.00103793
-918.367 -0.00153937
-877.551 -0.00208947
-836.735 -0.00267786
-795.918 -0.00328943
-755.102 -0.00390436
-714.286 -0.0044987
-673.469 -0.00504567
-632.653 -0.00551757
-591.837 -0.00588826
-551.02 -0.00613577
-510.204 -0.00624473
-469.388 -0.00620822
-428.571 -0.00602856
-387.755 -0.00571707
-346.939 -0.0052927
-306.122 -0.00477984
-265.306 -0.00420573
-224.49 -0.00359789
-183.673 -0.00298188
-142.857 -0.00237971
-102.041 -0.00180887
-61.2245 -0.00128209
-20.4082 -0.0008075
20.4082 -0.000389202
61.2245 -2.80342e-05
102.041 0.00027766
142.857 0.000531277
183.673 0.000737308
224.49 0.000900814
265.306 0.00102703
306.122 0.00112107
346.939 0.00118776
387.755 0.00123152
428.571 0.00125629
469.388 0.00126554
510.204 0.00126228
551.02 0.00124906
591.837 0.00122807
632.653 0.00120112
673.469 0.00116972
714.286 0.00113513
755.102 0.00109834
795.918 0.00106019
836.735 0.00102134
877.551 0.000982307
918.367 0.000943509
959.184 0.000905264
1000 0.000867817
