-1000 -0.207115
-959.184 -0.365832
-918.367 -0.434968
-877.551 -0.432196
-836.735 -0.353147
-795.918 -0.189666
-755.102 -0.0414937
-714.286 0.0385162
-673.469 0.0687988
-632.653 0.0752948
-591.837 0.0723944
-551.02 0.0663739
-510.204 0.0597353
-469.388 0.0534118
-428.571 0.0477045
-387.755 0.0426655
-346.939 0.0382533
-306.122 0.0343977
-265.306 0.0310243
-224.49 0.0280649
-183.673 0.0254598
-142.857 0.0231584
-102.041 0.021118
-61.2245 0.0193026
-20.4082 0.0176822
20.4082 0.0162315
61.2245 0.0149289
102.041 0.0137563
142.857 0.012698
183.673 0.0117407
224.49 0.010873
265.306 0.0100848
306.122 0.00936743
346.939 0.00871342
387.755 0.00811612
428.571 0.0075697
469.388 0.00706904
510.204 0.00660962
551.02 0.00618742
591.837 0.00579889
632.653 0.00544085
673.469 0.00511047
714.286 0.00480523
755.102 0.00452286
795.918 0.00426134
836.735 0.00401885
877.551 0.00379373
918.367 0.00358452
959.184 0.00338988
1000 0.0032086
