-1000 0.0146818
-959.184 0.0170235
-918.367 0.0198876
-877.551 0.0234238
-836.735 0.0278325
-795.918 0.0333825
-755.102 0.040431
-714.286 0.0494407
-673.469 0.0609677
-632.653 0.0755497
-591.837 0.0932819
-551.02 0.112546
-510.204 0.126784
-469.388 0.118633
-428.571 0.0593348
-387.755 -0.0550264
-346.939 -0.147515
-306.122 -0.166444
-265.306 -0.167091
-224.49 -0.150045
-183.673 -0.134746
-142.857 -0.13192
-102.041 -0.121076
-61.2245 -0.130785
-20.4082 -0.134603
20.4082 -0.147534
61.2245 -0.166563
102.041 -0.166586
142.857 -0.152209
183.673 -0.0670711
224.49 0.0498066
265.306 0.11549
306.122 0.12739
346.939 0.114376
387.755 0.0951935
428.571 0.0771879
469.388 0.0622811
510.204 0.0504704
551.02 0.0412352
591.837 0.0340132
632.653 0.028331
673.469 0.0238215
714.286 0.0202081
755.102 0.0172842
795.918 0.0148959
836.735 0.0129273
877.551 0.0112909
918.367 0.00991983
959.184 0.00876263
1000 0.00777921
