-1000 0.00269669
-959.184 0.0028961
-918.367 0.00310937
-877.551 0.00333616
-836.735 0.00357547
-795.918 0.00382531
-755.102 0.00408233
-714.286 0.00434128
-673.469 0.00459426
-632.653 0.0048298
-591.837 0.00503166
-551.02 0.00517736
-510.204 0.0052364
-469.388 0.00516833
-428.571 0.00492095
-387.755 0.00442909
-346.939 0.00361491
-306.122 0.00239129
-265.306 0.00067019
-224.49 -0.00162178
-183.673 -0.00451905
-142.857 -0.00798544
-102.041 -0.0118813
-61.2245 -0.0159427
-20.4082 -0.0197883
20.4082 -0.0229689
61.2245 -0.0250538
102.041 -0.0257341
142.857 -0.0249048
183.673 -0.0226937
224.49 -0.0194261
265.306 -0.0155392
306.122 -0.0114789
346.939 -0.00761623
387.755 -0.0042024
428.571 -0.00136547
469.388 0.00086699
510.204 0.00253464
551.02 0.00371327
591.837 0.00449141
632.653 0.00495551
673.469 0.00518224
714.286 0.00523546
755.102 0.00516612
795.918 0.00501358
836.735 0.00480745
877.551 0.00456952
918.367 0.0043155
959.184 0.00405644
1000 0.00379993
