-1000 0.000334633
-959.184 0.000350741
-918.367 0.000367679
-877.551 0.000385469
-836.735 0.000404129
-795.918 0.000423669
-755.102 0.00044409
-714.286 0.000465377
-673.469 0.0004875
-632.653 0.000510406
-591.837 0.000534013
-551.02 0.000558206
-510.204 0.000582822
-469.388 0.000607647
-428.571 0.000632397
-387.755 0.000656703
-346.939 0.000680096
-306.122 0.000701984
-265.306 0.000721625
-224.49 0.000738103
-183.673 0.000750293
-142.857 0.000756829
-102.041 0.00075607
-61.2245 0.000746067
-20.4082 0.000724536
20.4082 0.00068884
61.2245 0.000635997
102.041 0.00056271
142.857 0.000465441
183.673 0.000340553
224.49 0.000184515
265.306 -5.79328e-06
306.122 -0.000232683
346.939 -0.000497159
387.755 -0.000798354
428.571 -0.00113294
469.388 -0.00149461
510.204 -0.00187372
551.02 -0.00225726
591.837 -0.00262923
632.653 -0.00297158
673.469 -0.00326554
714.286 -0.00349346
755.102 -0.00364069
795.918 -0.00369733
836.735 -0.00365948
877.551 -0.00352975
918.367 -0.00331693
959.184 -0.00303483
1000 -0.00270067
