-1000 -0.00554648
-959.184 -0.00731098
-918.367 -0.00903664
-877.551 -0.0105929
-836.735 -0.0118467
-795.918 -0.0126812
-755.102 -0.0130148
-714.286 -0.0128138
-673.469 -0.0120985
-632.653 -0.0109397
-591.837 -0.00944689
-551.02 -0.00775092
-510.204 -0.0059847
-469.388 -0.00426584
-428.571 -0.00268504
-387.755 -0.00130118
-346.939 -0.000142754
-306.122 0.00078666
-265.306 0.0015011
-224.49 0.0020251
-183.673 0.00238789
-142.857 0.00261918
-102.041 0.00274659
-61.2245 0.00279432
-20.4082 0.00278268
20.4082 0.00272818
61.2245 0.00264388
102.041 0.00253989
142.857 0.00242389
183.673 0.0023016
224.49 0.0021772
265.306 0.00205368
306.122 0.0019331
346.939 0.00181687
387.755 0.00170586
428.571 0.00160058
469.388 0.00150126
510.204 0.00140794
551.02 0.00132052
591.837 0.00123882
632.653 0.00116259
673.469 0.00109156
714.286 0.00102541
755.102 0.000963853
795.918 0.000906579
836.735 0.000853294
877.551 0.000803715
918.367 0.000757574
959.184 0.000714617
1000 0.000674607
