-1000 0.000346215
-959.184 0.00036861
-918.367 0.000392675
-877.551 0.000418515
-836.735 0.00044623
-795.918 0.000475913
-755.102 0.000507637
-714.286 0.000541449
-673.469 0.000577354
-632.653 0.000615297
-591.837 0.000655139
-551.02 0.000696624
-510.204 0.000739332
-469.388 0.000782625
-428.571 0.000825573
-387.755 0.000866859
-346.939 0.000904657
-306.122 0.00093649
-265.306 0.000959052
-224.49 0.00096801
-183.673 0.000957791
-142.857 0.000921378
-102.041 0.000850176
-61.2245 0.000734006
-20.4082 0.000561368
20.4082 0.000320126
61.2245 -1.18959e-06
102.041 -0.000411274
142.857 -0.00091307
183.673 -0.00150011
224.49 -0.00215281
265.306 -0.00283593
306.122 -0.00349876
346.939 -0.00407953
387.755 -0.00451455
428.571 -0.00475045
469.388 -0.00475634
510.204 -0.00453144
551.02 -0.00410525
591.837 -0.00353028
632.653 -0.00287003
673.469 -0.0021866
714.286 -0.00153141
755.102 -0.000940501
795.918 -0.000434195
836.735 -1.95321e-05
877.551 0.00030605
918.367 0.000551036
959.184 0.000726815
1000 0.000845526
