-1000 0.00233038
-959.184 0.0023663
-918.367 0.00238876
-877.551 0.00239427
-836.735 0.00237872
-795.918 0.00233733
-755.102 0.00226466
-714.286 0.0021545
-673.469 0.00199996
-632.653 0.0017935
-591.837 0.00152705
-551.02 0.00119228
-510.204 0.00078093
-469.388 0.000285311
-428.571 -0.000301015
-387.755 -0.000982403
-346.939 -0.00176013
-306.122 -0.00263128
-265.306 -0.00358765
-224.49 -0.00461476
-183.673 -0.00569114
-142.857 -0.00678822
-102.041 -0.00787088
-61.2245 -0.00889884
-20.4082 -0.00982897
20.4082 -0.0106183
61.2245 -0.0112277
102.041 -0.011625
142.857 -0.0117887
183.673 -0.0117096
224.49 -0.0113922
265.306 -0.0108539
306.122 -0.0101234
346.939 -0.00923775
387.755 -0.00823907
428.571 -0.00717077
469.388 -0.00607443
510.204 -0.0049872
551.02 -0.00394004
591.837 -0.00295692
632.653 -0.0020547
673.469 -0.0012437
714.286 -0.000528547
755.102 9.0691e-05
795.918 0.000617412
836.735 0.00105743
877.551 0.00141808
918.367 0.00170749
959.184 0.00193401
1000 0.00210583
