-1000 0.000369256
-959.184 0.000385926
-918.367 0.000403227
-877.551 0.000421129
-836.735 0.000439583
-795.918 0.000458519
-755.102 0.000477842
-714.286 0.000497425
-673.469 0.000517099
-632.653 0.000536649
-591.837 0.000555801
-551.02 0.00057421
-510.204 0.000591448
-469.388 0.000606984
-428.571 0.000620171
-387.755 0.000630223
-346.939 0.000636191
-306.122 0.000636946
-265.306 0.000631148
-224.49 0.000617236
-183.673 0.0005934
-142.857 0.000557586
-102.041 0.000507493
-61.2245 0.00044061
-20.4082 0.00035427
20.4082 0.000245752
61.2245 0.000112432
102.041 -4.8001e-05
142.857 -0.000237264
183.673 -0.000456129
224.49 -0.000704013
265.306 -0.000978547
306.122 -0.00127517
346.939 -0.00158682
387.755 -0.00190384
428.571 -0.00221416
469.388 -0.00250387
510.204 -0.00275814
551.02 -0.00296256
591.837 -0.00310461
632.653 -0.0031751
673.469 -0.00316933
714.286 -0.00308769
755.102 -0.0029356
795.918 -0.00272284
836.735 -0.00246231
877.551 -0.00216857
918.367 -0.00185639
959.184 -0.00153946
1000 -0.00122951
