-1000 0.00387538
-959.184 0.00408287
-918.367 0.00430294
-877.551 0.00453621
-836.735 0.00478327
-795.918 0.00504468
-755.102 0.00532087
-714.286 0.00561218
-673.469 0.00591876
-632.653 0.00624052
-591.837 0.00657705
-551.02 0.00692749
-510.204 0.0072904
-469.388 0.00766359
-428.571 0.00804385
-387.755 0.00842673
-346.939 0.00880609
-306.122 0.00917368
-265.306 0.00951854
-224.49 0.00982626
-183.673 0.0100781
-142.857 0.0102497
-102.041 0.0103101
-61.2245 0.0102199
-20.4082 0.0099294
20.4082 0.00937717
61.2245 0.00848824
102.041 0.00717333
142.857 0.00532965
183.673 0.0028447
224.49 -0.000395072
265.306 -0.00448838
306.122 -0.00949441
346.939 -0.0153993
387.755 -0.0220785
428.571 -0.0292656
469.388 -0.0365425
510.204 -0.0433667
551.02 -0.0491376
591.837 -0.0532907
632.653 -0.0553936
673.469 -0.0552204
714.286 -0.0527899
755.102 -0.0483624
795.918 -0.0423955
836.735 -0.0354655
877.551 -0.02817
918.367 -0.021036
959.184 -0.0144597
1000 -0.0086848
