-1000 0.00218195
-959.184 0.00237499
-918.367 0.00259106
-877.551 0.0028336
-836.735 0.0031067
-795.918 0.00341516
-755.102 0.0037647
-714.286 0.00416212
-673.469 0.00461555
-632.653 0.00513468
-591.837 0.00573114
-551.02 0.00641888
-510.204 0.00721456
-469.388 0.00813806
-428.571 0.00921293
-387.755 0.0104666
-346.939 0.0119304
-306.122 0.0136384
-265.306 0.0156244
-224.49 0.017916
-183.673 0.0205204
-142.857 0.023399
-102.041 0.0264195
-61.2245 0.0292735
-20.4082 0.031346
20.4082 0.0315476
61.2245 0.0281927
102.041 0.0191816
142.857 0.00291298
183.673 -0.019995
224.49 -0.045572
265.306 -0.0682615
306.122 -0.0845637
346.939 -0.0941109
387.755 -0.0979722
428.571 -0.0970342
469.388 -0.0910442
510.204 -0.0788873
551.02 -0.0598349
591.837 -0.0353855
632.653 -0.0102175
673.469 0.0103236
714.286 0.023596
755.102 0.0300927
795.918 0.0317858
836.735 0.0306678
877.551 0.0281825
918.367 0.0252088
959.184 0.0222202
1000 0.0194421
