-1000 0.000779388
-959.184 0.000812794
-918.367 0.000845233
-877.551 0.000875866
-836.735 0.000903619
-795.918 0.000927133
-755.102 0.000944706
-714.286 0.000954232
-673.469 0.000953128
-632.653 0.000938273
-591.837 0.000905946
-551.02 0.000851785
-510.204 0.00077079
-469.388 0.000657378
-428.571 0.000505542
-387.755 0.000309134
-346.939 6.2332e-05
-306.122 -0.000239678
-265.306 -0.000599785
-224.49 -0.00101781
-183.673 -0.00148922
-142.857 -0.00200389
-102.041 -0.00254519
-61.2245 -0.00308972
-20.4082 -0.0036082
20.4082 -0.00406753
61.2245 -0.00443436
102.041 -0.00467935
142.857 -0.00478161
183.673 -0.00473212
224.49 -0.00453526
265.306 -0.00420808
306.122 -0.00377743
346.939 -0.0032758
387.755 -0.0027368
428.571 -0.00219137
469.388 -0.00166514
510.204 -0.00117712
551.02 -0.000739632
591.837 -0.000359039
632.653 -3.68927e-05
673.469 0.000228761
714.286 0.00044218
755.102 0.000608922
795.918 0.000735084
836.735 0.000826763
877.551 0.000889716
918.367 0.000929155
959.184 0.00094967
1000 0.000955202
