-1000 0.00781334
-959.184 0.00721277
-918.367 0.00634642
-877.551 0.00519471
-836.735 0.00375704
-795.918 0.00205748
-755.102 0.000147387
-714.286 -0.00189701
-673.469 -0.00398257
-632.653 -0.00601143
-591.837 -0.00789448
-551.02 -0.00956252
-510.204 -0.0109726
-469.388 -0.0121088
-428.571 -0.0129786
-387.755 -0.0136062
-346.939 -0.0140262
-306.122 -0.0142773
-265.306 -0.014398
-224.49 -0.0144237
-183.673 -0.0143852
-142.857 -0.014308
-102.041 -0.014213
-61.2245 -0.0141162
-20.4082 -0.0140299
20.4082 -0.0139629
61.2245 -0.0139211
102.041 -0.0139078
142.857 -0.013924
183.673 -0.0139686
224.49 -0.0140378
265.306 -0.0141256
306.122 -0.0142228
346.939 -0.0143168
387.755 -0.0143911
428.571 -0.0144245
469.388 -0.0143908
510.204 -0.0142587
551.02 -0.0139924
591.837 -0.0135534
632.653 -0.012903
673.469 -0.0120075
714.286 -0.0108439
755.102 -0.00940683
795.918 -0.0077149
836.735 -0.00581376
877.551 -0.00377498
918.367 -0.0016891
959.184 0.000345865
1000 0.00223797
