-1000 -0.00900808
-959.184 -0.0139825
-918.367 -0.019211
-877.551 -0.024521
-836.735 -0.0297286
-795.918 -0.034657
-755.102 -0.0391539
-714.286 -0.0431012
-673.469 -0.0464182
-632.653 -0.0490577
-591.837 -0.0509975
-551.02 -0.0522312
-510.204 -0.0527593
-469.388 -0.0525833
-428.571 -0.0517026
-387.755 -0.0501157
-346.939 -0.0478245
-306.122 -0.0448421
-265.306 -0.0412021
-224.49 -0.0369676
-183.673 -0.0322379
-142.857 -0.0271491
-102.041 -0.0218673
-61.2245 -0.0165753
-20.4082 -0.0114537
20.4082 -0.00666245
61.2245 -0.00232574
102.041 0.00147533
142.857 0.00470317
183.673 0.00735816
224.49 0.00946979
265.306 0.0110869
306.122 0.0122689
346.939 0.0130788
387.755 0.0135781
428.571 0.0138239
469.388 0.0138671
510.204 0.0137517
551.02 0.0135148
591.837 0.0131874
632.653 0.0127948
673.469 0.0123573
714.286 0.0118911
755.102 0.011409
795.918 0.0109208
836.735 0.010434
877.551 0.00995441
918.367 0.00948612
959.184 0.00903211
1000 0.00859442
