-1000 0.00500258
-959.184 0.00500327
-918.367 0.00489692
-877.551 0.00465099
-836.735 0.004229
-795.918 0.00359254
-755.102 0.00270488
-714.286 0.00153622
-673.469 7.03484e-05
-632.653 -0.00168833
-591.837 -0.00370887
-551.02 -0.00593125
-510.204 -0.00826877
-469.388 -0.010616
-428.571 -0.0128604
-387.755 -0.0148955
-346.939 -0.0166304
-306.122 -0.017996
-265.306 -0.018945
-224.49 -0.0194492
-183.673 -0.0194952
-142.857 -0.019082
-102.041 -0.0182203
-61.2245 -0.0169349
-20.4082 -0.015269
20.4082 -0.0132874
61.2245 -0.0110767
102.041 -0.00874101
142.857 -0.00639271
183.673 -0.00413963
224.49 -0.00207299
265.306 -0.000258542
306.122 0.00126703
346.939 0.00249439
387.755 0.00343619
428.571 0.00412009
469.388 0.0045819
510.204 0.00486002
551.02 0.00499153
591.837 0.00500988
632.653 0.00494374
673.469 0.00481679
714.286 0.00464802
755.102 0.00445223
795.918 0.00424076
836.735 0.00402205
877.551 0.00380229
918.367 0.00358586
959.184 0.00337579
1000 0.00317408
