-1000 0.00195768
-959.184 0.00205781
-918.367 0.00215925
-877.551 0.00226058
-836.735 0.00235987
-795.918 0.00245458
-755.102 0.00254142
-714.286 0.00261619
-673.469 0.00267358
-632.653 0.002707
-591.837 0.0027084
-551.02 0.00266811
-510.204 0.00257481
-469.388 0.00241551
-428.571 0.00217587
-387.755 0.00184073
-346.939 0.00139499
-306.122 0.000824965
-265.306 0.000120183
-224.49 -0.000724464
-183.673 -0.00170641
-142.857 -0.0028133
-102.041 -0.00402154
-61.2245 -0.005296
-20.4082 -0.00659112
20.4082 -0.00785365
61.2245 -0.00902652
102.041 -0.0100534
142.857 -0.0108833
183.673 -0.0114741
224.49 -0.0117957
265.306 -0.0118319
306.122 -0.0115806
346.939 -0.0110548
387.755 -0.0102812
428.571 -0.00929905
469.388 -0.00815752
510.204 -0.00691201
551.02 -0.00561982
591.837 -0.00433557
632.653 -0.00310704
673.469 -0.00197214
714.286 -0.00095738
755.102 -7.78183e-05
795.918 0.000661712
836.735 0.00126462
877.551 0.00174024
918.367 0.00210164
959.184 0.00236371
1000 0.00254171
