-1000 0.00239195
-959.184 -0.0149517
-918.367 -0.0380232
-877.551 -0.061907
-836.735 -0.0793929
-795.918 -0.084888
-755.102 -0.0767277
-714.286 -0.0574092
-673.469 -0.0331326
-632.653 -0.0109377
-591.837 0.00501973
-551.02 0.0142783
-510.204 0.0184073
-469.388 0.0193162
-428.571 0.0184901
-387.755 0.0168763
-346.939 0.0150109
-306.122 0.0131684
-265.306 0.0114736
-224.49 0.00997113
-183.673 0.00866558
-142.857 0.00754318
-102.041 0.00658323
-61.2245 0.00576371
-20.4082 0.00506386
20.4082 0.00446521
61.2245 0.00395184
102.041 0.00351028
142.857 0.00312921
183.673 0.00279918
224.49 0.00251234
265.306 0.00226215
306.122 0.00204314
346.939 0.00185078
387.755 0.00168124
428.571 0.00153133
469.388 0.00139836
510.204 0.00128006
551.02 0.0011745
591.837 0.00108005
632.653 0.000995297
673.469 0.000919059
714.286 0.000850307
755.102 0.000788157
795.918 0.000731846
836.735 0.000680713
877.551 0.000634183
918.367 0.000591755
959.184 0.000552992
1000 0.000517511
