-1000 0.000147477
-959.184 -0.000561034
-918.367 -0.00139521
-877.551 -0.00234754
-836.735 -0.0034
-795.918 -0.0045229
-755.102 -0.00567493
-714.286 -0.00680505
-673.469 -0.00785588
-632.653 -0.00876858
-591.837 -0.00948837
-551.02 -0.00996997
-510.204 -0.0101822
-469.388 -0.010111
-428.571 -0.00976127
-387.755 -0.0091557
-346.939 -0.00833308
-306.122 -0.00734409
-265.306 -0.00624622
-224.49 -0.00509827
-183.673 -0.00395497
-142.857 -0.00286283
-102.041 -0.00185746
-61.2245 -0.000962656
-20.4082 -0.000190961
20.4082 0.000454654
61.2245 0.000978591
102.041 0.0013903
142.857 0.00170221
183.673 0.00192801
224.49 0.00208142
265.306 0.00217536
306.122 0.0022215
346.939 0.00223002
387.755 0.00220956
428.571 0.00216731
469.388 0.00210916
510.204 0.00203985
551.02 0.00196313
591.837 0.00188195
632.653 0.00179856
673.469 0.00171471
714.286 0.00163166
755.102 0.00155037
795.918 0.00147151
836.735 0.00139552
877.551 0.00132271
918.367 0.00125324
959.184 0.00118718
1000 0.00112454
