-1000 0.0274222
-959.184 0.0324942
-918.367 0.0388916
-877.551 0.0471041
-836.735 0.0578819
-795.918 0.0724297
-755.102 0.0927976
-714.286 0.122727
-673.469 0.169668
-632.653 0.250115
-591.837 0.404883
-551.02 0.731625
-510.204 1.114
-469.388 -3.4318
-428.571 -2.93339
-387.755 1.12112
-346.939 0.709194
-306.122 0.394177
-265.306 0.244832
-224.49 0.166722
-183.673 0.120912
-142.857 0.0915934
-102.041 0.071586
-61.2245 0.0572661
-20.4082 0.0466402
20.4082 0.0385335
61.2245 0.0322124
102.041 0.0271969
142.857 0.0231601
183.673 0.0198718
224.49 0.0171659
265.306 0.0149192
306.122 0.0130392
346.939 0.0114547
387.755 0.0101107
428.571 0.00896406
469.388 0.00798033
510.204 0.00713212
551.02 0.00639728
591.837 0.00575783
632.653 0.00519905
673.469 0.00470884
714.286 0.00427717
755.102 0.0038957
795.918 0.00355747
836.735 0.00325661
877.551 0.00298818
918.367 0.00274799
959.184 0.00253248
1000 0.0023386
