-1000 -0.00322256
-959.184 -0.00349705
-918.367 -0.0037365
-877.551 -0.00393335
-836.735 -0.00408115
-795.918 -0.00417493
-755.102 -0.00421147
-714.286 -0.00418952
-673.469 -0.00410982
-632.653 -0.00397512
-591.837 -0.00378998
-551.02 -0.0035605
-510.204 -0.00329403
-469.388 -0.00299868
-428.571 -0.00268298
-387.755 -0.00235542
-346.939 -0.00202409
-306.122 -0.00169632
-265.306 -0.00137849
-224.49 -0.00107587
-183.673 -0.000792556
-142.857 -0.000531457
-102.041 -0.000294408
-61.2245 -8.22726e-05
-20.4082 0.000104909
20.4082 0.000267758
61.2245 0.000407404
102.041 0.000525338
142.857 0.000623282
183.673 0.000703084
224.49 0.000766632
265.306 0.000815784
306.122 0.000852324
346.939 0.000877925
387.755 0.000894129
428.571 0.00090234
469.388 0.000903817
510.204 0.00089968
551.02 0.000890913
591.837 0.000878377
632.653 0.000862816
673.469 0.000844871
714.286 0.000825091
755.102 0.00080394
795.918 0.000781812
836.735 0.000759036
877.551 0.000735886
918.367 0.00071259
959.184 0.000689333
1000 0.000666268
