-1000 0.000741594
-959.184 0.000775679
-918.367 0.000811172
-877.551 0.000848038
-836.735 0.000886212
-795.918 0.000925592
-755.102 0.000966032
-714.286 0.00100733
-673.469 0.0010492
-632.653 0.00109129
-591.837 0.00113313
-551.02 0.00117411
-510.204 0.00121349
-469.388 0.00125031
-428.571 0.0012834
-387.755 0.00131132
-346.939 0.00133228
-306.122 0.00134416
-265.306 0.00134436
-224.49 0.00132981
-183.673 0.00129688
-142.857 0.00124132
-102.041 0.00115826
-61.2245 0.00104216
-20.4082 0.000886907
20.4082 0.000685909
61.2245 0.000432339
102.041 0.000119516
142.857 -0.000258531
183.673 -0.00070627
224.49 -0.00122565
265.306 -0.00181486
306.122 -0.00246696
346.939 -0.00316861
387.755 -0.00389907
428.571 -0.00463
469.388 -0.00532628
510.204 -0.00594833
551.02 -0.00645577
591.837 -0.00681222
632.653 -0.00699027
673.469 -0.00697566
714.286 -0.00676959
755.102 -0.00638847
795.918 -0.00586136
836.735 -0.00522557
877.551 -0.00452164
918.367 -0.00378869
959.184 -0.00306093
1000 -0.00236558
