-1000 0.000178041
-959.184 0.000181484
-918.367 0.000184338
-877.551 0.000186453
-836.735 0.00018765
-795.918 0.000187726
-755.102 0.000186446
-714.286 0.000183543
-673.469 0.000178715
-632.653 0.000171625
-591.837 0.000161901
-551.02 0.000149139
-510.204 0.000132904
-469.388 0.000112743
-428.571 8.81961e-05
-387.755 5.88094e-05
-346.939 2.41634e-05
-306.122 -1.61003e-05
-265.306 -6.22425e-05
-224.49 -0.000114383
-183.673 -0.000172455
-142.857 -0.000236154
-102.041 -0.000304891
-61.2245 -0.00037775
-20.4082 -0.000453465
20.4082 -0.000530412
61.2245 -0.000606637
102.041 -0.000679908
142.857 -0.000747818
183.673 -0.000807908
224.49 -0.000857827
265.306 -0.000895499
306.122 -0.000919282
346.939 -0.000928109
387.755 -0.000921577
428.571 -0.000899985
469.388 -0.000864305
510.204 -0.000816099
551.02 -0.000757389
591.837 -0.000690496
632.653 -0.000617873
673.469 -0.000541944
714.286 -0.000464972
755.102 -0.000388961
795.918 -0.000315584
836.735 -0.000246162
877.551 -0.000181662
918.367 -0.000122721
959.184 -6.96805e-05
1000 -2.26422e-05
