-1000 -0.00793922
-959.184 -0.0162032
-918.367 -0.0236023
-877.551 -0.0295151
-836.735 -0.0337427
-795.918 -0.0364351
-755.102 -0.0379294
-714.286 -0.0386054
-673.469 -0.0387981
-632.653 -0.038764
-591.837 -0.0386766
-551.02 -0.0386353
-510.204 -0.0386729
-469.388 -0.0387597
-428.571 -0.0388
-387.755 -0.038624
-346.939 -0.0379796
-306.122 -0.036535
-265.306 -0.0339115
-224.49 -0.0297664
-183.673 -0.0239366
-142.857 -0.0166005
-102.041 -0.00835931
-61.2245 -0.000126312
-20.4082 0.00716782
20.4082 0.0128801
61.2245 0.0167878
102.041 0.0190232
142.857 0.0199138
183.673 0.0198357
224.49 0.0191256
265.306 0.0180456
306.122 0.0167827
346.939 0.0154606
387.755 0.0141566
428.571 0.0129153
469.388 0.0117598
510.204 0.0106995
551.02 0.00973569
591.837 0.00886478
632.653 0.00808067
673.469 0.00737612
714.286 0.0067436
755.102 0.00617578
795.918 0.00566576
836.735 0.00520722
877.551 0.00479444
918.367 0.00442231
959.184 0.00408629
1000 0.00378235
