-1000 0.00298974
-959.184 0.00315758
-918.367 0.00333692
-877.551 0.00352862
-836.735 0.00373357
-795.918 0.00395273
-755.102 0.00418708
-714.286 0.00443766
-673.469 0.00470553
-632.653 0.00499175
-591.837 0.00529739
-551.02 0.00562346
-510.204 0.00597088
-469.388 0.00634043
-428.571 0.00673264
-387.755 0.00714768
-346.939 0.00758525
-306.122 0.0080443
-265.306 0.00852279
-224.49 0.00901731
-183.673 0.00952254
-142.857 0.0100306
-102.041 0.01053
-61.2245 0.0110044
-20.4082 0.0114311
20.4082 0.0117782
61.2245 0.0120018
102.041 0.0120415
142.857 0.0118151
183.673 0.0112111
224.49 0.0100812
265.306 0.00823107
306.122 0.00541528
346.939 0.00134047
387.755 -0.00431024
428.571 -0.0118142
469.388 -0.0212888
510.204 -0.0325124
551.02 -0.0447361
591.837 -0.0566063
632.653 -0.0663409
673.469 -0.0721868
714.286 -0.0729851
755.102 -0.0685719
795.918 -0.0598364
836.735 -0.0484102
877.551 -0.0361247
918.367 -0.0244947
959.184 -0.0144514
1000 -0.00635701
