-1000 0.00132449
-959.184 0.00140786
-918.367 0.00149816
-877.551 0.00159609
-836.735 0.00170243
-795.918 0.00181808
-755.102 0.00194402
-714.286 0.00208136
-673.469 0.00223135
-632.653 0.00239538
-591.837 0.00257503
-551.02 0.00277205
-510.204 0.00298842
-469.388 0.00322636
-428.571 0.00348835
-387.755 0.00377715
-346.939 0.00409583
-306.122 0.00444775
-265.306 0.00483663
-224.49 0.00526642
-183.673 0.00574134
-142.857 0.0062657
-102.041 0.0068437
-61.2245 0.00747914
-20.4082 0.00817479
20.4082 0.00893164
61.2245 0.00974757
102.041 0.0106154
142.857 0.0115202
183.673 0.0124348
224.49 0.0133144
265.306 0.014088
306.122 0.0146476
346.939 0.0148354
387.755 0.0144285
428.571 0.0131282
469.388 0.0105602
510.204 0.00630351
551.02 -3.12065e-05
591.837 -0.00865623
632.653 -0.0194098
673.469 -0.031585
714.286 -0.0439154
755.102 -0.0548039
795.918 -0.0627149
836.735 -0.0665251
877.551 -0.0657046
918.367 -0.0603665
959.184 -0.0512589
1000 -0.0396792
