-1000 0.00215935
-959.184 -0.000404377
-918.367 -0.00394671
-877.551 -0.00859593
-836.735 -0.0143299
-795.918 -0.0208424
-755.102 -0.0274263
-714.286 -0.0329888
-673.469 -0.0363175
-632.653 -0.0365626
-591.837 -0.0336579
-551.02 -0.0283561
-510.204 -0.0218485
-469.388 -0.0152695
-428.571 -0.00939045
-387.755 -0.00457178
-346.939 -0.000869238
-306.122 0.0018302
-265.306 0.00370467
-224.49 0.0049374
-183.673 0.00568941
-142.857 0.00609129
-102.041 0.00624416
-61.2245 0.00622405
-20.4082 0.00608705
20.4082 0.00587396
61.2245 0.0056141
102.041 0.00532831
142.857 0.00503122
183.673 0.00473292
224.49 0.00444023
265.306 0.00415762
306.122 0.00388785
346.939 0.00363249
387.755 0.00339228
428.571 0.00316737
469.388 0.00295751
510.204 0.0027622
551.02 0.00258075
591.837 0.00241242
632.653 0.00225639
673.469 0.00211184
714.286 0.00197797
755.102 0.00185398
795.918 0.00173914
836.735 0.00163273
877.551 0.0015341
918.367 0.00144264
959.184 0.00135778
1000 0.00127899
