-1000 0.00352081
-959.184 0.00380264
-918.367 0.00410779
-877.551 0.00443674
-836.735 0.00478916
-795.918 0.00516345
-755.102 0.00555615
-714.286 0.00596107
-673.469 0.00636815
-632.653 0.00676189
-591.837 0.00711945
-551.02 0.00740821
-510.204 0.00758317
-469.388 0.00758434
-428.571 0.00733511
-387.755 0.00674283
-346.939 0.00570367
-306.122 0.004114
-265.306 0.00189003
-224.49 -0.00100525
-183.673 -0.00453349
-142.857 -0.00856141
-102.041 -0.0128626
-61.2245 -0.0171468
-20.4082 -0.0211093
20.4082 -0.0244812
61.2245 -0.0270618
102.041 -0.0287245
142.857 -0.0294034
183.673 -0.0290759
224.49 -0.0277526
265.306 -0.0254824
306.122 -0.0223685
346.939 -0.0185852
387.755 -0.0143798
428.571 -0.0100497
469.388 -0.00589622
510.204 -0.00217285
551.02 0.000952938
591.837 0.00341094
632.653 0.00521485
673.469 0.00643543
714.286 0.00717199
755.102 0.00753002
795.918 0.00760691
836.735 0.00748512
877.551 0.00723035
918.367 0.00689259
959.184 0.00650847
1000 0.00610396
