-1000 -0.00199825
-959.184 -0.00230391
-918.367 -0.00258455
-877.551 -0.00282532
-836.735 -0.00301222
-795.918 -0.00313358
-755.102 -0.00318146
-714.286 -0.00315265
-673.469 -0.00304909
-632.653 -0.0028776
-591.837 -0.00264905
-551.02 -0.00237699
-510.204 -0.0020762
-469.388 -0.00176124
-428.571 -0.00144527
-387.755 -0.00113935
-346.939 -0.000851945
-306.122 -0.000588979
-265.306 -0.000353978
-224.49 -0.000148452
-183.673 2.76765e-05
-142.857 0.000175653
-102.041 0.000297502
-61.2245 0.000395705
-20.4082 0.000472953
20.4082 0.000531958
61.2245 0.000575326
102.041 0.00060548
142.857 0.00062461
183.673 0.000634662
224.49 0.000637332
265.306 0.000634079
306.122 0.000626144
346.939 0.000614575
387.755 0.000600242
428.571 0.000583867
469.388 0.000566043
510.204 0.000547252
551.02 0.000527883
591.837 0.000508247
632.653 0.000488591
673.469 0.000469106
714.286 0.000449943
755.102 0.000431214
795.918 0.000413001
836.735 0.000395365
877.551 0.000378345
918.367 0.000361966
959.184 0.000346242
1000 0.000331174
