-1000 0.00345658
-959.184 0.00371225
-918.367 0.00399234
-877.551 0.00429967
-836.735 0.00463747
-795.918 0.00500942
-755.102 0.0054197
-714.286 0.00587314
-673.469 0.00637527
-632.653 0.00693249
-591.837 0.00755219
-551.02 0.00824298
-510.204 0.00901491
-469.388 0.00987977
-428.571 0.0108514
-387.755 0.0119463
-346.939 0.0131838
-306.122 0.014587
-265.306 0.0161833
-224.49 0.0180045
-183.673 0.0200876
-142.857 0.0224727
-102.041 0.0251992
-61.2245 0.0282936
-20.4082 0.0317396
20.4082 0.0354064
61.2245 0.038873
102.041 0.0409975
142.857 0.0388665
183.673 0.025401
224.49 -0.0147187
265.306 -0.104339
306.122 -0.239751
346.939 -0.324385
387.755 -0.259296
428.571 -0.122811
469.388 -0.0244771
510.204 0.0215981
551.02 0.0378283
591.837 0.0410586
632.653 0.0393209
673.469 0.0359558
714.286 0.0322813
755.102 0.0287894
795.918 0.0256396
836.735 0.0228591
877.551 0.0204251
918.367 0.0182993
959.184 0.0164413
1000 0.0148134
