-1000 0.0014057
-959.184 -0.000736672
-918.367 -0.00332358
-877.551 -0.0063478
-836.735 -0.00976436
-795.918 -0.0134829
-755.102 -0.0173652
-714.286 -0.0212298
-673.469 -0.0248655
-632.653 -0.0280511
-591.837 -0.0305789
-551.02 -0.0322766
-510.204 -0.0330262
-469.388 -0.0327749
-428.571 -0.0315403
-387.755 -0.0294091
-346.939 -0.0265282
-306.122 -0.0230902
-265.306 -0.0193124
-224.49 -0.015414
-183.673 -0.0115934
-142.857 -0.00801156
-102.041 -0.00478284
-61.2245 -0.00197424
-20.4082 0.000389327
20.4082 0.00231581
61.2245 0.0038359
102.041 0.00499365
142.857 0.00583905
183.673 0.00642256
224.49 0.00679173
265.306 0.00698924
306.122 0.0070521
346.939 0.00701152
387.755 0.00689333
428.571 0.00671849
469.388 0.00650375
510.204 0.00626235
551.02 0.00600458
591.837 0.00573837
632.653 0.00546971
673.469 0.00520307
714.286 0.00494171
755.102 0.00468793
795.918 0.00444333
836.735 0.00420892
877.551 0.0039853
918.367 0.00377272
959.184 0.0035712
1000 0.00338061
