-1000 0.000407265
-959.184 -0.000645669
-918.367 -0.0018363
-877.551 -0.00314148
-836.735 -0.00452828
-795.918 -0.00595605
-755.102 -0.0073797
-714.286 -0.0087536
-673.469 -0.0100355
-632.653 -0.0111893
-591.837 -0.0121871
-551.02 -0.013009
-510.204 -0.0136427
-469.388 -0.014081
-428.571 -0.0143208
-387.755 -0.0143608
-346.939 -0.0142008
-306.122 -0.0138417
-265.306 -0.0132856
-224.49 -0.0125378
-183.673 -0.0116084
-142.857 -0.0105141
-102.041 -0.00927957
-61.2245 -0.00793771
-20.4082 -0.00652859
20.4082 -0.00509694
61.2245 -0.00368854
102.041 -0.00234627
142.857 -0.00110646
183.673 3.66359e-06
224.49 0.000967187
265.306 0.00177725
306.122 0.00243574
346.939 0.00295135
387.755 0.00333734
428.571 0.00360961
469.388 0.00378491
510.204 0.00387971
551.02 0.00390929
591.837 0.00388729
632.653 0.00382557
673.469 0.00373409
714.286 0.00362111
755.102 0.00349335
795.918 0.00335615
836.735 0.00321372
877.551 0.00306929
918.367 0.00292533
959.184 0.00278369
1000 0.00264568
