-1000 -0.000596984
-959.184 -0.00107173
-918.367 -0.00161144
-877.551 -0.0022084
-836.735 -0.00284836
-795.918 -0.00350977
-755.102 -0.00416379
-714.286 -0.00477563
-673.469 -0.00530722
-632.653 -0.00572123
-591.837 -0.00598589
-551.02 -0.00607969
-510.204 -0.00599476
-469.388 -0.00573823
-428.571 -0.00533101
-387.755 -0.00480444
-346.939 -0.00419569
-306.122 -0.00354291
-265.306 -0.00288114
-224.49 -0.00223953
-183.673 -0.00164002
-142.857 -0.00109722
-102.041 -0.000619123
-61.2245 -0.000208387
-20.4082 0.000136358
20.4082 0.000419209
61.2245 0.000645903
102.041 0.000822972
142.857 0.000957132
183.673 0.00105487
224.49 0.00112218
265.306 0.00116446
306.122 0.00118644
346.939 0.00119216
387.755 0.0011851
428.571 0.00116812
469.388 0.00114362
510.204 0.00111355
551.02 0.00107951
591.837 0.00104278
632.653 0.00100437
673.469 0.000965099
714.286 0.000925593
755.102 0.000886339
795.918 0.000847708
836.735 0.000809976
877.551 0.000773342
918.367 0.000737948
959.184 0.000703884
1000 0.000671207
