-1000 0.00338257
-959.184 0.00372771
-918.367 0.00412001
-877.551 0.00456742
-836.735 0.00507949
-795.918 0.00566764
-755.102 0.00634554
-714.286 0.00712959
-673.469 0.00803932
-632.653 0.00909788
-591.837 0.0103323
-551.02 0.0117736
-510.204 0.0134556
-469.388 0.0154124
-428.571 0.0176726
-387.755 0.0202464
-346.939 0.0231015
-306.122 0.026118
-265.306 0.02901
-224.49 0.0312005
-183.673 0.031655
-142.857 0.0287475
-102.041 0.0203938
-61.2245 0.00487462
-20.4082 -0.0174946
20.4082 -0.0430578
61.2245 -0.0662501
102.041 -0.0832493
142.857 -0.0934325
183.673 -0.0978095
224.49 -0.0973412
265.306 -0.0919005
306.122 -0.0804116
346.939 -0.0620343
387.755 -0.0379588
428.571 -0.0126006
469.388 0.0085814
510.204 0.0225996
551.02 0.0296952
591.837 0.0317722
632.653 0.0308601
673.469 0.0284638
714.286 0.0255123
755.102 0.022512
795.918 0.0197072
836.735 0.0171954
877.551 0.0149976
918.367 0.0130983
959.184 0.0114672
1000 0.0100699
