-1000 0.0341406
-959.184 0.0379097
-918.367 0.0410425
-877.551 0.0417011
-836.735 0.0353031
-795.918 0.0111848
-755.102 -0.0509183
-714.286 -0.168505
-673.469 -0.296348
-632.653 -0.308381
-591.837 -0.189637
-551.02 -0.0649872
-510.204 0.00490354
-469.388 0.033194
-428.571 0.0413616
-387.755 0.0413685
-346.939 0.0384474
-306.122 0.0347117
-265.306 0.030978
-224.49 0.0275378
-183.673 0.0244711
-142.857 0.0217753
-102.041 0.019418
-61.2245 0.0173589
-20.4082 0.0155585
20.4082 0.013981
61.2245 0.0125955
102.041 0.0113752
142.857 0.0102977
183.673 0.00934363
224.49 0.00849674
265.306 0.00774311
306.122 0.00707088
346.939 0.00646988
387.755 0.00593137
428.571 0.00544781
469.388 0.00501271
510.204 0.00462042
551.02 0.00426604
591.837 0.0039453
632.653 0.00365447
673.469 0.00339029
714.286 0.00314991
755.102 0.0029308
795.918 0.00273076
836.735 0.00254783
877.551 0.00238029
918.367 0.00222661
959.184 0.00208543
1000 0.00195555
