-1000 -0.0287387
-959.184 -0.0492314
-918.367 -0.0708457
-877.551 -0.0865441
-836.735 -0.0891956
-795.918 -0.0774362
-755.102 -0.056967
-714.286 -0.0354844
-673.469 -0.0178159
-632.653 -0.00524764
-591.837 0.00288684
-551.02 0.00778337
-510.204 0.0105125
-469.388 0.0118577
-428.571 0.0123445
-387.755 0.0123111
-346.939 0.0119716
-306.122 0.0114599
-265.306 0.0108594
-224.49 0.0102222
-183.673 0.00957996
-142.857 0.00895198
-102.041 0.00834949
-61.2245 0.00777859
-20.4082 0.00724218
20.4082 0.00674109
61.2245 0.00627489
102.041 0.00584236
142.857 0.00544186
183.673 0.0050715
224.49 0.00472927
265.306 0.00441319
306.122 0.00412132
346.939 0.00385177
387.755 0.0036028
428.571 0.00337276
469.388 0.0031601
510.204 0.00296341
551.02 0.00278138
591.837 0.0026128
632.653 0.00245656
673.469 0.00231167
714.286 0.00217719
755.102 0.00205227
795.918 0.00193614
836.735 0.0018281
877.551 0.0017275
918.367 0.00163375
959.184 0.00154631
1000 0.00146468
