-1000 0.00503242
-959.184 0.00529594
-918.367 0.00556372
-877.551 0.0058321
-836.735 0.00609612
-795.918 0.00634917
-755.102 0.00658255
-714.286 0.006785
-673.469 0.00694212
-632.653 0.00703577
-591.837 0.00704334
-551.02 0.0069372
-510.204 0.00668412
-469.388 0.00624505
-428.571 0.0055755
-387.755 0.00462658
-346.939 0.00334753
-306.122 0.00168971
-265.306 -0.000387215
-224.49 -0.00290711
-183.673 -0.00586757
-142.857 -0.00922987
-102.041 -0.0129108
-61.2245 -0.0167791
-20.4082 -0.0206593
20.4082 -0.0243435
61.2245 -0.0276105
102.041 -0.0302489
142.857 -0.0320802
183.673 -0.0329771
224.49 -0.0328765
265.306 -0.0317855
306.122 -0.0297807
346.939 -0.0270009
387.755 -0.023633
428.571 -0.019892
469.388 -0.0159983
510.204 -0.0121547
551.02 -0.00852857
591.837 -0.00524149
632.653 -0.00236735
673.469 6.31562e-05
714.286 0.00205369
755.102 0.00363216
795.918 0.00484115
836.735 0.00573015
877.551 0.00634981
918.367 0.00674828
959.184 0.00696904
1000 0.00704996
