-1000 0.00178599
-959.184 0.00190303
-918.367 0.00203045
-877.551 0.00216941
-836.735 0.00232126
-795.918 0.00248749
-755.102 0.00266985
-714.286 0.00287032
-673.469 0.00309118
-632.653 0.00333507
-591.837 0.00360503
-551.02 0.00390461
-510.204 0.00423794
-469.388 0.00460986
-428.571 0.00502603
-387.755 0.00549316
-346.939 0.00601917
-306.122 0.00661351
-265.306 0.00728747
-224.49 0.00805461
-183.673 0.00893133
-142.857 0.00993755
-102.041 0.0110976
-61.2245 0.0124415
-20.4082 0.0140062
20.4082 0.0158381
61.2245 0.0179953
102.041 0.0205515
142.857 0.023601
183.673 0.0272659
224.49 0.0317054
265.306 0.0371306
306.122 0.0438254
346.939 0.0521783
387.755 0.0627325
428.571 0.0762689
469.388 0.0939488
510.204 0.117575
551.02 0.150109
591.837 0.196775
632.653 0.267669
673.469 0.38463
714.286 0.600563
755.102 1.03419
795.918 1.39476
836.735 -4.29707
877.551 -0.477525
918.367 0.307006
959.184 -5.11237
1000 1.29467
