-1000 0.00301416
-959.184 0.0032554
-918.367 0.00351059
-877.551 0.00377669
-836.735 0.00404853
-795.918 0.00431783
-755.102 0.00457199
-714.286 0.00479253
-673.469 0.0049531
-632.653 0.00501724
-591.837 0.00493608
-551.02 0.00464658
-510.204 0.00407142
-469.388 0.00312216
-428.571 0.00170808
-387.755 -0.00024733
-346.939 -0.00278128
-306.122 -0.00586118
-265.306 -0.00935714
-224.49 -0.0130306
-183.673 -0.0165515
-142.857 -0.0195455
-102.041 -0.0216615
-61.2245 -0.0226379
-20.4082 -0.022351
20.4082 -0.0208375
61.2245 -0.0182872
102.041 -0.0150097
142.857 -0.011375
183.673 -0.00774525
224.49 -0.00441347
265.306 -0.00156951
306.122 0.000703233
346.939 0.00240742
387.755 0.00360153
428.571 0.00437106
469.388 0.00480727
510.204 0.00499427
551.02 0.00500312
591.837 0.00489033
632.653 0.00469892
673.469 0.00446051
714.286 0.00419765
755.102 0.00392594
795.918 0.00365587
836.735 0.00339418
877.551 0.00314499
918.367 0.00291059
959.184 0.002692
1000 0.00248942
