-1000 0.00177675
-959.184 0.00184939
-918.367 0.00191997
-877.551 0.00198678
-836.735 0.00204766
-795.918 0.00209987
-755.102 0.00213999
-714.286 0.00216375
-673.469 0.00216589
-632.653 0.00213997
-591.837 0.0020782
-551.02 0.00197126
-510.204 0.00180815
-469.388 0.00157614
-428.571 0.00126084
-387.755 0.000846523
-346.939 0.00031682
-306.122 -0.00034404
-265.306 -0.00114927
-224.49 -0.0021067
-183.673 -0.00321497
-142.857 -0.00445903
-102.041 -0.00580557
-61.2245 -0.00719954
-20.4082 -0.00856357
20.4082 -0.00980215
61.2245 -0.0108117
102.041 -0.0114962
142.857 -0.0117843
183.673 -0.0116447
224.49 -0.0110926
265.306 -0.0101868
306.122 -0.00901661
346.939 -0.00768493
387.755 -0.00629157
428.571 -0.004921
469.388 -0.00363622
510.204 -0.00247787
551.02 -0.0014669
591.837 -0.000608902
632.653 0.000101192
673.469 0.000675087
714.286 0.00112793
755.102 0.00147604
795.918 0.00173549
836.735 0.00192118
877.551 0.00204644
918.367 0.00212287
959.184 0.00216038
1000 0.00216726
