-1000 -0.00964231
-959.184 -0.0109783
-918.367 -0.0122148
-877.551 -0.0133105
-836.735 -0.0142279
-795.918 -0.0149349
-755.102 -0.0154069
-714.286 -0.0156272
-673.469 -0.0155882
-632.653 -0.0152912
-591.837 -0.0147465
-551.02 -0.0139735
-510.204 -0.0129989
-469.388 -0.0118568
-428.571 -0.010586
-387.755 -0.00922853
-346.939 -0.00782721
-306.122 -0.00642317
-265.306 -0.00505374
-224.49 -0.00375068
-183.673 -0.00253907
-142.857 -0.0014368
-102.041 -0.000454775
-61.2245 0.000402438
-20.4082 0.00113561
20.4082 0.00174971
61.2245 0.00225269
102.041 0.00265443
142.857 0.00296586
183.673 0.00319817
224.49 0.00336229
265.306 0.00346855
306.122 0.00352641
346.939 0.00354436
387.755 0.00352988
428.571 0.00348947
469.388 0.00342868
510.204 0.00335221
551.02 0.00326401
591.837 0.00316735
632.653 0.00306492
673.469 0.0029589
714.286 0.00285106
755.102 0.00274281
795.918 0.00263526
836.735 0.00252927
877.551 0.00242549
918.367 0.00232444
959.184 0.00222645
1000 0.00213177
