-1000 0.0085423
-959.184 0.00911085
-918.367 0.00969376
-877.551 0.0102794
-836.735 0.0108504
-795.918 0.0113813
-755.102 0.0118359
-714.286 0.0121629
-673.469 0.0122909
-632.653 0.0121216
-591.837 0.0115217
-551.02 0.0103142
-510.204 0.0082702
-469.388 0.0051083
-428.571 0.00050801
-387.755 -0.00584483
-346.939 -0.014162
-306.122 -0.0243948
-265.306 -0.0360377
-224.49 -0.047988
-183.673 -0.0586059
-142.857 -0.0660684
-102.041 -0.068922
-61.2245 -0.0665789
-20.4082 -0.0595229
20.4082 -0.04914
61.2245 -0.0372425
102.041 -0.0255089
142.857 -0.0151032
183.673 -0.00658629
224.49 -4.369e-05
265.306 0.00471845
306.122 0.00800938
346.939 0.0101516
387.755 0.0114317
428.571 0.0120835
469.388 0.0122892
510.204 0.012186
551.02 0.0118753
591.837 0.0114309
632.653 0.0109058
673.469 0.0103375
714.286 0.00975244
755.102 0.00916865
795.918 0.00859827
836.735 0.00804916
877.551 0.00752615
918.367 0.00703185
959.184 0.00656741
1000 0.0061329
