-1000 0.250532
-959.184 0.350827
-918.367 0.516132
-877.551 0.814496
-836.735 1.37627
-795.918 1.44029
-755.102 -5.23815
-714.286 1.55935
-673.469 -0.465641
-632.653 -1.8459
-591.837 2.64734
-551.02 -4.5083
-510.204 2.54172
-469.388 -1.19665
-428.571 -0.715311
-387.755 2.24505
-346.939 -4.59314
-306.122 2.44709
-265.306 -2.96289
-224.49 -1.09508
-183.673 1.69297
-142.857 1.05514
-102.041 0.64176
-61.2245 0.42244
-20.4082 0.294928
20.4082 0.214757
61.2245 0.161513
102.041 0.124683
142.857 0.0983655
183.673 0.0790448
224.49 0.0645301
265.306 0.0534066
306.122 0.0447323
346.939 0.0378635
387.755 0.0323502
428.571 0.0278711
469.388 0.0241924
510.204 0.0211416
551.02 0.0185889
591.837 0.0164359
632.653 0.0146067
673.469 0.013042
714.286 0.0116953
755.102 0.0105297
795.918 0.00951538
836.735 0.00862847
877.551 0.00784941
918.367 0.00716217
959.184 0.00655351
1000 0.00601244
