-1000 0.000337843
-959.184 0.000224442
-918.367 9.16363e-05
-877.551 -6.16668e-05
-836.735 -0.000236158
-795.918 -0.00043199
-755.102 -0.000648626
-714.286 -0.000884698
-673.469 -0.00113788
-632.653 -0.00140478
-591.837 -0.00168094
-551.02 -0.00196082
-510.204 -0.00223791
-469.388 -0.00250498
-428.571 -0.00275432
-387.755 -0.00297813
-346.939 -0.00316892
-306.122 -0.00332
-265.306 -0.00342582
-224.49 -0.0034824
-183.673 -0.00348759
-142.857 -0.00344117
-102.041 -0.00334493
-61.2245 -0.00320251
-20.4082 -0.00301915
20.4082 -0.00280137
61.2245 -0.00255652
102.041 -0.00229237
142.857 -0.00201668
183.673 -0.00173682
224.49 -0.00145944
265.306 -0.00119029
306.122 -0.000934058
346.939 -0.000694346
387.755 -0.000473684
428.571 -0.000273624
469.388 -9.48564e-05
510.204 6.26442e-05
551.02 0.000199473
591.837 0.000316653
632.653 0.000415502
673.469 0.000497525
714.286 0.000564321
755.102 0.00061751
795.918 0.000658675
836.735 0.000689328
877.551 0.00071088
918.367 0.00072463
959.184 0.000731751
1000 0.000733296
