-1000 0.0117504
-959.184 0.012851
-918.367 0.0140947
-877.551 0.0155057
-836.735 0.0171135
-795.918 0.0189536
-755.102 0.02107
-714.286 0.0235169
-673.469 0.026362
-632.653 0.0296902
-591.837 0.0336093
-551.02 0.0382573
-510.204 0.0438129
-469.388 0.0505104
-428.571 0.0586604
-387.755 0.0686813
-346.939 0.0811455
-306.122 0.0968509
-265.306 0.116935
-224.49 0.143063
-183.673 0.177763
-142.857 0.225052
-102.041 0.291752
-61.2245 0.390558
-20.4082 0.548147
20.4082 0.827745
61.2245 1.35819
102.041 1.52694
142.857 -5.02106
183.673 1.21865
224.49 -0.0522176
265.306 -2.40855
306.122 2.73002
346.939 -4.44494
387.755 2.31948
428.571 -0.685022
469.388 -1.19475
510.204 2.52423
551.02 -4.53959
591.837 2.60651
632.653 -1.8921
673.469 -0.511932
714.286 1.5198
755.102 -5.26335
795.918 1.43526
836.735 1.39225
877.551 0.847049
918.367 0.558443
959.184 0.396721
1000 0.295785
