-1000 3.72037e-05
-959.184 -0.000285294
-918.367 -0.0006608
-877.551 -0.00108805
-836.735 -0.00156248
-795.918 -0.00207554
-755.102 -0.00261431
-714.286 -0.00316155
-673.469 -0.00369611
-632.653 -0.00419416
-591.837 -0.00463082
-551.02 -0.00498227
-510.204 -0.00522806
-469.388 -0.00535325
-428.571 -0.00535
-387.755 -0.00521854
-346.939 -0.00496705
-306.122 -0.00461082
-265.306 -0.00417051
-224.49 -0.00367004
-183.673 -0.0031343
-142.857 -0.00258701
-102.041 -0.00204915
-61.2245 -0.00153775
-20.4082 -0.00106552
20.4082 -0.000640773
61.2245 -0.000267912
102.041 5.19516e-05
142.857 0.000320235
183.673 0.000540147
224.49 0.000716023
265.306 0.00085279
306.122 0.000955543
346.939 0.00102925
387.755 0.00107857
428.571 0.00110773
469.388 0.00112046
510.204 0.00112001
551.02 0.00110917
591.837 0.00109028
632.653 0.00106529
673.469 0.00103581
714.286 0.00100316
755.102 0.000968392
795.918 0.000932365
836.735 0.000895748
877.551 0.00085907
918.367 0.000822737
959.184 0.000787059
1000 0.000752264
