-1000 0.00285283
-959.184 0.00310525
-918.367 0.00338771
-877.551 0.00370472
-836.735 0.00406163
-795.918 0.00446474
-755.102 0.00492163
-714.286 0.00544135
-673.469 0.00603479
-632.653 0.00671516
-591.837 0.00749857
-551.02 0.00840473
-510.204 0.00945803
-469.388 0.0106888
-428.571 0.012135
-387.755 0.0138448
-346.939 0.0158799
-306.122 0.0183202
-265.306 0.0212707
-224.49 0.024872
-183.673 0.029316
-142.857 0.0348711
-102.041 0.0419241
-61.2245 0.0510531
-20.4082 0.0631588
20.4082 0.0797205
61.2245 0.103322
102.041 0.138835
142.857 0.196356
183.673 0.299313
224.49 0.507138
265.306 0.930031
306.122 0.595839
346.939 -6.57317
387.755 0.0406206
428.571 1.00574
469.388 0.554402
510.204 0.321545
551.02 0.208027
591.837 0.1457
632.653 0.107724
673.469 0.0827271
714.286 0.065312
755.102 0.0526513
795.918 0.0431436
836.735 0.035822
877.551 0.0300706
918.367 0.0254794
959.184 0.0217654
1000 0.0187273
