-1000 0.00270507
-959.184 0.00292944
-918.367 0.00317973
-877.551 0.00345983
-836.735 0.0037744
-795.918 0.00412901
-755.102 0.00453033
-714.286 0.00498648
-673.469 0.00550734
-632.653 0.00610503
-591.837 0.00679459
-551.02 0.00759479
-510.204 0.0085293
-469.388 0.00962828
-428.571 0.0109306
-387.755 0.012487
-346.939 0.0143645
-306.122 0.0166533
-265.306 0.0194766
-224.49 0.0230062
-183.673 0.0274867
-142.857 0.0332755
-102.041 0.04091
-61.2245 0.0512258
-20.4082 0.0655741
20.4082 0.0862439
61.2245 0.117333
102.041 0.166676
142.857 0.25046
183.673 0.405059
224.49 0.716868
265.306 1.34403
306.122 1.36923
346.939 -5.2491
387.755 1.99485
428.571 -0.771736
469.388 -1.15658
510.204 2.63879
551.02 -4.34973
591.837 2.86107
632.653 -1.53891
673.469 -0.0209569
714.286 2.24805
755.102 -4.06815
795.918 3.01181
836.735 -2.68905
877.551 0.600292
918.367 1.08863
959.184 -4.5464
1000 1.62492
