-1000 0.0011146
-959.184 0.00119516
-918.367 0.00128372
-877.551 0.00138127
-836.735 0.00148902
-795.918 0.00160831
-755.102 0.00174076
-714.286 0.00188823
-673.469 0.00205294
-632.653 0.00223748
-591.837 0.00244494
-551.02 0.00267904
-510.204 0.00294419
-469.388 0.00324578
-428.571 0.00359033
-387.755 0.00398581
-346.939 0.00444209
-306.122 0.00497142
-265.306 0.00558914
-224.49 0.00631471
-183.673 0.00717299
-142.857 0.00819611
-102.041 0.00942614
-61.2245 0.0109189
-20.4082 0.0127494
20.4082 0.0150205
61.2245 0.0178756
102.041 0.0215186
142.857 0.026247
183.673 0.0325067
224.49 0.0409866
265.306 0.0527922
306.122 0.069775
346.939 0.0951992
387.755 0.135184
428.571 0.202066
469.388 0.322845
510.204 0.561135
551.02 1.05781
591.837 1.69548
632.653 -2.86906
673.469 -0.718839
714.286 1.86506
755.102 -4.2977
795.918 2.86368
836.735 -2.79029
877.551 0.527934
918.367 1.03505
959.184 -4.58723
1000 1.59307
