-1000 0.00365137
-959.184 0.00375184
-918.367 0.00383841
-877.551 0.00390619
-836.735 0.00394928
-795.918 0.00396057
-755.102 0.00393163
-714.286 0.00385247
-673.469 0.0037115
-632.653 0.00349539
-591.837 0.00318911
-551.02 0.00277607
-510.204 0.0022385
-469.388 0.00155806
-428.571 0.000716886
-387.755 -0.000300914
-346.939 -0.00150728
-306.122 -0.00290765
-265.306 -0.00449803
-224.49 -0.00626184
-183.673 -0.00816711
-142.857 -0.0101645
-102.041 -0.012187
-61.2245 -0.0141519
-20.4082 -0.0159653
20.4082 -0.0175296
61.2245 -0.0187525
102.041 -0.0195569
142.857 -0.0198899
183.673 -0.0197289
224.49 -0.0190849
265.306 -0.0180008
306.122 -0.016546
346.939 -0.0148088
387.755 -0.0128859
428.571 -0.0108735
469.388 -0.00885879
510.204 -0.00691474
551.02 -0.00509692
591.837 -0.00344323
632.653 -0.00197532
673.469 -0.000701249
714.286 0.000381465
755.102 0.0012828
795.918 0.00201753
836.735 0.00260302
877.551 0.00305758
918.367 0.00339927
959.184 0.00364514
1000 0.00381081
