-1000 -0.0252108
-959.184 -0.04544
-918.367 -0.0668635
-877.551 -0.0824549
-836.735 -0.0850903
-795.918 -0.0734065
-755.102 -0.0530999
-714.286 -0.0318569
-673.469 -0.014491
-632.653 -0.00227185
-591.837 0.00548423
-551.02 0.00998959
-510.204 0.0123295
-469.388 0.0132994
-428.571 0.013434
-387.755 0.0130781
-346.939 0.0124492
-306.122 0.0116829
-265.306 0.0108626
-224.49 0.0100388
-183.673 0.00924099
-142.857 0.00848575
-102.041 0.00778125
-61.2245 0.00713056
-20.4082 0.00653361
20.4082 0.00598844
61.2245 0.0054921
102.041 0.00504108
142.857 0.00463171
183.673 0.00426036
224.49 0.0039235
265.306 0.00361787
306.122 0.0033404
346.939 0.00308833
387.755 0.00285912
428.571 0.00265048
469.388 0.00246036
510.204 0.00228691
551.02 0.00212848
591.837 0.00198358
632.653 0.00185088
673.469 0.00172921
714.286 0.0016175
755.102 0.00151481
795.918 0.00142028
836.735 0.00133316
877.551 0.00125277
918.367 0.00117849
959.184 0.00110977
1000 0.00104613
