-1000 -0.0271811
-959.184 -0.0566024
-918.367 -0.0917888
-877.551 -0.126116
-836.735 -0.150561
-795.918 -0.158175
-755.102 -0.146859
-714.286 -0.119753
-673.469 -0.0845493
-632.653 -0.0501225
-591.837 -0.0222594
-551.02 -0.00250692
-510.204 0.0102123
-469.388 0.0177636
-428.571 0.0218402
-387.755 0.023696
-346.939 0.0241781
-306.122 0.0238344
-265.306 0.0230117
-224.49 0.0219274
-183.673 0.0207167
-142.857 0.0194631
-102.041 0.0182176
-61.2245 0.0170105
-20.4082 0.0158592
20.4082 0.0147724
61.2245 0.0137541
102.041 0.0128046
142.857 0.0119223
183.673 0.0111044
224.49 0.0103475
265.306 0.00964775
306.122 0.00900123
346.939 0.00840409
387.755 0.00785259
428.571 0.00734318
469.388 0.0068725
510.204 0.00643745
551.02 0.00603511
591.837 0.00566283
632.653 0.00531812
673.469 0.00499874
714.286 0.00470259
755.102 0.0044278
795.918 0.00417262
836.735 0.00393545
877.551 0.00371486
918.367 0.00350951
959.184 0.00331819
1000 0.00313981
