-1000 0.00357222
-959.184 0.00372337
-918.367 0.00387344
-877.551 0.00402001
-836.735 0.00415996
-795.918 0.00428937
-755.102 0.00440337
-714.286 0.0044959
-673.469 0.00455958
-632.653 0.00458546
-591.837 0.00456283
-551.02 0.00447902
-510.204 0.00431925
-469.388 0.00406665
-428.571 0.0037023
-387.755 0.0032056
-346.939 0.00255495
-306.122 0.00172884
-265.306 0.000707455
-224.49 -0.000525131
-183.673 -0.00197817
-142.857 -0.00365107
-102.041 -0.00553001
-61.2245 -0.00758497
-20.4082 -0.00976774
20.4082 -0.0120116
61.2245 -0.0142331
102.041 -0.0163368
142.857 -0.0182218
183.673 -0.0197899
224.49 -0.0209545
265.306 -0.0216488
306.122 -0.0218319
346.939 -0.0214929
387.755 -0.020652
428.571 -0.0193582
469.388 -0.0176853
510.204 -0.0157241
551.02 -0.0135745
591.837 -0.0113367
632.653 -0.00910311
673.469 -0.00695251
714.286 -0.00494614
755.102 -0.00312665
795.918 -0.00151892
836.735 -0.000132467
877.551 0.00103542
918.367 0.00199633
959.184 0.0027676
1000 0.00336978
