-1000 0.0180713
-959.184 0.0186407
-918.367 0.018667
-877.551 0.017853
-836.735 0.0158184
-795.918 0.0121191
-755.102 0.00631289
-714.286 -0.00191137
-673.469 -0.0125479
-632.653 -0.0250983
-591.837 -0.0385292
-551.02 -0.0514612
-510.204 -0.0625239
-469.388 -0.0706674
-428.571 -0.075266
-387.755 -0.0760418
-346.939 -0.0729542
-306.122 -0.0661759
-265.306 -0.0561788
-224.49 -0.043843
-183.673 -0.0304379
-142.857 -0.0173852
-102.041 -0.005892
-61.2245 0.00332231
-20.4082 0.0100716
20.4082 0.0145643
61.2245 0.0172096
102.041 0.0184617
142.857 0.0187312
183.673 0.0183487
224.49 0.0175623
265.306 0.0165485
306.122 0.0154276
346.939 0.014279
387.755 0.0131522
428.571 0.0120769
469.388 0.0110693
510.204 0.0101365
551.02 0.00928008
591.837 0.00849832
632.653 0.00778736
673.469 0.00714233
714.286 0.00655793
755.102 0.00602879
795.918 0.00554974
836.735 0.0051159
877.551 0.00472273
918.367 0.00436612
959.184 0.00404233
1000 0.00374799
