-1000 0.000196409
-959.184 0.000142168
-918.367 7.79067e-05
-877.551 2.88403e-06
-836.735 -8.34747e-05
-795.918 -0.000181501
-755.102 -0.000291197
-714.286 -0.000412141
-673.469 -0.000543398
-632.653 -0.000683436
-591.837 -0.000830071
-551.02 -0.000980442
-510.204 -0.00113103
-469.388 -0.00127777
-428.571 -0.00141617
-387.755 -0.00154153
-346.939 -0.00164926
-306.122 -0.00173511
-265.306 -0.00179553
-224.49 -0.00182794
-183.673 -0.00183092
-142.857 -0.00180432
-102.041 -0.00174933
-61.2245 -0.0016683
-20.4082 -0.00156463
20.4082 -0.00144243
61.2245 -0.00130627
102.041 -0.00116083
142.857 -0.00101067
183.673 -0.00085995
224.49 -0.000712317
265.306 -0.000570763
306.122 -0.000437608
346.939 -0.000314508
387.755 -0.000202514
428.571 -0.000102141
469.388 -1.34662e-05
510.204 6.37843e-05
551.02 0.000130143
591.837 0.000186323
632.653 0.000233151
673.469 0.000271509
714.286 0.000302295
755.102 0.000326389
795.918 0.000344631
836.735 0.000357803
877.551 0.000366626
918.367 0.00037175
959.184 0.000373758
1000 0.000373166
