-1000 0.00109148
-959.184 0.0011529
-918.367 0.00121872
-877.551 0.00128931
-836.735 0.00136505
-795.918 0.00144638
-755.102 0.00153376
-714.286 0.0016277
-673.469 0.00172872
-632.653 0.00183742
-591.837 0.0019544
-551.02 0.00208031
-510.204 0.00221584
-469.388 0.00236168
-428.571 0.00251855
-387.755 0.00268715
-346.939 0.00286816
-306.122 0.00306217
-265.306 0.00326967
-224.49 0.00349092
-183.673 0.00372592
-142.857 0.00397422
-102.041 0.00423478
-61.2245 0.00450569
-20.4082 0.00478389
20.4082 0.00506472
61.2245 0.00534138
102.041 0.0056042
142.857 0.00583977
183.673 0.00602978
224.49 0.00614964
265.306 0.00616691
306.122 0.00603958
346.939 0.00571436
387.755 0.00512554
428.571 0.00419506
469.388 0.00283489
510.204 0.000953677
551.02 -0.00153062
591.837 -0.00466994
632.653 -0.00845702
673.469 -0.0127915
714.286 -0.0174505
755.102 -0.0220793
795.918 -0.0262182
836.735 -0.0293733
877.551 -0.0311197
918.367 -0.0312052
959.184 -0.0296171
1000 -0.0265859
