-1000 0.000426059
-959.184 0.000461492
-918.367 0.000500963
-877.551 0.000545064
-836.735 0.000594493
-795.918 0.00065008
-755.102 0.000712813
-714.286 0.000783877
-673.469 0.000864701
-632.653 0.00095702
-591.837 0.00106295
-551.02 0.00118508
-510.204 0.00132665
-469.388 0.00149166
-428.571 0.00168517
-387.755 0.0019136
-346.939 0.00218518
-306.122 0.00251058
-265.306 0.00290379
-224.49 0.00338338
-183.673 0.00397439
-142.857 0.00471104
-102.041 0.00564094
-61.2245 0.00683158
-20.4082 0.00838071
20.4082 0.0104333
61.2245 0.0132102
102.041 0.0170588
142.857 0.0225445
183.673 0.0306274
224.49 0.0430182
265.306 0.0629437
306.122 0.0969116
346.939 0.159096
387.755 0.282924
428.571 0.549969
469.388 1.08752
510.204 0.498376
551.02 -6.35428
591.837 0.676097
632.653 1.05607
673.469 0.531022
714.286 0.274313
755.102 0.154928
795.918 0.0947101
836.735 0.0616884
877.551 0.0422557
918.367 0.0301395
959.184 0.0222187
1000 0.0168334
