-1000 0.00924921
-959.184 0.00987469
-918.367 0.010494
-877.551 0.0110807
-836.735 0.0115959
-795.918 0.0119836
-755.102 0.0121647
-714.286 0.012029
-673.469 0.0114262
-632.653 0.0101569
-591.837 0.00796606
-551.02 0.00454682
-510.204 -0.000434625
-469.388 -0.00727331
-428.571 -0.0161014
-387.755 -0.0267058
-346.939 -0.0383398
-306.122 -0.0496528
-265.306 -0.0588787
-224.49 -0.0643015
-183.673 -0.0648163
-142.857 -0.0603149
-102.041 -0.0517242
-61.2245 -0.0406808
-20.4082 -0.028985
20.4082 -0.0180954
61.2245 -0.00888033
102.041 -0.0016462
142.857 0.0036861
183.673 0.00739105
224.49 0.00980156
265.306 0.011233
306.122 0.0119514
346.939 0.0121671
387.755 0.0120394
428.571 0.0116858
469.388 0.0111909
510.204 0.010615
551.02 0.00999974
591.837 0.00937386
632.653 0.00875638
673.469 0.00815959
714.286 0.00759102
755.102 0.00705482
795.918 0.0065529
836.735 0.00608558
877.551 0.00565218
918.367 0.00525138
959.184 0.00488145
1000 0.00454047
