-1000 0.000815968
-959.184 0.000866013
-918.367 0.000920111
-877.551 0.000978669
-836.735 0.00104214
-795.918 0.00111102
-755.102 0.00118588
-714.286 0.00126735
-673.469 0.00135614
-632.653 0.00145304
-591.837 0.00155895
-551.02 0.00167487
-510.204 0.00180192
-469.388 0.00194137
-428.571 0.00209464
-387.755 0.00226332
-346.939 0.00244918
-306.122 0.00265422
-265.306 0.00288061
-224.49 0.0031308
-183.673 0.0034074
-142.857 0.00371325
-102.041 0.00405135
-61.2245 0.00442471
-20.4082 0.00483627
20.4082 0.0052886
61.2245 0.00578346
102.041 0.00632122
142.857 0.00689982
183.673 0.00751331
224.49 0.0081497
265.306 0.00878775
306.122 0.00939244
346.939 0.00990866
387.755 0.0102527
428.571 0.0103017
469.388 0.00988172
510.204 0.00875736
551.02 0.00663014
591.837 0.00315781
632.653 -0.00198538
673.469 -0.00898773
714.286 -0.0177177
755.102 -0.0275336
795.918 -0.0372097
836.735 -0.0451187
877.551 -0.049683
918.367 -0.0499098
959.184 -0.0457483
1000 -0.0381083
