-1000 0.00161462
-959.184 0.00172758
-918.367 0.00184997
-877.551 0.00198256
-836.735 0.00212612
-795.918 0.00228143
-755.102 0.00244923
-714.286 0.00263016
-673.469 0.00282473
-632.653 0.00303316
-591.837 0.00325529
-551.02 0.00349039
-510.204 0.00373684
-469.388 0.00399184
-428.571 0.00425086
-387.755 0.00450703
-346.939 0.00475024
-306.122 0.0049661
-265.306 0.00513448
-224.49 0.00522789
-183.673 0.00520961
-142.857 0.00503173
-102.041 0.00463367
-61.2245 0.00394186
-20.4082 0.00287176
20.4082 0.0013343
61.2245 -0.000751346
102.041 -0.00343654
142.857 -0.00671369
183.673 -0.0104827
224.49 -0.0145241
265.306 -0.0184944
306.122 -0.0219599
346.939 -0.0244717
387.755 -0.0256673
428.571 -0.0253636
469.388 -0.0236077
510.204 -0.0206638
551.02 -0.0169412
591.837 -0.0128943
632.653 -0.00892726
673.469 -0.00533575
714.286 -0.00228929
755.102 0.000152951
795.918 0.00201093
836.735 0.00335091
877.551 0.00425905
918.367 0.00482374
959.184 0.00512561
1000 0.00523312
