-1000 0.0667918
-959.184 0.090654
-918.367 0.127879
-877.551 0.189517
-836.735 0.299444
-795.918 0.513455
-755.102 0.95955
-714.286 1.66353
-673.469 -1.46671
-632.653 -2.30795
-591.837 2.44443
-551.02 -4.59632
-510.204 2.48124
-469.388 -1.26343
-428.571 -0.847645
-387.755 1.93891
-346.939 -5.29156
-306.122 1.3362
-265.306 1.31782
-224.49 0.695705
-183.673 0.387718
-142.857 0.236066
-102.041 0.154593
-61.2245 0.107089
-20.4082 0.0774815
20.4082 0.0580195
61.2245 0.0446658
102.041 0.0351766
142.857 0.0282349
183.673 0.0230311
224.49 0.0190482
265.306 0.0159445
306.122 0.0134879
346.939 0.0115166
387.755 0.00991535
428.571 0.00860057
469.388 0.00751042
510.204 0.00659854
551.02 0.00582968
591.837 0.00517667
632.653 0.00461834
673.469 0.00413803
714.286 0.00372249
755.102 0.00336111
795.918 0.0030453
836.735 0.00276805
877.551 0.00252364
918.367 0.00230731
959.184 0.00211512
1000 0.0019438
