-1000 -0.114615
-959.184 -0.269526
-918.367 -0.346656
-877.551 -0.380417
-836.735 -0.393912
-795.918 -0.389014
-755.102 -0.39397
-714.286 -0.374478
-673.469 -0.337205
-632.653 -0.243317
-591.837 -0.0813562
-551.02 0.0522635
-510.204 0.116836
-469.388 0.134917
-428.571 0.131861
-387.755 0.121122
-346.939 0.108451
-306.122 0.0960818
-265.306 0.0847965
-224.49 0.0747914
-183.673 0.0660354
-142.857 0.0584154
-102.041 0.0517968
-61.2245 0.0460479
-20.4082 0.0410486
20.4082 0.0366934
61.2245 0.0328911
102.041 0.0295636
142.857 0.0266443
183.673 0.0240763
224.49 0.0218116
265.306 0.0198089
306.122 0.0180334
346.939 0.0164553
387.755 0.015049
428.571 0.0137927
469.388 0.0126677
510.204 0.0116579
551.02 0.0107494
591.837 0.00993016
632.653 0.00918987
673.469 0.00851949
714.286 0.00791117
755.102 0.00735807
795.918 0.00685422
836.735 0.00639437
877.551 0.00597394
918.367 0.00558887
959.184 0.00523559
1000 0.00491095
