-1000 0.000848656
-959.184 0.000544288
-918.367 0.000189929
-877.551 -0.000215102
-836.735 -0.000669816
-795.918 -0.00117127
-755.102 -0.00171439
-714.286 -0.00229189
-673.469 -0.0028944
-632.653 -0.00351072
-591.837 -0.00412825
-551.02 -0.00473354
-510.204 -0.00531293
-469.388 -0.00585311
-428.571 -0.0063417
-387.755 -0.00676767
-346.939 -0.00712165
-306.122 -0.00739609
-265.306 -0.00758529
-224.49 -0.00768545
-183.673 -0.00769459
-142.857 -0.00761253
-102.041 -0.00744089
-61.2245 -0.00718311
-20.4082 -0.0068445
20.4082 -0.00643223
61.2245 -0.00595533
102.041 -0.00542452
142.857 -0.00485193
183.673 -0.00425072
224.49 -0.00363455
265.306 -0.00301695
306.122 -0.00241073
346.939 -0.00182741
387.755 -0.00127676
428.571 -0.000766498
469.388 -0.000302135
510.204 0.000112971
551.02 0.000477459
591.837 0.000791701
632.653 0.00105748
673.469 0.00127762
714.286 0.00145571
755.102 0.00159577
795.918 0.00170198
836.735 0.00177855
877.551 0.00182951
918.367 0.00185866
959.184 0.00186948
1000 0.00186508
