-1000 0.00491637
-959.184 0.0054338
-918.367 0.00600505
-877.551 0.00662952
-836.735 0.00730182
-795.918 0.00800859
-755.102 0.00872367
-714.286 0.00940094
-673.469 0.00996434
-632.653 0.0102949
-591.837 0.0102157
-551.02 0.00948003
-510.204 0.00777079
-469.388 0.00473148
-428.571 4.86052e-05
-387.755 -0.00640244
-346.939 -0.014381
-306.122 -0.0231712
-265.306 -0.0316558
-224.49 -0.0385897
-183.673 -0.0429277
-142.857 -0.044035
-102.041 -0.0417543
-61.2245 -0.0364119
-20.4082 -0.0288
20.4082 -0.0200661
61.2245 -0.0114493
102.041 -0.00394897
142.857 0.00188835
183.673 0.00596842
224.49 0.00850188
265.306 0.00983072
306.122 0.0103039
346.939 0.0102153
387.755 0.00978647
428.571 0.00917219
469.388 0.00847482
510.204 0.0077586
551.02 0.00706169
591.837 0.00640511
632.653 0.00579895
673.469 0.00524664
714.286 0.00474765
755.102 0.00429927
795.918 0.00389767
836.735 0.00353863
877.551 0.00321787
918.367 0.00293128
959.184 0.00267508
1000 0.00244582
