-1000 0.00102988
-959.184 0.00110849
-918.367 0.00119526
-877.551 0.00129127
-836.735 0.00139777
-795.918 0.00151623
-755.102 0.00164837
-714.286 0.00179619
-673.469 0.00196208
-632.653 0.00214886
-591.837 0.00235989
-551.02 0.00259921
-510.204 0.00287167
-469.388 0.00318313
-428.571 0.00354075
-387.755 0.00395329
-346.939 0.00443158
-306.122 0.00498905
-265.306 0.00564251
-224.49 0.00641319
-183.673 0.0073281
-142.857 0.00842192
-102.041 0.00973964
-61.2245 0.0113402
-20.4082 0.0133019
20.4082 0.0157296
61.2245 0.0187662
102.041 0.0226093
142.857 0.0275366
183.673 0.0339465
224.49 0.0424245
265.306 0.0538563
306.122 0.0696333
346.939 0.0920542
387.755 0.125184
428.571 0.176908
469.388 0.264454
510.204 0.430333
551.02 0.774587
591.837 1.12285
632.653 -3.90992
673.469 -2.42462
714.286 1.14503
755.102 0.706512
795.918 0.397352
836.735 0.247837
877.551 0.167456
918.367 0.119287
959.184 0.0881365
1000 0.0669135
