-1000 0.00365968
-959.184 0.00396193
-918.367 0.00428102
-877.551 0.00461224
-836.735 0.00494753
-795.918 0.005274
-755.102 0.00557177
-714.286 0.00581116
-673.469 0.0059488
-632.653 0.00592279
-591.837 0.00564692
-551.02 0.00500474
-510.204 0.00384555
-469.388 0.0019867
-428.571 -0.000769337
-387.755 -0.00459052
-346.939 -0.00952947
-306.122 -0.0153951
-265.306 -0.0216203
-224.49 -0.0272271
-183.673 -0.0310202
-142.857 -0.0320279
-102.041 -0.0299704
-61.2245 -0.0254093
-20.4082 -0.019454
20.4082 -0.0132631
61.2245 -0.00767887
102.041 -0.00312494
142.857 0.000309216
183.673 0.00272927
224.49 0.00432093
265.306 0.00527986
306.122 0.00577848
346.939 0.00595532
387.755 0.00591562
428.571 0.00573639
469.388 0.00547243
510.204 0.00516181
551.02 0.0048304
591.837 0.00449536
632.653 0.00416766
673.469 0.00385406
714.286 0.00355837
755.102 0.00328245
795.918 0.00302685
836.735 0.00279131
877.551 0.00257503
918.367 0.00237694
959.184 0.0021958
1000 0.00203031
