-1000 0.00113182
-959.184 0.00119119
-918.367 0.00125422
-877.551 0.00132113
-836.735 0.00139213
-795.918 0.00146746
-755.102 0.00154732
-714.286 0.00163192
-673.469 0.00172144
-632.653 0.00181605
-591.837 0.00191585
-551.02 0.00202092
-510.204 0.00213121
-469.388 0.0022466
-428.571 0.00236679
-387.755 0.00249131
-346.939 0.0026194
-306.122 0.00275
-265.306 0.00288157
-224.49 0.00301204
-183.673 0.00313861
-142.857 0.00325753
-102.041 0.0033639
-61.2245 0.0034513
-20.4082 0.00351142
20.4082 0.00353358
61.2245 0.00350416
102.041 0.00340592
142.857 0.00321728
183.673 0.00291162
224.49 0.00245664
265.306 0.00181418
306.122 0.000940873
346.939 -0.000209708
387.755 -0.0016823
428.571 -0.00351147
469.388 -0.00570824
510.204 -0.00824181
551.02 -0.0110188
591.837 -0.0138671
632.653 -0.0165346
673.469 -0.0187167
714.286 -0.020115
755.102 -0.0205153
795.918 -0.0198528
836.735 -0.0182338
877.551 -0.0159008
918.367 -0.0131609
959.184 -0.0103097
1000 -0.00758069
