-1000 2.52386e-05
-959.184 -0.000137543
-918.367 -0.000321656
-877.551 -0.000526963
-836.735 -0.000752569
-795.918 -0.000996689
-755.102 -0.00125653
-714.286 -0.00152822
-673.469 -0.0018068
-632.653 -0.00208627
-591.837 -0.00235979
-551.02 -0.00261985
-510.204 -0.00285865
-469.388 -0.00306849
-428.571 -0.00324218
-387.755 -0.00337349
-346.939 -0.00345755
-306.122 -0.00349115
-265.306 -0.00347302
-224.49 -0.00340385
-183.673 -0.00328628
-142.857 -0.0031247
-102.041 -0.00292499
-61.2245 -0.00269408
-20.4082 -0.00243957
20.4082 -0.00216929
61.2245 -0.00189084
102.041 -0.00161132
142.857 -0.001337
183.673 -0.00107314
224.49 -0.000823968
265.306 -0.000592576
306.122 -0.000381048
346.939 -0.00019053
387.755 -2.13735e-05
428.571 0.000126723
469.388 0.000254562
510.204 0.000363316
551.02 0.0004544
591.837 0.000529371
632.653 0.000589844
673.469 0.000637429
714.286 0.000673682
755.102 0.000700072
795.918 0.00071796
836.735 0.000728589
877.551 0.000733078
918.367 0.000732424
959.184 0.000727507
1000 0.000719096
