-1000 0.00103478
-959.184 0.0011102
-918.367 0.00119176
-877.551 0.00127983
-836.735 0.00137472
-795.918 0.00147664
-755.102 0.00158564
-714.286 0.00170155
-673.469 0.00182383
-632.653 0.00195146
-591.837 0.00208269
-551.02 0.00221479
-510.204 0.00234367
-469.388 0.00246336
-428.571 0.00256541
-387.755 0.00263808
-346.939 0.00266542
-306.122 0.00262615
-265.306 0.00249268
-224.49 0.00223029
-183.673 0.00179711
-142.857 0.00114562
-102.041 0.000226842
-61.2245 -0.00100133
-20.4082 -0.00256055
20.4082 -0.00443317
61.2245 -0.00654115
102.041 -0.00873043
142.857 -0.0107726
183.673 -0.0123956
224.49 -0.0133443
265.306 -0.0134538
306.122 -0.0127045
346.939 -0.0112285
387.755 -0.00926502
428.571 -0.00708862
469.388 -0.00494275
510.204 -0.00300118
551.02 -0.00135995
591.837 -4.98712e-05
632.653 0.000942828
673.469 0.00165664
714.286 0.00213979
755.102 0.00244069
795.918 0.00260284
836.735 0.0026628
877.551 0.0026499
918.367 0.00258688
959.184 0.00249092
1000 0.00237474
