-1000 0.00840215
-959.184 0.00903243
-918.367 0.00972623
-877.551 0.0104916
-836.735 0.0113379
-795.918 0.0122758
-755.102 0.0133179
-714.286 0.0144788
-673.469 0.0157756
-632.653 0.0172283
-591.837 0.0188607
-551.02 0.0207007
-510.204 0.022782
-469.388 0.0251446
-428.571 0.0278368
-387.755 0.0309173
-346.939 0.0344578
-306.122 0.0385467
-265.306 0.043294
-224.49 0.0488382
-183.673 0.0553556
-142.857 0.0630747
-102.041 0.0722962
-61.2245 0.0834249
-20.4082 0.0970191
20.4082 0.113873
61.2245 0.135155
102.041 0.162665
142.857 0.199315
183.673 0.25014
224.49 0.324574
265.306 0.44224
306.122 0.648986
346.939 1.05299
387.755 1.61609
428.571 -2.15042
469.388 -2.09919
510.204 1.91953
551.02 -4.98535
591.837 2.25708
632.653 -2.17553
673.469 -0.7452
714.286 1.32801
755.102 -5.41883
795.918 1.31232
836.735 1.29824
877.551 0.778012
918.367 0.510081
959.184 0.364756
1000 0.27631
