-1000 0.000743657
-959.184 0.000789223
-918.367 0.000837575
-877.551 0.000888734
-836.735 0.000942662
-795.918 0.000999236
-755.102 0.00105822
-714.286 0.00111921
-673.469 0.00118163
-632.653 0.00124458
-591.837 0.00130685
-551.02 0.00136676
-510.204 0.00142201
-469.388 0.00146959
-428.571 0.00150555
-387.755 0.00152477
-346.939 0.00152077
-306.122 0.00148543
-265.306 0.00140882
-224.49 0.00127905
-183.673 0.00108237
-142.857 0.000803533
-102.041 0.000426674
-61.2245 -6.31034e-05
-20.4082 -0.000677245
20.4082 -0.00142027
61.2245 -0.00228543
102.041 -0.00325013
142.857 -0.00427227
183.673 -0.0052892
224.49 -0.00622124
265.306 -0.00698082
306.122 -0.00748665
346.939 -0.00767974
387.755 -0.00753657
428.571 -0.00707464
469.388 -0.00634831
510.204 -0.00543653
551.02 -0.00442693
591.837 -0.0034011
632.653 -0.00242458
673.469 -0.00154261
714.286 -0.000780498
755.102 -0.000147088
795.918 0.000360739
836.735 0.000753638
877.551 0.00104617
918.367 0.00125417
959.184 0.00139306
1000 0.00147684
