-1000 0.000157707
-959.184 0.000165261
-918.367 0.000173213
-877.551 0.000181578
-836.735 0.000190369
-795.918 0.000199595
-755.102 0.000209264
-714.286 0.000219379
-673.469 0.000229934
-632.653 0.00024092
-591.837 0.000252314
-551.02 0.000264081
-510.204 0.000276171
-469.388 0.000288513
-428.571 0.00030101
-387.755 0.000313533
-346.939 0.000325916
-306.122 0.000337943
-265.306 0.000349343
-224.49 0.000359773
-183.673 0.000368808
-142.857 0.000375921
-102.041 0.000380474
-61.2245 0.00038169
-20.4082 0.000378643
20.4082 0.00037024
61.2245 0.000355204
102.041 0.000332077
142.857 0.000299223
183.673 0.000254855
224.49 0.000197089
265.306 0.000124037
306.122 3.39363e-05
346.939 -7.46617e-05
387.755 -0.000202649
428.571 -0.000350068
469.388 -0.000515792
510.204 -0.000697209
551.02 -0.000889966
591.837 -0.00108785
632.653 -0.0012829
673.469 -0.00146575
714.286 -0.00162633
755.102 -0.0017548
795.918 -0.00184262
836.735 -0.00188363
877.551 -0.00187486
918.367 -0.00181695
959.184 -0.00171406
1000 -0.0015733
