-1000 0.000421676
-959.184 0.000442009
-918.367 0.00046321
-877.551 0.000485251
-836.735 0.000508082
-795.918 0.000531624
-755.102 0.000555764
-714.286 0.000580347
-673.469 0.000605163
-632.653 0.000629935
-591.837 0.000654305
-551.02 0.000677814
-510.204 0.000699883
-469.388 0.000719787
-428.571 0.000736628
-387.755 0.000749304
-346.939 0.000756474
-306.122 0.000756527
-265.306 0.000747546
-224.49 0.00072728
-183.673 0.000693129
-142.857 0.000642145
-102.041 0.000571058
-61.2245 0.000476351
-20.4082 0.000354387
20.4082 0.000201614
61.2245 1.4854e-05
102.041 -0.000208306
142.857 -0.000469027
183.673 -0.000766655
224.49 -0.00109814
265.306 -0.00145747
306.122 -0.00183537
346.939 -0.00221914
387.755 -0.00259306
428.571 -0.00293921
469.388 -0.00323884
510.204 -0.00347409
551.02 -0.00362992
591.837 -0.0036959
632.653 -0.00366749
673.469 -0.00354666
714.286 -0.00334159
755.102 -0.00306569
795.918 -0.0027359
836.735 -0.00237086
877.551 -0.00198899
918.367 -0.00160704
959.184 -0.00123897
1000 -0.00089545
