-1000 0.16125
-959.184 0.196639
-918.367 0.245748
-877.551 0.317707
-836.735 0.431398
-795.918 0.630693
-755.102 1.02
-714.286 1.59939
-673.469 -1.69604
-632.653 -2.64534
-591.837 2.06518
-551.02 -4.99941
-510.204 2.08147
-469.388 -1.66673
-428.571 -1.24185
-387.755 1.57707
-346.939 -5.58662
-306.122 1.18886
-265.306 1.32495
-224.49 0.791732
-183.673 0.515792
-142.857 0.367478
-102.041 0.278025
-61.2245 0.219047
-20.4082 0.1776
20.4082 0.147078
61.2245 0.123791
102.041 0.105531
142.857 0.0908986
183.673 0.078967
224.49 0.0690985
265.306 0.0608398
306.122 0.0538598
346.939 0.0479107
387.755 0.0428035
428.571 0.0383912
469.388 0.0345579
510.204 0.0312108
551.02 0.0282751
591.837 0.0256896
632.653 0.0234038
673.469 0.0213758
714.286 0.0195707
755.102 0.0179591
795.918 0.0165159
836.735 0.0152202
877.551 0.0140538
918.367 0.0130011
959.184 0.012049
1000 0.0111858
