-1000 0.00189609
-959.184 0.00203701
-918.367 0.00219218
-877.551 0.00236343
-836.735 0.00255291
-795.918 0.00276308
-755.102 0.00299682
-714.286 0.00325753
-673.469 0.00354917
-632.653 0.00387644
-591.837 0.00424492
-551.02 0.00466123
-510.204 0.00513335
-469.388 0.00567086
-428.571 0.00628536
-387.755 0.00699101
-346.939 0.00780517
-306.122 0.00874926
-265.306 0.00984993
-224.49 0.0111406
-183.673 0.0126634
-142.857 0.0144722
-102.041 0.0166362
-61.2245 0.0192452
-20.4082 0.0224175
20.4082 0.0263101
61.2245 0.0311347
102.041 0.0371806
142.857 0.0448498
183.673 0.0547111
224.49 0.0675875
265.306 0.0847027
306.122 0.107939
346.939 0.140327
387.755 0.187061
428.571 0.257847
469.388 0.373028
510.204 0.58089
551.02 0.9934
591.837 1.46417
632.653 -3.3211
673.469 -1.37263
714.286 0.962805
755.102 -5.65315
795.918 1.14816
836.735 1.17342
877.551 0.676037
918.367 0.422152
959.184 0.286332
1000 0.205138
