-1000 0.0110992
-959.184 0.0123595
-918.367 0.0137977
-877.551 0.0154426
-836.735 0.0173274
-795.918 0.0194896
-755.102 0.0219705
-714.286 0.0248113
-673.469 0.0280434
-632.653 0.0316661
-591.837 0.0355901
-551.02 0.0395034
-510.204 0.0425422
-469.388 0.0424849
-428.571 0.0338549
-387.755 0.00422556
-346.939 -0.0682326
-306.122 -0.194882
-265.306 -0.309796
-224.49 -0.2898
-183.673 -0.159728
-142.857 -0.0448117
-102.041 0.0146674
-61.2245 0.0373323
-20.4082 0.0430055
20.4082 0.0419504
61.2245 0.0385589
102.041 0.0345921
142.857 0.0307263
183.673 0.0271978
224.49 0.0240653
265.306 0.0213181
306.122 0.0189208
346.939 0.0168317
387.755 0.0150103
428.571 0.01342
469.388 0.0120288
510.204 0.010809
551.02 0.00973707
591.837 0.00879276
632.653 0.00795889
673.469 0.00722077
714.286 0.00656586
755.102 0.00598341
795.918 0.00546421
836.735 0.00500034
877.551 0.00458499
918.367 0.00421227
959.184 0.0038771
1000 0.00357507
