-1000 0.00165383
-959.184 0.00176366
-918.367 0.00188285
-877.551 0.00201233
-836.735 0.00215313
-795.918 0.00230635
-755.102 0.00247323
-714.286 0.0026551
-673.469 0.00285337
-632.653 0.00306958
-591.837 0.00330533
-551.02 0.00356225
-510.204 0.00384199
-469.388 0.00414607
-428.571 0.00447578
-387.755 0.00483202
-346.939 0.00521495
-306.122 0.00562365
-265.306 0.00605552
-224.49 0.00650548
-183.673 0.00696492
-142.857 0.00742022
-102.041 0.00785093
-61.2245 0.00822742
-20.4082 0.00850827
20.4082 0.00863756
61.2245 0.00854281
102.041 0.00813472
142.857 0.00731059
183.673 0.00596368
224.49 0.00400039
265.306 0.00136526
306.122 -0.00193055
346.939 -0.00578696
387.755 -0.0100114
428.571 -0.0143421
469.388 -0.0184955
510.204 -0.0222186
551.02 -0.025327
591.837 -0.0277157
632.653 -0.0293447
673.469 -0.0302116
714.286 -0.0303244
755.102 -0.0296845
795.918 -0.0282847
836.735 -0.026122
877.551 -0.0232219
918.367 -0.0196676
959.184 -0.0156193
1000 -0.0113124
