-1000 0.139923
-959.184 0.178949
-918.367 0.235025
-877.551 0.319046
-836.735 0.452242
-795.918 0.681068
-755.102 1.11164
-714.286 1.74308
-673.469 -1.49399
-632.653 -2.38419
-591.837 2.38388
-551.02 -4.62193
-510.204 2.52628
-469.388 -1.13304
-428.571 -0.573417
-387.755 2.48038
-346.939 -4.2279
-306.122 3.01855
-265.306 -2.02005
-224.49 0.490102
-183.673 2.02698
-142.857 -3.70926
-102.041 3.20217
-61.2245 -2.94229
-20.4082 1.35105
20.4082 1.35105
61.2245 -2.94229
102.041 3.20217
142.857 -3.70926
183.673 2.02698
224.49 0.490102
265.306 -2.02005
306.122 3.01855
346.939 -4.2279
387.755 2.48038
428.571 -0.573417
469.388 -1.13304
510.204 2.52628
551.02 -4.62193
591.837 2.38388
632.653 -2.38419
673.469 -1.49399
714.286 1.74308
755.102 1.11164
795.918 0.681068
836.735 0.452242
877.551 0.319046
918.367 0.235025
959.184 0.178949
1000 0.139923
