-1000 0.00264249
-959.184 0.0027689
-918.367 0.00289693
-877.551 0.00302505
-836.735 0.0031512
-795.918 0.00327274
-755.102 0.00338625
-714.286 0.00348739
-673.469 0.00357075
-632.653 0.00362959
-591.837 0.00365567
-551.02 0.00363904
-510.204 0.00356784
-469.388 0.00342821
-428.571 0.0032043
-387.755 0.00287843
-346.939 0.00243159
-306.122 0.00184425
-265.306 0.00109773
-224.49 0.000176029
-183.673 -0.000931748
-142.857 -0.00222847
-102.041 -0.00370589
-61.2245 -0.0053418
-20.4082 -0.00709797
20.4082 -0.0089196
61.2245 -0.0107368
102.041 -0.0124683
142.857 -0.0140274
183.673 -0.0153293
224.49 -0.0162988
265.306 -0.0168778
306.122 -0.0170306
346.939 -0.0167477
387.755 -0.0160467
428.571 -0.0149704
469.388 -0.0135829
510.204 -0.0119629
551.02 -0.0101968
591.837 -0.00837014
632.653 -0.00656144
673.469 -0.00483634
714.286 -0.00324471
755.102 -0.00181986
795.918 -0.00057952
836.735 0.00047171
877.551 0.00133943
918.367 0.00203635
959.184 0.00257951
1000 0.00298801
