-1000 0.00265752
-959.184 0.00260976
-918.367 0.00252127
-877.551 0.00238304
-836.735 0.00218487
-795.918 0.00191533
-755.102 0.00156204
-714.286 0.001112
-673.469 0.000552237
-632.653 -0.000129267
-591.837 -0.00094222
-551.02 -0.00189227
-510.204 -0.00297887
-469.388 -0.00419284
-428.571 -0.00551398
-387.755 -0.00690915
-346.939 -0.00833134
-306.122 -0.0097205
-265.306 -0.0110066
-224.49 -0.0121151
-183.673 -0.0129744
-142.857 -0.0135246
-102.041 -0.0137251
-61.2245 -0.0135608
-20.4082 -0.0130442
20.4082 -0.0122133
61.2245 -0.0111267
102.041 -0.00985496
142.857 -0.00847283
183.673 -0.00705105
224.49 -0.00565084
265.306 -0.00432057
306.122 -0.00309478
346.939 -0.00199487
387.755 -0.00103101
428.571 -0.000204515
469.388 0.000489749
510.204 0.00106117
551.02 0.0015216
591.837 0.00188398
632.653 0.00216132
673.469 0.0023661
714.286 0.00250984
755.102 0.00260288
795.918 0.00265434
836.735 0.00267213
877.551 0.00266298
918.367 0.00263262
959.184 0.00258583
1000 0.00252656
