-1000 0.00265932
-959.184 0.00298712
-918.367 0.0033707
-877.551 0.00382236
-836.735 0.00435776
-795.918 0.00499708
-755.102 0.00576652
-714.286 0.00670059
-673.469 0.00784522
-632.653 0.00926239
-591.837 0.011037
-551.02 0.0132873
-510.204 0.0161805
-469.388 0.0199585
-428.571 0.024978
-387.755 0.0317784
-346.939 0.0411974
-306.122 0.0545778
-265.306 0.0741526
-224.49 0.103813
-183.673 0.150774
-142.857 0.229664
-102.041 0.373856
-61.2245 0.664179
-20.4082 1.14847
20.4082 -1.09748
61.2245 -5.29233
102.041 1.05081
142.857 0.874881
183.673 0.478868
224.49 0.283208
265.306 0.180976
306.122 0.122176
346.939 0.0859259
387.755 0.0624382
428.571 0.0466216
469.388 0.0356275
510.204 0.0277764
551.02 0.0220366
591.837 0.017753
632.653 0.0144973
673.469 0.0119821
714.286 0.0100106
755.102 0.00844477
795.918 0.00718635
836.735 0.00616405
877.551 0.00532538
918.367 0.00463119
959.184 0.00405184
1000 0.00356467
