-1000 0.000940558
-959.184 0.000961384
-918.367 0.000967854
-877.551 0.000954191
-836.735 0.000913147
-795.918 0.000835885
-755.102 0.000712004
-714.286 0.000529852
-673.469 0.00027729
-632.653 -5.68898e-05
-591.837 -0.00048073
-551.02 -0.000996005
-510.204 -0.0015945
-469.388 -0.00225441
-428.571 -0.00293806
-387.755 -0.00359269
-346.939 -0.00415556
-306.122 -0.00456369
-265.306 -0.00476638
-224.49 -0.00473692
-183.673 -0.00447927
-142.857 -0.004027
-102.041 -0.00343509
-61.2245 -0.00276758
-20.4082 -0.00208546
20.4082 -0.00143801
61.2245 -0.000858856
102.041 -0.000366126
142.857 3.48271e-05
183.673 0.000347678
224.49 0.000581519
265.306 0.000747966
306.122 0.00085914
346.939 0.00092643
387.755 0.000959864
428.571 0.000967875
469.388 0.000957328
510.204 0.000933662
551.02 0.000901099
591.837 0.000862853
632.653 0.000821328
673.469 0.000778293
714.286 0.000735022
755.102 0.000692412
795.918 0.000651076
836.735 0.000611414
877.551 0.00057367
918.367 0.000537973
959.184 0.000504371
1000 0.000472854
