-1000 -0.000676351
-959.184 -0.000744587
-918.367 -0.000805126
-877.551 -0.000855606
-836.735 -0.000893934
-795.918 -0.000918442
-755.102 -0.000928032
-714.286 -0.000922267
-673.469 -0.00090141
-632.653 -0.000866401
-591.837 -0.000818777
-551.02 -0.000760539
-510.204 -0.000693998
-469.388 -0.000621602
-428.571 -0.000545783
-387.755 -0.000468814
-346.939 -0.000392711
-306.122 -0.000319168
-265.306 -0.000249523
-224.49 -0.00018476
-183.673 -0.000125529
-142.857 -7.21899e-05
-102.041 -2.48524e-05
-61.2245 1.65701e-05
-20.4082 5.23136e-05
20.4082 8.272e-05
61.2245 0.0001082
102.041 0.000129201
142.857 0.000146184
183.673 0.000159605
224.49 0.000169903
265.306 0.000177489
306.122 0.000182741
346.939 0.000186004
387.755 0.000187586
428.571 0.000187762
469.388 0.000186772
510.204 0.000184826
551.02 0.000182106
591.837 0.00017877
632.653 0.000174951
673.469 0.000170763
714.286 0.000166302
755.102 0.000161648
795.918 0.000156871
836.735 0.000152024
877.551 0.000147156
918.367 0.000142302
959.184 0.000137495
1000 0.000132758
