-1000 0.00152822
-959.184 0.00162494
-918.367 0.00172881
-877.551 0.00184029
-836.735 0.00195983
-795.918 0.00208785
-755.102 0.00222472
-714.286 0.00237069
-673.469 0.00252587
-632.653 0.00269016
-591.837 0.00286312
-551.02 0.0030439
-510.204 0.00323101
-469.388 0.00342219
-428.571 0.00361404
-387.755 0.00380177
-346.939 0.00397873
-306.122 0.00413589
-265.306 0.00426129
-224.49 0.0043394
-183.673 0.0043505
-142.857 0.0042702
-102.041 0.0040693
-61.2245 0.00371419
-20.4082 0.00316828
20.4082 0.00239474
61.2245 0.00136083
102.041 4.39626e-05
142.857 -0.00156117
183.673 -0.00343554
224.49 -0.00553078
265.306 -0.00776826
306.122 -0.0100437
346.939 -0.0122367
387.755 -0.0142241
428.571 -0.0158924
469.388 -0.0171482
510.204 -0.0179232
551.02 -0.018177
591.837 -0.0178966
632.653 -0.0170963
673.469 -0.0158181
714.286 -0.0141314
755.102 -0.0121309
795.918 -0.00993081
836.735 -0.00765454
877.551 -0.00542187
918.367 -0.00333605
959.184 -0.00147425
1000 0.000116696
