-1000 0.0335577
-959.184 0.0279874
-918.367 0.0160251
-877.551 -0.00437668
-836.735 -0.0335167
-795.918 -0.0681099
-755.102 -0.101467
-714.286 -0.126883
-673.469 -0.140664
-632.653 -0.141637
-591.837 -0.12974
-551.02 -0.105915
-510.204 -0.0733775
-469.388 -0.0384932
-428.571 -0.00822359
-387.755 0.0135398
-346.939 0.026658
-306.122 0.033038
-265.306 0.034944
-224.49 0.0342092
-183.673 0.032087
-142.857 0.0293554
-102.041 0.0264641
-61.2245 0.023656
-20.4082 0.0210501
20.4082 0.0186941
61.2245 0.0165969
102.041 0.0147469
142.857 0.0131234
183.673 0.0117023
224.49 0.0104595
265.306 0.00937208
306.122 0.0084196
346.939 0.00758389
387.755 0.00684911
428.571 0.0062016
469.388 0.00562959
510.204 0.005123
551.02 0.00467319
591.837 0.00427279
632.653 0.00391545
673.469 0.00359575
714.286 0.00330902
755.102 0.00305124
795.918 0.00281895
836.735 0.00260915
877.551 0.00241926
918.367 0.00224701
959.184 0.00209045
1000 0.00194786
