-1000 0.00263856
-959.184 0.00268838
-918.367 0.00271159
-877.551 0.00269958
-836.735 0.00264212
-795.918 0.00252727
-755.102 0.00234154
-714.286 0.00207022
-673.469 0.00169805
-632.653 0.00121024
-591.837 0.000594017
-551.02 -0.000159481
-510.204 -0.00105293
-469.388 -0.00208057
-428.571 -0.00322622
-387.755 -0.0044622
-346.939 -0.00574954
-306.122 -0.0070396
-265.306 -0.0082773
-224.49 -0.00940531
-183.673 -0.0103687
-142.857 -0.0111191
-102.041 -0.0116184
-61.2245 -0.0118413
-20.4082 -0.0117763
20.4082 -0.0114267
61.2245 -0.0108104
102.041 -0.00995881
142.857 -0.0089149
183.673 -0.00773048
224.49 -0.00646216
265.306 -0.0051668
306.122 -0.00389707
346.939 -0.00269757
387.755 -0.0016023
428.571 -0.000633709
469.388 0.000196923
510.204 0.000887894
551.02 0.00144495
591.837 0.00187898
632.653 0.00220388
673.469 0.00243481
714.286 0.00258688
755.102 0.00267433
795.918 0.00270996
836.735 0.00270495
877.551 0.0026688
918.367 0.0026094
959.184 0.00253321
1000 0.0024454
