-1000 0.000993533
-959.184 0.00107453
-918.367 0.00116098
-877.551 0.00125228
-836.735 0.00134724
-795.918 0.00144383
-755.102 0.00153885
-714.286 0.0016274
-673.469 0.00170232
-632.653 0.00175331
-591.837 0.00176599
-551.02 0.0017209
-510.204 0.00159249
-469.388 0.00134875
-428.571 0.000952009
-387.755 0.00036207
-346.939 -0.000456909
-306.122 -0.00152461
-265.306 -0.00282791
-224.49 -0.00430261
-183.673 -0.00582123
-142.857 -0.00719821
-102.041 -0.00822154
-61.2245 -0.00870836
-20.4082 -0.00856437
20.4082 -0.00781793
61.2245 -0.00660961
102.041 -0.00514317
142.857 -0.00362442
183.673 -0.00221499
224.49 -0.00101322
265.306 -5.8215e-05
306.122 0.000653957
346.939 0.00115205
387.755 0.001475
428.571 0.00166248
469.388 0.00174982
510.204 0.00176614
551.02 0.00173414
591.837 0.00167087
632.653 0.00158875
673.469 0.00149655
714.286 0.00140033
755.102 0.00130416
795.918 0.00121066
836.735 0.00112143
877.551 0.00103738
918.367 0.000958942
959.184 0.000886214
1000 0.000819099
