-1000 0.000183511
-959.184 0.00019424
-918.367 0.000205791
-877.551 0.000218239
-836.735 0.00023167
-795.918 0.000246176
-755.102 0.000261861
-714.286 0.00027884
-673.469 0.000297239
-632.653 0.000317201
-591.837 0.00033888
-551.02 0.000362449
-510.204 0.000388099
-469.388 0.00041604
-428.571 0.000446503
-387.755 0.000479742
-346.939 0.000516033
-306.122 0.000555676
-265.306 0.00059899
-224.49 0.000646317
-183.673 0.000698006
-142.857 0.000754416
-102.041 0.000815887
-61.2245 0.000882727
-20.4082 0.00095517
20.4082 0.00103333
61.2245 0.0011171
102.041 0.00120609
142.857 0.00129941
183.673 0.0013955
224.49 0.00149179
265.306 0.00158432
306.122 0.00166713
346.939 0.0017316
387.755 0.00176552
428.571 0.00175211
469.388 0.00166896
510.204 0.00148728
551.02 0.00117202
591.837 0.000683644
632.653 -1.70058e-05
673.469 -0.000959501
714.286 -0.00214943
755.102 -0.00355027
795.918 -0.0050669
836.735 -0.00654062
877.551 -0.00776694
918.367 -0.00854058
959.184 -0.00871643
1000 -0.00825986
