-1000 0.000394788
-959.184 0.000418396
-918.367 0.000443849
-877.551 0.000471321
-836.735 0.000501003
-795.918 0.000533111
-755.102 0.00056788
-714.286 0.000605574
-673.469 0.000646481
-632.653 0.000690923
-591.837 0.000739256
-551.02 0.000791871
-510.204 0.0008492
-469.388 0.000911718
-428.571 0.000979942
-387.755 0.00105444
-346.939 0.0011358
-306.122 0.00122469
-265.306 0.00132178
-224.49 0.00142775
-183.673 0.00154329
-142.857 0.00166904
-102.041 0.00180552
-61.2245 0.00195307
-20.4082 0.00211171
20.4082 0.00228094
61.2245 0.00245953
102.041 0.00264509
142.857 0.00283361
183.673 0.00301873
224.49 0.00319084
265.306 0.00333585
306.122 0.00343367
346.939 0.00345649
387.755 0.00336687
428.571 0.00311635
469.388 0.00264506
510.204 0.00188403
551.02 0.000761902
591.837 -0.000781698
632.653 -0.0027749
673.469 -0.00518601
714.286 -0.00789637
755.102 -0.0106863
795.918 -0.0132488
836.735 -0.0152393
877.551 -0.0163536
918.367 -0.0164083
959.184 -0.0153944
1000 -0.0134792
