-1000 0.0326563
-959.184 0.0348553
-918.367 0.0372287
-877.551 0.0397891
-836.735 0.0425488
-795.918 0.0455192
-755.102 0.0487095
-714.286 0.0521248
-673.469 0.0557634
-632.653 0.0596121
-591.837 0.0636396
-551.02 0.0677849
-510.204 0.0719395
-469.388 0.0759195
-428.571 0.079421
-387.755 0.0819513
-346.939 0.0827295
-306.122 0.0805593
-265.306 0.0737194
-224.49 0.060025
-183.673 0.0373887
-142.857 0.00523428
-102.041 -0.0336706
-61.2245 -0.0730715
-20.4082 -0.106457
20.4082 -0.13069
61.2245 -0.146092
102.041 -0.154662
142.857 -0.158655
183.673 -0.159815
224.49 -0.159426
265.306 -0.158302
306.122 -0.156955
346.939 -0.155744
387.755 -0.154825
428.571 -0.154344
469.388 -0.154333
510.204 -0.154789
551.02 -0.15569
591.837 -0.15689
632.653 -0.158236
673.469 -0.159382
714.286 -0.159824
755.102 -0.158768
795.918 -0.154953
836.735 -0.146663
877.551 -0.131657
918.367 -0.107894
959.184 -0.0749269
1000 -0.0356898
