-1000 -0.00208935
-959.184 -0.00274848
-918.367 -0.00342138
-877.551 -0.00407182
-836.735 -0.00465814
-795.918 -0.00513752
-755.102 -0.00547143
-714.286 -0.00563125
-673.469 -0.00560274
-632.653 -0.00538848
-591.837 -0.00500737
-551.02 -0.00449156
-510.204 -0.00388146
-469.388 -0.00322009
-428.571 -0.00254784
-387.755 -0.00189874
-346.939 -0.00129834
-306.122 -0.000763264
-265.306 -0.000302042
-224.49 8.34198e-05
-183.673 0.000396047
-142.857 0.000641908
-102.041 0.00082879
-61.2245 0.000965113
-20.4082 0.00105918
20.4082 0.00111869
61.2245 0.00115053
102.041 0.00116064
142.857 0.00115403
183.673 0.00113484
224.49 0.00110643
265.306 0.0010715
306.122 0.0010322
346.939 0.000990187
387.755 0.000946749
428.571 0.000902866
469.388 0.000859266
510.204 0.000816488
551.02 0.000774913
591.837 0.000734805
632.653 0.000696335
673.469 0.000659606
714.286 0.000624664
755.102 0.000591517
795.918 0.000560146
836.735 0.000530506
877.551 0.000502541
918.367 0.000476185
959.184 0.000451364
1000 0.000428002
