-1000 6.81595e-05
-959.184 3.51324e-05
-918.367 -3.41353e-06
-877.551 -4.77723e-05
-836.735 -9.81111e-05
-795.918 -0.000154424
-755.102 -0.000216483
-714.286 -0.000283789
-673.469 -0.000355528
-632.653 -0.00043054
-591.837 -0.000507309
-551.02 -0.000583973
-510.204 -0.000658378
-469.388 -0.000728154
-428.571 -0.000790845
-387.755 -0.00084405
-346.939 -0.000885591
-306.122 -0.000913681
-265.306 -0.000927069
-224.49 -0.000925145
-183.673 -0.000907998
-142.857 -0.000876405
-102.041 -0.000831763
-61.2245 -0.000775971
-20.4082 -0.000711278
20.4082 -0.000640115
61.2245 -0.000564931
102.041 -0.000488048
142.857 -0.000411557
183.673 -0.000337235
224.49 -0.000266509
265.306 -0.000200452
306.122 -0.000139794
346.939 -8.49627e-05
387.755 -3.61259e-05
428.571 6.75825e-06
469.388 4.38928e-05
510.204 7.55971e-05
551.02 0.000102267
591.837 0.000124345
632.653 0.000142289
673.469 0.000156559
714.286 0.000167599
755.102 0.000175826
795.918 0.000181628
836.735 0.000185357
877.551 0.000187333
918.367 0.000187836
959.184 0.000187116
1000 0.000185391
