-1000 0.00051801
-959.184 0.000521098
-918.367 0.000520119
-877.551 0.000514132
-836.735 0.000502057
-795.918 0.000482667
-755.102 0.000454585
-714.286 0.000416296
-673.469 0.000366166
-632.653 0.000302481
-591.837 0.000223508
-551.02 0.000127577
-510.204 1.32025e-05
-469.388 -0.000120767
-428.571 -0.000274968
-387.755 -0.000449313
-346.939 -0.000642768
-306.122 -0.000853138
-265.306 -0.00107689
-224.49 -0.00130906
-183.673 -0.00154325
-142.857 -0.00177179
-102.041 -0.0019861
-61.2245 -0.00217715
-20.4082 -0.00233617
20.4082 -0.00245531
61.2245 -0.00252837
102.041 -0.00255144
142.857 -0.00252327
183.673 -0.00244538
224.49 -0.00232195
265.306 -0.00215935
306.122 -0.00196556
346.939 -0.00174943
387.755 -0.00151995
428.571 -0.00128564
469.388 -0.00105405
510.204 -0.00083143
551.02 -0.000622615
591.837 -0.000430993
632.653 -0.000258633
673.469 -0.000106465
714.286 2.55061e-05
755.102 0.000137977
795.918 0.000232142
836.735 0.000309509
877.551 0.00037176
918.367 0.00042063
959.184 0.000457826
1000 0.000484973
