-1000 0.00100054
-959.184 0.00105181
-918.367 0.00110624
-877.551 0.00116403
-836.735 0.00122539
-795.918 0.00129052
-755.102 0.00135966
-714.286 0.00143301
-673.469 0.00151081
-632.653 0.00159325
-591.837 0.00168053
-551.02 0.00177283
-510.204 0.00187029
-469.388 0.00197299
-428.571 0.00208094
-387.755 0.00219406
-346.939 0.00231214
-306.122 0.00243478
-265.306 0.00256138
-224.49 0.00269101
-183.673 0.00282236
-142.857 0.00295363
-102.041 0.00308235
-61.2245 0.00320525
-20.4082 0.00331796
20.4082 0.0034148
61.2245 0.00348837
102.041 0.0035291
142.857 0.00352479
183.673 0.00345991
224.49 0.00331493
265.306 0.00306558
306.122 0.00268217
346.939 0.00212916
387.755 0.00136537
428.571 0.000345344
469.388 -0.000977206
510.204 -0.00264277
551.02 -0.00467495
591.837 -0.0070643
632.653 -0.00974812
673.469 -0.012591
714.286 -0.0153754
755.102 -0.0178149
795.918 -0.0195993
836.735 -0.0204668
877.551 -0.0202794
918.367 -0.0190676
959.184 -0.0170199
1000 -0.0144243
