-1000 0.0155669
-959.184 0.0180411
-918.367 0.0210674
-877.551 0.0248082
-836.735 0.0294865
-795.918 0.0354136
-755.102 0.0430325
-714.286 0.0529872
-673.469 0.0662359
-632.653 0.0842437
-591.837 0.109322
-551.02 0.145253
-510.204 0.198537
-469.388 0.281077
-428.571 0.416826
-387.755 0.659894
-346.939 1.12921
-306.122 1.61479
-265.306 -3.55431
-224.49 -0.526822
-183.673 1.23509
-142.857 -4.45779
-102.041 2.34503
-61.2245 -4.12418
-20.4082 -0.433328
20.4082 1.55335
61.2245 0.9295
102.041 0.556881
142.857 0.360857
183.673 0.247739
224.49 0.17733
265.306 0.131114
306.122 0.0995445
346.939 0.0772782
387.755 0.0611461
428.571 0.0491858
469.388 0.0401385
510.204 0.0331728
551.02 0.0277253
591.837 0.0234052
632.653 0.0199363
673.469 0.0171192
714.286 0.0148082
755.102 0.0128946
795.918 0.0112967
836.735 0.00995212
877.551 0.00881258
918.367 0.00784049
959.184 0.0070062
1000 0.00628616
