-1000 0.00873224
-959.184 0.0100266
-918.367 0.0115866
-877.551 0.0134826
-836.735 0.0158073
-795.918 0.0186844
-755.102 0.0222799
-714.286 0.026817
-673.469 0.0325949
-632.653 0.0400076
-591.837 0.0495488
-551.02 0.0617572
-510.204 0.0769716
-469.388 0.0945362
-428.571 0.11062
-387.755 0.113414
-346.939 0.0778745
-306.122 -0.019547
-265.306 -0.139596
-224.49 -0.1943
-183.673 -0.205405
-142.857 -0.208719
-102.041 -0.198521
-61.2245 -0.207757
-20.4082 -0.206443
20.4082 -0.19603
61.2245 -0.148869
102.041 -0.0320615
142.857 0.071022
183.673 0.11211
224.49 0.111798
265.306 0.0963223
306.122 0.0786498
346.939 0.0631423
387.755 0.0506411
428.571 0.040857
469.388 0.0332552
510.204 0.0273333
551.02 0.022687
591.837 0.0190085
632.653 0.0160678
673.469 0.013694
714.286 0.0117597
755.102 0.0101696
795.918 0.00885136
836.735 0.00774993
877.551 0.00682292
918.367 0.00603737
959.184 0.00536748
1000 0.00479282
