-1000 0.00328874
-959.184 0.00335552
-918.367 0.00337627
-877.551 0.00333284
-836.735 0.00320208
-795.918 0.00295511
-755.102 0.00255666
-714.286 0.00196511
-673.469 0.00113357
-632.653 1.3114e-05
-591.837 -0.00144093
-551.02 -0.00325814
-510.204 -0.005437
-469.388 -0.00792464
-428.571 -0.0105968
-387.755 -0.013247
-346.939 -0.0155984
-306.122 -0.0173458
-265.306 -0.018227
-224.49 -0.0180984
-183.673 -0.0169814
-142.857 -0.0150554
-102.041 -0.0126008
-61.2245 -0.00992132
-20.4082 -0.0072792
20.4082 -0.0048602
61.2245 -0.00276916
102.041 -0.00104414
142.857 0.000322914
183.673 0.00136664
224.49 0.00213359
265.306 0.00267265
306.122 0.00302957
346.939 0.00324443
387.755 0.00335089
428.571 0.00337631
469.388 0.00334252
510.204 0.00326659
551.02 0.00316168
591.837 0.00303782
632.653 0.00290255
673.469 0.00276149
714.286 0.00261873
755.102 0.00247721
795.918 0.00233901
836.735 0.00220552
877.551 0.00207767
918.367 0.00195597
959.184 0.00184072
1000 0.00173196
