-1000 0.0268335
-959.184 0.0304417
-918.367 0.0343845
-877.551 0.0384587
-836.735 0.0422171
-795.918 0.0448117
-755.102 0.0448344
-714.286 0.0403321
-673.469 0.0293744
-632.653 0.0115064
-591.837 -0.0106072
-551.02 -0.0316347
-510.204 -0.0469914
-469.388 -0.0554257
-428.571 -0.058186
-387.755 -0.0573441
-346.939 -0.0546912
-306.122 -0.0513715
-265.306 -0.0481079
-224.49 -0.0452186
-183.673 -0.0428773
-142.857 -0.041156
-102.041 -0.0400395
-61.2245 -0.0395684
-20.4082 -0.0397019
20.4082 -0.0404637
61.2245 -0.0418566
102.041 -0.0438536
142.857 -0.0464615
183.673 -0.0495415
224.49 -0.0528924
265.306 -0.0560242
306.122 -0.058038
346.939 -0.0575177
387.755 -0.0524417
428.571 -0.0409429
469.388 -0.0226651
510.204 -0.000440714
551.02 0.0203155
591.837 0.0351903
632.653 0.0430548
673.469 0.0452576
714.286 0.0438638
755.102 0.0406077
795.918 0.0366303
836.735 0.0325777
877.551 0.0287703
918.367 0.0253402
959.184 0.022319
1000 0.0196897
