-1000 0.00787964
-959.184 0.00825849
-918.367 0.00859415
-877.551 0.00885892
-836.735 0.00901584
-795.918 0.00901654
-755.102 0.00879892
-714.286 0.00828526
-673.469 0.00738133
-632.653 0.00597772
-591.837 0.00395522
-551.02 0.00119643
-510.204 -0.00239409
-469.388 -0.00686011
-428.571 -0.0121568
-387.755 -0.0181143
-346.939 -0.0244158
-306.122 -0.0306061
-265.306 -0.0361399
-224.49 -0.0404631
-183.673 -0.0431086
-142.857 -0.0437786
-102.041 -0.0423965
-61.2245 -0.0391197
-20.4082 -0.0343133
20.4082 -0.0284852
61.2245 -0.022197
102.041 -0.0159706
142.857 -0.0102161
183.673 -0.00519791
224.49 -0.00103857
265.306 0.00225249
306.122 0.00474106
346.939 0.00653317
387.755 0.00774866
428.571 0.00850426
469.388 0.00890443
510.204 0.00903764
551.02 0.00897595
591.837 0.00877641
632.653 0.00848314
673.469 0.00812962
714.286 0.0077408
755.102 0.00733495
795.918 0.00692519
836.735 0.00652075
877.551 0.00612791
918.367 0.00575077
959.184 0.00539184
1000 0.00505246
