-1000 0.00277113
-959.184 0.00289093
-918.367 0.00301294
-877.551 0.00313627
-836.735 0.00325973
-795.918 0.00338181
-755.102 0.00350059
-714.286 0.00361367
-673.469 0.00371804
-632.653 0.00380998
-591.837 0.00388495
-551.02 0.00393742
-510.204 0.00396073
-469.388 0.00394692
-428.571 0.00388657
-387.755 0.00376867
-346.939 0.00358048
-306.122 0.00330757
-265.306 0.00293387
-224.49 0.00244196
-183.673 0.00181361
-142.857 0.00103064
-102.041 7.62643e-05
-61.2245 -0.00106309
-20.4082 -0.00239547
20.4082 -0.00392052
61.2245 -0.00562643
102.041 -0.00748689
142.857 -0.00945877
183.673 -0.0114812
224.49 -0.0134764
265.306 -0.0153539
306.122 -0.0170164
346.939 -0.0183685
387.755 -0.0193269
428.571 -0.019829
469.388 -0.0198414
510.204 -0.0193632
551.02 -0.0184264
591.837 -0.0170921
632.653 -0.015443
673.469 -0.0135739
714.286 -0.0115823
755.102 -0.00955927
795.918 -0.00758327
836.735 -0.00571607
877.551 -0.00400168
918.367 -0.00246719
959.184 -0.00112509
1000 2.37835e-05
