-1000 0.000993465
-959.184 0.00105222
-918.367 0.00111304
-877.551 0.00117534
-836.735 0.00123829
-795.918 0.0013007
-755.102 0.00136093
-714.286 0.00141677
-673.469 0.00146528
-632.653 0.00150261
-591.837 0.00152377
-551.02 0.00152243
-510.204 0.00149064
-469.388 0.00141866
-428.571 0.0012948
-387.755 0.00110548
-346.939 0.000835567
-306.122 0.000469212
-265.306 -8.67684e-06
-224.49 -0.000610033
-183.673 -0.00134025
-142.857 -0.00219392
-102.041 -0.00315022
-61.2245 -0.0041691
-20.4082 -0.00518991
20.4082 -0.00613435
61.2245 -0.00691507
102.041 -0.00744941
142.857 -0.00767549
183.673 -0.00756584
224.49 -0.00713388
265.306 -0.00643071
306.122 -0.00553355
346.939 -0.00452986
387.755 -0.00350239
428.571 -0.00251856
469.388 -0.00162569
510.204 -0.000850954
551.02 -0.000204654
591.837 0.000315345
632.653 0.000719122
673.469 0.00102098
714.286 0.00123673
755.102 0.00138186
795.918 0.00147058
836.735 0.00151523
877.551 0.00152623
918.367 0.00151215
959.184 0.00147985
1000 0.00143476
