-1000 0.00686818
-959.184 0.00695648
-918.367 0.00694419
-877.551 0.00679826
-836.735 0.00647948
-795.918 0.00594287
-755.102 0.00513906
-714.286 0.00401711
-673.469 0.00252921
-632.653 0.000637361
-591.837 -0.00167806
-551.02 -0.00440888
-510.204 -0.00751064
-469.388 -0.0108975
-428.571 -0.0144429
-387.755 -0.0179874
-346.939 -0.0213527
-306.122 -0.0243595
-265.306 -0.0268443
-224.49 -0.028673
-183.673 -0.0297491
-142.857 -0.0300168
-102.041 -0.0294624
-61.2245 -0.0281145
-20.4082 -0.0260431
20.4082 -0.0233586
61.2245 -0.0202066
102.041 -0.0167579
142.857 -0.0131934
183.673 -0.00968678
224.49 -0.00638731
265.306 -0.00340778
306.122 -0.000819304
346.939 0.00134718
387.755 0.00309428
428.571 0.0044491
469.388 0.00545398
510.204 0.00615848
551.02 0.00661342
591.837 0.00686686
632.653 0.00696187
673.469 0.00693551
714.286 0.0068187
755.102 0.00663663
795.918 0.00640938
836.735 0.00615268
877.551 0.00587863
918.367 0.00559641
959.184 0.00531283
1000 0.00503284
