-1000 0.00171862
-959.184 0.00173357
-918.367 0.00173775
-877.551 0.00172875
-836.735 0.00170381
-795.918 0.00165982
-755.102 0.00159329
-714.286 0.00150038
-673.469 0.00137691
-632.653 0.00121845
-591.837 0.00102043
-551.02 0.000778291
-510.204 0.00048769
-469.388 0.000144813
-428.571 -0.000253291
-387.755 -0.000708293
-346.939 -0.00122012
-306.122 -0.00178649
-265.306 -0.00240245
-224.49 -0.00306
-183.673 -0.00374789
-142.857 -0.00445156
-102.041 -0.00515345
-61.2245 -0.0058335
-20.4082 -0.00647005
20.4082 -0.00704095
61.2245 -0.00752489
102.041 -0.00790277
142.857 -0.00815908
183.673 -0.00828297
224.49 -0.00826912
265.306 -0.00811814
306.122 -0.00783649
346.939 -0.00743602
387.755 -0.00693307
428.571 -0.00634729
469.388 -0.00570026
510.204 -0.00501415
551.02 -0.00431037
591.837 -0.00360854
632.653 -0.00292566
673.469 -0.00227563
714.286 -0.00166905
755.102 -0.00111328
795.918 -0.000612715
836.735 -0.00016915
877.551 0.000217728
918.367 0.00054988
959.184 0.000830463
1000 0.00106342
