-1000 0.00592994
-959.184 0.00641732
-918.367 0.00695718
-877.551 0.00755633
-836.735 0.00822259
-795.918 0.0089649
-755.102 0.00979349
-714.286 0.0107201
-673.469 0.0117579
-632.653 0.012922
-591.837 0.0142295
-551.02 0.015699
-510.204 0.017351
-469.388 0.0192073
-428.571 0.0212899
-387.755 0.0236188
-346.939 0.0262094
-306.122 0.029066
-265.306 0.0321729
-224.49 0.0354783
-183.673 0.0388691
-142.857 0.0421301
-102.041 0.0448813
-61.2245 0.046483
-20.4082 0.0459103
20.4082 0.0416193
61.2245 0.031515
102.041 0.0132896
142.857 -0.0144722
183.673 -0.0504329
224.49 -0.0894149
265.306 -0.12444
306.122 -0.15074
346.939 -0.167065
387.755 -0.174014
428.571 -0.1723
469.388 -0.161712
510.204 -0.141411
551.02 -0.111296
591.837 -0.0739147
632.653 -0.0353158
673.469 -0.00222435
714.286 0.0216846
755.102 0.0364056
795.918 0.0439049
836.735 0.0464863
877.551 0.0460356
918.367 0.0438758
959.184 0.040861
1000 0.0375134
