-1000 0.00205781
-959.184 0.0022233
-918.367 0.00240339
-877.551 0.00259887
-836.735 0.00281024
-795.918 0.0030376
-755.102 0.00328033
-714.286 0.00353677
-673.469 0.00380373
-632.653 0.00407575
-591.837 0.00434418
-551.02 0.00459592
-510.204 0.0048118
-469.388 0.00496455
-428.571 0.00501659
-387.755 0.00491768
-346.939 0.00460331
-306.122 0.00399485
-265.306 0.00300312
-224.49 0.00153792
-183.673 -0.000474578
-142.857 -0.00306601
-102.041 -0.00619515
-61.2245 -0.00972134
-20.4082 -0.0133956
20.4082 -0.0168808
61.2245 -0.0198018
102.041 -0.0218137
142.857 -0.0226667
183.673 -0.0222529
224.49 -0.0206248
265.306 -0.0179864
306.122 -0.014656
346.939 -0.0110063
387.755 -0.00739466
428.571 -0.00410495
469.388 -0.00131599
510.204 0.000898606
551.02 0.0025485
591.837 0.00369607
632.653 0.00442821
673.469 0.0048359
714.286 0.00500213
755.102 0.00499651
795.918 0.00487412
836.735 0.00467676
877.551 0.00443502
918.367 0.00417067
959.184 0.00389872
1000 0.00362923
