-1000 0.0113682
-959.184 0.0120508
-918.367 0.0127604
-877.551 0.0134911
-836.735 0.0142339
-795.918 0.0149755
-755.102 0.0156968
-714.286 0.016371
-673.469 0.0169603
-632.653 0.0174122
-591.837 0.0176548
-551.02 0.0175894
-510.204 0.0170824
-469.388 0.0159551
-428.571 0.0139733
-387.755 0.0108389
-346.939 0.0061925
-306.122 -0.00036318
-265.306 -0.00919708
-224.49 -0.0205238
-183.673 -0.0342177
-142.857 -0.0496198
-102.041 -0.0654566
-61.2245 -0.079991
-20.4082 -0.0913983
20.4082 -0.0981862
61.2245 -0.0994729
102.041 -0.0950932
142.857 -0.0856123
183.673 -0.0722705
224.49 -0.0567892
265.306 -0.0409996
306.122 -0.0264184
346.939 -0.0139829
387.755 -0.00403821
428.571 0.00350254
469.388 0.00895854
510.204 0.0127257
551.02 0.0151854
591.837 0.0166645
632.653 0.0174254
673.469 0.0176706
714.286 0.0175525
755.102 0.0171844
795.918 0.0166494
836.735 0.016008
877.551 0.015304
918.367 0.0145687
959.184 0.0138245
1000 0.0130871
