-1000 0.00109939
-959.184 0.000540372
-918.367 -0.00010012
-877.551 -0.000822117
-836.735 -0.00162298
-795.918 -0.00249699
-755.102 -0.00343518
-714.286 -0.00442518
-673.469 -0.0054515
-632.653 -0.00649591
-591.837 -0.00753809
-551.02 -0.00855646
-510.204 -0.00952907
-469.388 -0.0104345
-428.571 -0.0112528
-387.755 -0.0119659
-346.939 -0.0125585
-306.122 -0.013018
-265.306 -0.0133348
-224.49 -0.0135026
-183.673 -0.0135179
-142.857 -0.0133805
-102.041 -0.013093
-61.2245 -0.0126614
-20.4082 -0.0120945
20.4082 -0.0114044
61.2245 -0.0106058
102.041 -0.0097162
142.857 -0.00875534
183.673 -0.00774437
224.49 -0.0067052
265.306 -0.00565956
306.122 -0.00462808
346.939 -0.00362948
387.755 -0.00267985
428.571 -0.00179217
469.388 -0.000976116
510.204 -0.000238042
551.02 0.000418827
591.837 0.000994024
632.653 0.00148939
673.469 0.00190856
714.286 0.00225653
755.102 0.00253913
795.918 0.00276268
836.735 0.00293367
877.551 0.00305849
918.367 0.00314324
959.184 0.00319366
1000 0.00321498
