-1000 0.00126832
-959.184 0.00133022
-918.367 0.00139491
-877.551 0.00146235
-836.735 0.00153243
-795.918 0.00160496
-755.102 0.00167968
-714.286 0.0017562
-673.469 0.00183396
-632.653 0.00191224
-591.837 0.0019901
-551.02 0.00206628
-510.204 0.0021392
-469.388 0.00220686
-428.571 0.00226676
-387.755 0.00231577
-346.939 0.00235006
-306.122 0.00236496
-265.306 0.00235485
-224.49 0.00231299
-183.673 0.00223147
-142.857 0.00210114
-102.041 0.00191156
-61.2245 0.00165115
-20.4082 0.00130747
20.4082 0.00086768
61.2245 0.000319403
102.041 -0.000348138
142.857 -0.0011425
183.673 -0.00206598
224.49 -0.00311333
265.306 -0.00426926
306.122 -0.00550641
346.939 -0.00678412
387.755 -0.00804876
428.571 -0.00923619
469.388 -0.0102766
510.204 -0.0111014
551.02 -0.0116516
591.837 -0.0118855
632.653 -0.0117847
673.469 -0.0113573
714.286 -0.010636
755.102 -0.00967395
795.918 -0.00853685
836.735 -0.00729494
877.551 -0.00601536
918.367 -0.00475635
959.184 -0.00356391
1000 -0.00247066
