-1000 0.00050431
-959.184 0.000523968
-918.367 0.000543414
-877.551 0.000562349
-836.735 0.000580401
-795.918 0.000597109
-755.102 0.000611904
-714.286 0.000624091
-673.469 0.00063283
-632.653 0.000637112
-591.837 0.000635737
-551.02 0.000627289
-510.204 0.000610122
-469.388 0.000582341
-428.571 0.000541802
-387.755 0.000486128
-346.939 0.000412744
-306.122 0.000318949
-265.306 0.000202038
-224.49 5.94682e-05
-183.673 -0.0001109
-142.857 -0.000310497
-102.041 -0.000539667
-61.2245 -0.000797252
-20.4082 -0.00108016
20.4082 -0.00138298
61.2245 -0.00169774
102.041 -0.0020139
142.857 -0.00231866
183.673 -0.00259765
224.49 -0.00283605
265.306 -0.00301993
306.122 -0.00313777
346.939 -0.00318185
387.755 -0.00314921
428.571 -0.00304205
469.388 -0.00286743
510.204 -0.00263636
551.02 -0.00236251
591.837 -0.00206068
632.653 -0.00174536
673.469 -0.00142966
714.286 -0.00112448
755.102 -0.000838178
795.918 -0.000576545
836.735 -0.000342996
877.551 -0.000138954
918.367 3.57297e-05
959.184 0.000182347
1000 0.000302951
