-1000 -0.0302215
-959.184 -0.0552681
-918.367 -0.075626
-877.551 -0.0891447
-836.735 -0.0962701
-795.918 -0.0981574
-755.102 -0.0952988
-714.286 -0.0869875
-673.469 -0.0720824
-632.653 -0.0505021
-591.837 -0.0250751
-551.02 -0.00121648
-510.204 0.0165329
-469.388 0.0269105
-428.571 0.0312254
-387.755 0.0315811
-346.939 0.0297774
-306.122 0.0270179
-265.306 0.0239984
-224.49 0.0210767
-183.673 0.0184122
-142.857 0.0160577
-102.041 0.0140123
-61.2245 0.0122513
-20.4082 0.0107415
20.4082 0.00944841
61.2245 0.00834011
102.041 0.00738833
142.857 0.00656879
183.673 0.0058609
224.49 0.00524737
265.306 0.00471377
306.122 0.00424804
346.939 0.00384012
387.755 0.00348158
428.571 0.00316539
469.388 0.00288563
510.204 0.00263733
551.02 0.00241626
591.837 0.00221886
632.653 0.00204211
673.469 0.00188341
714.286 0.00174055
755.102 0.00161162
795.918 0.00149499
836.735 0.00138924
877.551 0.00129315
918.367 0.00120564
959.184 0.0011258
1000 0.0010528
