-1000 0.0203735
-959.184 0.0251774
-918.367 0.0314112
-877.551 0.0394835
-836.735 0.049755
-795.918 0.0621471
-755.102 0.0749749
-714.286 0.0819623
-673.469 0.0665693
-632.653 -1.08192e-05
-591.837 -0.127455
-551.02 -0.244333
-510.204 -0.28093
-469.388 -0.271472
-428.571 -0.194245
-387.755 -0.0583631
-346.939 0.0415261
-306.122 0.0786674
-265.306 0.0799116
-224.49 0.0687374
-183.673 0.0557309
-142.857 0.0443309
-102.041 0.0351914
-61.2245 0.0280909
-20.4082 0.0226202
20.4082 0.0183965
61.2245 0.0151132
102.041 0.012538
142.857 0.0104983
183.673 0.00886689
224.49 0.00754938
265.306 0.00647559
306.122 0.00559282
346.939 0.00486116
387.755 0.00425011
428.571 0.00373615
469.388 0.00330096
510.204 0.00293018
551.02 0.00261243
591.837 0.00233865
632.653 0.00210155
673.469 0.00189523
714.286 0.00171489
755.102 0.00155659
795.918 0.00141708
836.735 0.00129368
877.551 0.00118413
918.367 0.00108655
959.184 0.000999358
1000 0.000921216
