-1000 0.000125745
-959.184 0.000131102
-918.367 0.000136693
-877.551 0.000142521
-836.735 0.000148586
-795.918 0.000154889
-755.102 0.000161425
-714.286 0.000168186
-673.469 0.000175161
-632.653 0.000182329
-591.837 0.000189667
-551.02 0.00019714
-510.204 0.000204704
-469.388 0.0002123
-428.571 0.000219856
-387.755 0.000227281
-346.939 0.000234462
-306.122 0.000241259
-265.306 0.000247503
-224.49 0.000252988
-183.673 0.000257466
-142.857 0.000260644
-102.041 0.000262171
-61.2245 0.000261637
-20.4082 0.000258565
20.4082 0.000252405
61.2245 0.000242528
102.041 0.000228233
142.857 0.000208743
183.673 0.000183216
224.49 0.000150771
265.306 0.000110508
306.122 6.15605e-05
346.939 3.14903e-06
387.755 -6.53358e-05
428.571 -0.00014424
469.388 -0.000233534
510.204 -0.000332693
551.02 -0.000440584
591.837 -0.000555359
632.653 -0.000674405
673.469 -0.000794339
714.286 -0.000911098
755.102 -0.00102012
795.918 -0.00111662
836.735 -0.00119597
877.551 -0.00125406
918.367 -0.00128773
959.184 -0.00129511
1000 -0.00127575
