-1000 0.0256548
-959.184 0.0307586
-918.367 0.0372653
-877.551 0.0456957
-836.735 0.0568364
-795.918 0.0719324
-755.102 0.0930711
-714.286 0.124019
-673.469 0.172218
-632.653 0.254114
-591.837 0.410406
-551.02 0.73857
-510.204 1.12205
-469.388 -3.42314
-428.571 -2.92474
-387.755 1.12913
-346.939 0.716073
-306.122 0.399624
-265.306 0.248755
-224.49 0.169204
-183.673 0.122146
-142.857 0.0918226
-102.041 0.0710562
-61.2245 0.0561983
-20.4082 0.0452178
20.4082 0.0368995
61.2245 0.0304736
102.041 0.0254296
142.857 0.0214165
183.673 0.0181864
224.49 0.0155597
265.306 0.0134038
306.122 0.0116195
346.939 0.0101314
387.755 0.00888169
428.571 0.00782517
469.388 0.00692658
510.204 0.00615794
551.02 0.00549697
591.837 0.00492575
632.653 0.00442976
673.469 0.00399719
714.286 0.00361835
755.102 0.00328527
795.918 0.00299132
836.735 0.00273099
877.551 0.00249967
918.367 0.00229345
959.184 0.00210907
1000 0.00194374
