-1000 0.00641343
-959.184 0.00321112
-918.367 -0.000363687
-877.551 -0.00406519
-836.735 -0.00762263
-795.918 -0.0107956
-755.102 -0.0134178
-714.286 -0.0154145
-673.469 -0.0167941
-632.653 -0.0176235
-591.837 -0.0180005
-551.02 -0.0180306
-510.204 -0.0178122
-469.388 -0.0174289
-428.571 -0.0169475
-387.755 -0.0164189
-346.939 -0.0158803
-306.122 -0.0153579
-265.306 -0.0148698
-224.49 -0.014428
-183.673 -0.0140401
-142.857 -0.0137108
-102.041 -0.0134428
-61.2245 -0.0132375
-20.4082 -0.0130956
20.4082 -0.0130175
61.2245 -0.0130031
102.041 -0.0130526
142.857 -0.0131658
183.673 -0.0133426
224.49 -0.0135825
265.306 -0.0138845
306.122 -0.0142464
346.939 -0.0146647
387.755 -0.0151331
428.571 -0.0156419
469.388 -0.016176
510.204 -0.016713
551.02 -0.017221
591.837 -0.0176557
632.653 -0.0179577
673.469 -0.0180508
714.286 -0.0178428
755.102 -0.0172299
795.918 -0.0161087
836.735 -0.0143949
877.551 -0.0120504
918.367 -0.00911006
959.184 -0.00569955
1000 -0.00202994
