-1000 0.0126528
-959.184 0.0152589
-918.367 0.0185831
-877.551 0.0228612
-836.735 0.0284038
-795.918 0.0355968
-755.102 0.0448473
-714.286 0.0563557
-673.469 0.0693887
-632.653 0.0802795
-591.837 0.0779189
-551.02 0.0381561
-510.204 -0.0649566
-469.388 -0.200202
-428.571 -0.273057
-387.755 -0.280507
-346.939 -0.240353
-306.122 -0.120394
-265.306 0.00493503
-224.49 0.0682917
-183.673 0.0819494
-142.857 0.0743898
-102.041 0.0614916
-61.2245 0.0491868
-20.4082 0.0390299
20.4082 0.0310594
61.2245 0.0249064
102.041 0.0201643
142.857 0.0164907
183.673 0.0136214
224.49 0.0113589
265.306 0.0095572
306.122 0.00810837
346.939 0.00693234
387.755 0.00596923
428.571 0.00517384
469.388 0.0045118
510.204 0.00395669
551.02 0.00348804
591.837 0.00308985
632.653 0.00274948
673.469 0.00245692
714.286 0.00220411
755.102 0.0019846
795.918 0.0017931
836.735 0.00162532
877.551 0.00147772
918.367 0.00134737
959.184 0.00123184
1000 0.00112908
