-1000 0.00401222
-959.184 0.00450766
-918.367 0.00508734
-877.551 0.00576973
-836.735 0.00657827
-795.918 0.00754298
-755.102 0.00870267
-714.286 0.0101079
-673.469 0.0118254
-632.653 0.0139435
-591.837 0.0165805
-551.02 0.0198958
-510.204 0.0241046
-469.388 0.0294952
-428.571 0.0364465
-387.755 0.0454265
-346.939 0.0569247
-306.122 0.0711686
-265.306 0.0872333
-224.49 0.100643
-183.673 0.0982786
-142.857 0.0537044
-102.041 -0.0539181
-61.2245 -0.176551
-20.4082 -0.230858
20.4082 -0.248978
61.2245 -0.255383
102.041 -0.239313
142.857 -0.210436
183.673 -0.113527
224.49 0.0125618
265.306 0.0853765
306.122 0.102805
346.939 0.0941034
387.755 0.0783151
428.571 0.0630064
469.388 0.0502637
510.204 0.040206
551.02 0.032404
591.837 0.0263637
632.653 0.0216639
673.469 0.0179771
714.286 0.0150575
755.102 0.0127227
795.918 0.0108375
836.735 0.0093011
877.551 0.008038
918.367 0.00699097
959.184 0.00611634
1000 0.00538044
