-1000 0.00524225
-959.184 0.00554404
-918.367 0.00579096
-877.551 0.0059412
-836.735 0.00593499
-795.918 0.00568881
-755.102 0.00508946
-714.286 0.00398973
-673.469 0.00220972
-632.653 -0.000448027
-591.837 -0.00415754
-551.02 -0.00898815
-510.204 -0.0147796
-469.388 -0.0210066
-428.571 -0.0267283
-387.755 -0.0307543
-346.939 -0.0320673
-306.122 -0.0303039
-265.306 -0.0259485
-224.49 -0.0200775
-183.673 -0.0138655
-142.857 -0.00819486
-102.041 -0.00352943
-61.2245 1.41135e-05
-20.4082 0.00252784
20.4082 0.00419334
61.2245 0.00520727
102.041 0.00574511
142.857 0.00594887
183.673 0.00592694
224.49 0.00575888
265.306 0.00550144
306.122 0.00519415
346.939 0.00486393
387.755 0.00452867
428.571 0.00419988
469.388 0.00388466
510.204 0.00358707
551.02 0.00330913
591.837 0.0030515
632.653 0.00281398
673.469 0.00259582
714.286 0.00239597
755.102 0.00221319
795.918 0.00204619
836.735 0.00189369
877.551 0.00175445
918.367 0.00162728
959.184 0.00151108
1000 0.00140484
