-1000 0.00427797
-959.184 0.00456376
-918.367 0.00487435
-877.551 0.0052123
-836.735 0.00558052
-795.918 0.00598221
-755.102 0.00642099
-714.286 0.00690088
-673.469 0.00742638
-632.653 0.00800252
-591.837 0.00863487
-551.02 0.00932965
-510.204 0.0100937
-469.388 0.0109347
-428.571 0.0118609
-387.755 0.0128811
-346.939 0.0140051
-306.122 0.0152429
-265.306 0.0166045
-224.49 0.0180998
-183.673 0.0197372
-142.857 0.0215227
-102.041 0.0234573
-61.2245 0.0255339
-20.4082 0.0277322
20.4082 0.0300098
61.2245 0.0322899
102.041 0.0344404
142.857 0.0362417
183.673 0.0373368
224.49 0.0371554
265.306 0.034808
306.122 0.0289624
346.939 0.0177726
387.755 -0.000935003
428.571 -0.0288399
469.388 -0.0654278
510.204 -0.106308
551.02 -0.143958
591.837 -0.171483
632.653 -0.18526
673.469 -0.184133
714.286 -0.168179
755.102 -0.138821
795.918 -0.100183
836.735 -0.0595108
877.551 -0.0240497
918.367 0.00243113
959.184 0.0198767
1000 0.0301292
