-1000 0.0143052
-959.184 0.0158978
-918.367 0.0176415
-877.551 0.0195147
-836.735 0.0214666
-795.918 0.0233957
-755.102 0.0251185
-714.286 0.0263178
-673.469 0.0264677
-632.653 0.0247284
-591.837 0.019831
-551.02 0.0100289
-510.204 -0.00666176
-469.388 -0.0315445
-428.571 -0.0634294
-387.755 -0.0969316
-346.939 -0.123408
-306.122 -0.135121
-265.306 -0.128723
-224.49 -0.106025
-183.673 -0.073669
-142.857 -0.0405311
-102.041 -0.0132528
-61.2245 0.00583027
-20.4082 0.0174956
20.4082 0.0236614
61.2245 0.0261927
102.041 0.026504
142.857 0.0255523
183.673 0.0239455
224.49 0.0220541
265.306 0.0200954
306.122 0.0181914
346.939 0.0164056
387.755 0.0147666
428.571 0.0132828
469.388 0.0119509
510.204 0.0107618
551.02 0.00970345
591.837 0.00876309
632.653 0.00792798
673.469 0.00718617
714.286 0.00652673
755.102 0.00593983
795.918 0.00541671
836.735 0.00494968
877.551 0.00453198
918.367 0.00415769
959.184 0.00382165
1000 0.00351937
