-1000 -0.0898365
-959.184 -0.238818
-918.367 -0.310789
-877.551 -0.340591
-836.735 -0.351653
-795.918 -0.346043
-755.102 -0.352064
-714.286 -0.335331
-673.469 -0.302286
-632.653 -0.213748
-591.837 -0.0578149
-551.02 0.0695772
-510.204 0.128166
-469.388 0.140856
-428.571 0.133217
-387.755 0.118792
-346.939 0.103311
-306.122 0.0889237
-265.306 0.0762882
-224.49 0.0654707
-183.673 0.0563173
-142.857 0.0486084
-102.041 0.0421217
-61.2245 0.036656
-20.4082 0.0320386
20.4082 0.0281243
61.2245 0.0247933
102.041 0.0219469
142.857 0.0195044
183.673 0.0173997
224.49 0.0155785
265.306 0.0139961
306.122 0.012616
346.939 0.0114075
387.755 0.0103455
428.571 0.00940896
469.388 0.0085802
510.204 0.00784445
551.02 0.00718924
591.837 0.00660402
632.653 0.00607983
673.469 0.00560902
714.286 0.00518505
755.102 0.0048023
795.918 0.00445595
836.735 0.0041418
877.551 0.00385624
918.367 0.00359613
959.184 0.0033587
1000 0.00314157
