-1000 0.00167641
-959.184 0.00175861
-918.367 0.00184532
-877.551 0.00193675
-836.735 0.00203306
-795.918 0.00213442
-755.102 0.00224096
-714.286 0.00235276
-673.469 0.00246987
-632.653 0.00259223
-591.837 0.00271972
-551.02 0.00285207
-510.204 0.00298885
-469.388 0.00312942
-428.571 0.0032729
-387.755 0.00341804
-346.939 0.00356322
-306.122 0.00370626
-265.306 0.00384437
-224.49 0.00397395
-183.673 0.00409043
-142.857 0.00418806
-102.041 0.00425965
-61.2245 0.00429629
-20.4082 0.00428702
20.4082 0.00421851
61.2245 0.00407471
102.041 0.00383651
142.857 0.00348159
183.673 0.00298437
224.49 0.00231636
265.306 0.00144706
306.122 0.000345665
346.939 -0.0010161
387.755 -0.00265971
428.571 -0.00459395
469.388 -0.0068076
510.204 -0.0092614
551.02 -0.0118808
591.837 -0.014552
632.653 -0.017124
673.469 -0.0194196
714.286 -0.021255
755.102 -0.0224664
795.918 -0.0229379
836.735 -0.0226225
877.551 -0.0215517
918.367 -0.0198292
959.184 -0.0176111
1000 -0.0150797
