-1000 -0.00567706
-959.184 -0.00655063
-918.367 -0.00721757
-877.551 -0.00760363
-836.735 -0.00766276
-795.918 -0.00738773
-755.102 -0.0068118
-714.286 -0.00600096
-673.469 -0.00503959
-632.653 -0.00401444
-591.837 -0.00300157
-551.02 -0.00205861
-510.204 -0.00122256
-469.388 -0.000511647
-428.571 7.06411e-05
-387.755 0.000530929
-346.939 0.000881814
-306.122 0.00113863
-265.306 0.0013172
-224.49 0.00143246
-183.673 0.00149771
-142.857 0.00152436
-102.041 0.00152186
-61.2245 0.00149791
-20.4082 0.00145861
20.4082 0.00140878
61.2245 0.00135212
102.041 0.00129143
142.857 0.00122885
183.673 0.00116593
224.49 0.00110381
265.306 0.00104327
306.122 0.000984855
346.939 0.000928925
387.755 0.000875682
428.571 0.000825223
469.388 0.000777572
510.204 0.000732694
551.02 0.000690516
591.837 0.000650937
632.653 0.000613842
673.469 0.000579105
714.286 0.000546594
755.102 0.000516177
795.918 0.000487726
836.735 0.000461113
877.551 0.000436217
918.367 0.000412923
959.184 0.000391122
1000 0.00037071
