-1000 0.00181219
-959.184 0.0019106
-918.367 0.00201528
-877.551 0.0021266
-836.735 0.00224492
-795.918 0.00237063
-755.102 0.00250405
-714.286 0.00264551
-673.469 0.00279527
-632.653 0.0029535
-591.837 0.00312029
-551.02 0.00329556
-510.204 0.00347901
-469.388 0.00367008
-428.571 0.00386785
-387.755 0.00407089
-346.939 0.00427716
-306.122 0.00448383
-265.306 0.00468703
-224.49 0.00488159
-183.673 0.00506071
-142.857 0.00521557
-102.041 0.00533487
-61.2245 0.00540432
-20.4082 0.00540604
20.4082 0.00531807
61.2245 0.00511382
102.041 0.00476184
142.857 0.00422586
183.673 0.00346553
224.49 0.00243817
265.306 0.00110178
306.122 -0.000580021
346.939 -0.00263116
387.755 -0.0050544
428.571 -0.00782157
469.388 -0.0108646
510.204 -0.0140697
551.02 -0.0172779
591.837 -0.0202946
632.653 -0.0229076
673.469 -0.0249124
714.286 -0.0261407
755.102 -0.0264847
795.918 -0.0259136
836.735 -0.0244783
877.551 -0.0223038
918.367 -0.01957
959.184 -0.0164857
1000 -0.0132612
