-1000 0.00586831
-959.184 0.00535075
-918.367 0.00470582
-877.551 0.00392736
-836.735 0.00301328
-795.918 0.00196659
-755.102 0.000796125
-714.286 -0.000483124
-673.469 -0.0018502
-632.653 -0.00327907
-591.837 -0.00474002
-551.02 -0.00620165
-510.204 -0.00763296
-469.388 -0.00900547
-428.571 -0.010295
-387.755 -0.0114827
-346.939 -0.012556
-306.122 -0.0135082
-265.306 -0.0143382
-224.49 -0.0150495
-183.673 -0.015649
-142.857 -0.016146
-102.041 -0.0165514
-61.2245 -0.0168763
-20.4082 -0.0171316
20.4082 -0.0173274
61.2245 -0.0174724
102.041 -0.017574
142.857 -0.0176377
183.673 -0.017667
224.49 -0.0176638
265.306 -0.0176278
306.122 -0.0175569
346.939 -0.0174471
387.755 -0.0172925
428.571 -0.0170856
469.388 -0.0168172
510.204 -0.0164771
551.02 -0.0160543
591.837 -0.0155376
632.653 -0.0149165
673.469 -0.0141819
714.286 -0.0133276
755.102 -0.0123509
795.918 -0.011254
836.735 -0.0100447
877.551 -0.00873691
918.367 -0.00735054
959.184 -0.00591078
1000 -0.00444676
