-1000 -0.000456973
-959.184 -0.00059151
-918.367 -0.00073414
-877.551 -0.000882443
-836.735 -0.00103332
-795.918 -0.00118305
-755.102 -0.0013274
-714.286 -0.00146177
-673.469 -0.00158147
-632.653 -0.00168199
-591.837 -0.00175931
-551.02 -0.00181016
-510.204 -0.00183237
-469.388 -0.00182494
-428.571 -0.00178821
-387.755 -0.00172378
-346.939 -0.0016344
-306.122 -0.00152374
-265.306 -0.00139612
-224.49 -0.00125618
-183.673 -0.00110859
-142.857 -0.000957779
-102.041 -0.00080776
-61.2245 -0.000661949
-20.4082 -0.000523105
20.4082 -0.000393313
61.2245 -0.00027401
102.041 -0.000166049
142.857 -6.97819e-05
183.673 1.48484e-05
224.49 8.82154e-05
265.306 0.000150923
306.122 0.000203732
346.939 0.000247493
387.755 0.0002831
428.571 0.000311445
469.388 0.000333398
510.204 0.00034978
551.02 0.000361351
591.837 0.000368809
632.653 0.00037278
673.469 0.000373823
714.286 0.000372431
755.102 0.000369035
795.918 0.000364012
836.735 0.000357683
877.551 0.000350327
918.367 0.000342179
959.184 0.00033344
1000 0.000324277
