-1000 0.0131698
-959.184 0.0139928
-918.367 0.0148828
-877.551 0.0158466
-836.735 0.0168915
-795.918 0.018026
-755.102 0.0192596
-714.286 0.0206028
-673.469 0.0220677
-632.653 0.0236678
-591.837 0.0254185
-551.02 0.0273375
-510.204 0.0294448
-469.388 0.0317635
-428.571 0.0343202
-387.755 0.0371455
-346.939 0.0402752
-306.122 0.0437509
-265.306 0.0476215
-224.49 0.0519446
-183.673 0.0567879
-142.857 0.0622316
-102.041 0.0683698
-61.2245 0.0753123
-20.4082 0.0831832
20.4082 0.0921154
61.2245 0.102231
102.041 0.113588
142.857 0.126054
183.673 0.138982
224.49 0.150419
265.306 0.155214
306.122 0.141055
346.939 0.0838683
387.755 -0.0410313
428.571 -0.20189
469.388 -0.300755
510.204 -0.335583
551.02 -0.352042
591.837 -0.34227
632.653 -0.343327
673.469 -0.338761
714.286 -0.335387
755.102 -0.344172
795.918 -0.340565
836.735 -0.350693
877.551 -0.343004
918.367 -0.314405
959.184 -0.24143
1000 -0.0896562
