-1000 0.515534
-959.184 0.862734
-918.367 1.43083
-877.551 -1.03061
-836.735 -3.96693
-795.918 1.81086
-755.102 -5.53655
-714.286 0.272247
-673.469 1.32842
-632.653 0.772451
-591.837 0.470651
-551.02 0.313609
-510.204 0.222084
-469.388 0.163783
-428.571 0.124356
-387.755 0.0965663
-346.939 0.0763755
-306.122 0.0613534
-265.306 0.0499569
-224.49 0.0411661
-183.673 0.0342863
-142.857 0.0288319
-102.041 0.0244572
-61.2245 0.0209113
-20.4082 0.0180093
20.4082 0.0156133
61.2245 0.0136189
102.041 0.0119463
142.857 0.0105338
183.673 0.00933329
224.49 0.00830677
265.306 0.00742411
306.122 0.00666116
346.939 0.00599847
387.755 0.0054202
428.571 0.00491342
469.388 0.0044675
510.204 0.00407361
551.02 0.00372443
591.837 0.00341382
632.653 0.00313663
673.469 0.00288851
714.286 0.00266577
755.102 0.00246524
795.918 0.00228425
836.735 0.00212048
877.551 0.00197193
918.367 0.00183689
959.184 0.00171386
1000 0.00160154
