-1000 0.0187273
-959.184 0.0217654
-918.367 0.0254794
-877.551 0.0300706
-836.735 0.035822
-795.918 0.0431436
-755.102 0.0526513
-714.286 0.065312
-673.469 0.0827271
-632.653 0.107724
-591.837 0.1457
-551.02 0.208027
-510.204 0.321545
-469.388 0.554402
-428.571 1.00574
-387.755 0.0406206
-346.939 -6.57317
-306.122 0.595839
-265.306 0.930031
-224.49 0.507138
-183.673 0.299313
-142.857 0.196356
-102.041 0.138835
-61.2245 0.103322
-20.4082 0.0797205
20.4082 0.0631588
61.2245 0.0510531
102.041 0.0419241
142.857 0.0348711
183.673 0.029316
224.49 0.024872
265.306 0.0212707
306.122 0.0183202
346.939 0.0158799
387.755 0.0138448
428.571 0.012135
469.388 0.0106888
510.204 0.00945803
551.02 0.00840473
591.837 0.00749857
632.653 0.00671516
673.469 0.00603479
714.286 0.00544135
755.102 0.00492163
795.918 0.00446474
836.735 0.00406163
877.551 0.00370472
918.367 0.00338771
959.184 0.00310525
1000 0.00285283
