-1000 0.000152701
-959.184 -2.17557e-05
-918.367 -0.00022467
-877.551 -0.000456579
-836.735 -0.000716898
-795.918 -0.00100363
-755.102 -0.0013131
-714.286 -0.00163976
-673.469 -0.00197612
-632.653 -0.00231285
-591.837 -0.00263903
-551.02 -0.00294273
-510.204 -0.00321164
-469.388 -0.00343399
-428.571 -0.00359941
-387.755 -0.00369986
-346.939 -0.00373029
-306.122 -0.00368917
-265.306 -0.00357858
-224.49 -0.00340404
-183.673 -0.003174
-142.857 -0.00289909
-102.041 -0.00259124
-61.2245 -0.00226273
-20.4082 -0.0019254
20.4082 -0.00158994
61.2245 -0.00126543
102.041 -0.000959061
142.857 -0.0006761
183.673 -0.000419953
224.49 -0.000192386
265.306 6.20168e-06
306.122 0.000176491
346.939 0.000319952
387.755 0.000438584
428.571 0.000534698
469.388 0.000610746
510.204 0.000669181
551.02 0.000712369
591.837 0.000742522
632.653 0.000761664
673.469 0.000771613
714.286 0.000773974
755.102 0.000770152
795.918 0.000761358
836.735 0.000748627
877.551 0.000732838
918.367 0.000714729
959.184 0.000694917
1000 0.000673912
