-1000 -0.00454957
-959.184 -0.00491984
-918.367 -0.00518817
-877.551 -0.00533835
-836.735 -0.00536104
-795.918 -0.00525481
-755.102 -0.00502631
-714.286 -0.00468951
-673.469 -0.00426418
-632.653 -0.00377375
-591.837 -0.0032431
-551.02 -0.00269634
-510.204 -0.00215509
-469.388 -0.00163724
-428.571 -0.00115637
-387.755 -0.00072166
-346.939 -0.000338239
-306.122 -7.81902e-06
-265.306 0.000270571
-224.49 0.000499837
-183.673 0.000684139
-142.857 0.000828321
-102.041 0.000937471
-61.2245 0.0010166
-20.4082 0.00107045
20.4082 0.00110332
61.2245 0.00111906
102.041 0.00112102
142.857 0.00111205
183.673 0.0010946
224.49 0.00107069
265.306 0.001042
306.122 0.00100989
346.939 0.000975471
387.755 0.000939637
428.571 0.000903092
469.388 0.00086639
510.204 0.00082996
551.02 0.00079413
591.837 0.000759143
632.653 0.000725178
673.469 0.000692358
714.286 0.000660766
755.102 0.000630449
795.918 0.000601431
836.735 0.000573714
877.551 0.000547282
918.367 0.000522113
959.184 0.000498171
1000 0.000475418
