-1000 0.00792745
-959.184 0.00859131
-918.367 0.00933003
-877.551 0.0101541
-836.735 0.0110756
-795.918 0.0121088
-755.102 0.01327
-714.286 0.0145784
-673.469 0.0160561
-632.653 0.0177285
-591.837 0.0196248
-551.02 0.0217779
-510.204 0.0242241
-469.388 0.027002
-428.571 0.0301501
-387.755 0.0337018
-346.939 0.0376758
-306.122 0.0420598
-265.306 0.0467818
-224.49 0.0516614
-183.673 0.0563334
-142.857 0.0601319
-102.041 0.0619415
-61.2245 0.0600661
-20.4082 0.0522864
20.4082 0.0364623
61.2245 0.0120157
102.041 -0.0182705
142.857 -0.0483726
183.673 -0.0724437
224.49 -0.0881247
265.306 -0.0962415
306.122 -0.0990002
346.939 -0.09864
387.755 -0.0967844
428.571 -0.0945678
469.388 -0.0926339
510.204 -0.0913536
551.02 -0.0909367
591.837 -0.0913977
632.653 -0.0927179
673.469 -0.0946755
714.286 -0.0968933
755.102 -0.0987047
795.918 -0.0989526
836.735 -0.0959833
877.551 -0.0875354
918.367 -0.0714358
959.184 -0.0469736
1000 -0.0167036
