-1000 0.000255813
-959.184 0.00025955
-918.367 0.000261783
-877.551 0.000262127
-836.735 0.000260132
-795.918 0.000255278
-755.102 0.000246968
-714.286 0.00023453
-673.469 0.000217215
-632.653 0.000194207
-591.837 0.000164637
-551.02 0.000127608
-510.204 8.22346e-05
-469.388 2.76931e-05
-428.571 -3.67038e-05
-387.755 -0.00011142
-346.939 -0.00019659
-306.122 -0.000291903
-265.306 -0.000396481
-224.49 -0.000508773
-183.673 -0.000626474
-142.857 -0.000746505
-102.041 -0.000865059
-61.2245 -0.000977745
-20.4082 -0.00107983
20.4082 -0.00116657
61.2245 -0.0012336
102.041 -0.00127735
142.857 -0.00129537
183.673 -0.00128666
224.49 -0.00125171
265.306 -0.00119248
306.122 -0.00111217
346.939 -0.00101493
387.755 -0.000905405
428.571 -0.000788381
469.388 -0.0006684
510.204 -0.000549494
551.02 -0.000435007
591.837 -0.000327516
632.653 -0.000228828
673.469 -0.000140046
714.286 -6.16656e-05
755.102 6.30467e-06
795.918 6.42267e-05
836.735 0.000112721
877.551 0.000152572
918.367 0.00018465
959.184 0.000209853
1000 0.000229065
