-1000 0.000750131
-959.184 0.000793438
-918.367 0.000836112
-877.551 0.00087672
-836.735 0.000913288
-795.918 0.00094315
-755.102 0.000962762
-714.286 0.000967501
-673.469 0.000951451
-632.653 0.00090721
-591.837 0.000825779
-551.02 0.000696611
-510.204 0.000507962
-469.388 0.000247711
-428.571 -9.51491e-05
-387.755 -0.000528187
-346.939 -0.00105235
-306.122 -0.00165822
-265.306 -0.00232247
-224.49 -0.00300581
-183.673 -0.00365419
-142.857 -0.00420431
-102.041 -0.00459386
-61.2245 -0.00477406
-20.4082 -0.00472109
20.4082 -0.00444202
61.2245 -0.00397307
102.041 -0.00337068
142.857 -0.0026991
183.673 -0.00201847
224.49 -0.0013766
265.306 -0.000805518
306.122 -0.000321904
346.939 6.99583e-05
387.755 0.000374438
428.571 0.000600995
469.388 0.000761374
510.204 0.000867666
551.02 0.000931145
591.837 0.000961684
632.653 0.000967555
673.469 0.000955473
714.286 0.000930746
755.102 0.000897485
795.918 0.000858814
836.735 0.000817068
877.551 0.000773959
918.367 0.000730719
959.184 0.000688213
1000 0.000647029
