-1000 0.00100807
-959.184 0.00107133
-918.367 0.00113994
-877.551 0.00121446
-836.735 0.00129554
-795.918 0.00138391
-755.102 0.00148041
-714.286 0.00158596
-673.469 0.00170164
-632.653 0.00182869
-591.837 0.00196851
-551.02 0.00212272
-510.204 0.00229319
-469.388 0.00248209
-428.571 0.00269193
-387.755 0.00292564
-346.939 0.00318664
-306.122 0.00347896
-265.306 0.00380734
-224.49 0.00417739
-183.673 0.00459579
-142.857 0.0050705
-102.041 0.00561109
-61.2245 0.0062291
-20.4082 0.00693854
20.4082 0.00775652
61.2245 0.00870402
102.041 0.00980705
142.857 0.011098
183.673 0.0126177
224.49 0.0144179
265.306 0.0165652
306.122 0.0191462
346.939 0.0222752
387.755 0.0261063
428.571 0.030851
469.388 0.036808
510.204 0.0444117
551.02 0.0543193
591.837 0.06757
632.653 0.0859001
673.469 0.112408
714.286 0.153089
755.102 0.220782
795.918 0.346302
836.735 0.607349
877.551 1.07195
918.367 -0.813888
959.184 -5.77377
1000 0.916809
