-1000 0.0126755
-959.184 0.0107414
-918.367 0.00686839
-877.551 3.97458e-05
-836.735 -0.0109608
-795.918 -0.0270515
-755.102 -0.0476203
-714.286 -0.0688213
-673.469 -0.0833858
-632.653 -0.084518
-591.837 -0.0716308
-551.02 -0.050907
-510.204 -0.0299011
-469.388 -0.0130394
-428.571 -0.00131455
-387.755 0.00606109
-346.939 0.0103056
-306.122 0.0124774
-265.306 0.0133435
-224.49 0.0134161
-183.673 0.0130247
-142.857 0.012377
-102.041 0.0116022
-61.2245 0.0107797
-20.4082 0.00995745
20.4082 0.00916336
61.2245 0.00841293
102.041 0.00771374
142.857 0.00706847
183.673 0.0064768
224.49 0.00593667
265.306 0.00544502
306.122 0.00499833
346.939 0.00459293
387.755 0.00422517
428.571 0.00389159
469.388 0.0035889
510.204 0.0033141
551.02 0.00306442
591.837 0.00283737
632.653 0.00263067
673.469 0.0024423
714.286 0.00227042
755.102 0.0021134
795.918 0.00196978
836.735 0.00183824
877.551 0.00171761
918.367 0.00160684
959.184 0.001505
1000 0.00141125
