-1000 0.0002794
-959.184 -6.17731e-05
-918.367 -0.000477419
-877.551 -0.000968742
-836.735 -0.0015314
-795.918 -0.00215377
-755.102 -0.00281569
-714.286 -0.0034881
-673.469 -0.00413406
-632.653 -0.00471158
-591.837 -0.00517802
-551.02 -0.00549561
-510.204 -0.00563696
-469.388 -0.00558949
-428.571 -0.00535744
-387.755 -0.00496123
-346.939 -0.00443408
-306.122 -0.00381693
-265.306 -0.00315273
-224.49 -0.0024814
-183.673 -0.00183617
-142.857 -0.00124169
-102.041 -0.000713741
-61.2245 -0.000260103
-20.4082 0.000117879
20.4082 0.000423518
61.2245 0.000663113
102.041 0.000844558
142.857 0.000976288
183.673 0.00106656
224.49 0.00112301
265.306 0.00115243
306.122 0.00116066
346.939 0.00115262
387.755 0.00113236
428.571 0.00110319
469.388 0.00106774
510.204 0.0010281
551.02 0.000985889
591.837 0.000942367
632.653 0.000898483
673.469 0.000854944
714.286 0.000812271
755.102 0.000770832
795.918 0.000730882
836.735 0.000692583
877.551 0.000656031
918.367 0.000621269
959.184 0.000588301
1000 0.000557104
