-1000 -0.00635701
-959.184 -0.0144514
-918.367 -0.0244947
-877.551 -0.0361247
-836.735 -0.0484102
-795.918 -0.0598364
-755.102 -0.0685719
-714.286 -0.0729851
-673.469 -0.0721868
-632.653 -0.0663409
-591.837 -0.0566063
-551.02 -0.0447361
-510.204 -0.0325124
-469.388 -0.0212888
-428.571 -0.0118142
-387.755 -0.00431024
-346.939 0.00134047
-306.122 0.00541528
-265.306 0.00823107
-224.49 0.0100812
-183.673 0.0112111
-142.857 0.0118151
-102.041 0.0120415
-61.2245 0.0120018
-20.4082 0.0117782
20.4082 0.0114311
61.2245 0.0110044
102.041 0.01053
142.857 0.0100306
183.673 0.00952254
224.49 0.00901731
265.306 0.00852279
306.122 0.0080443
346.939 0.00758525
387.755 0.00714768
428.571 0.00673264
469.388 0.00634043
510.204 0.00597088
551.02 0.00562346
591.837 0.00529739
632.653 0.00499175
673.469 0.00470553
714.286 0.00443766
755.102 0.00418708
795.918 0.00395273
836.735 0.00373357
877.551 0.00352862
918.367 0.00333692
959.184 0.00315758
1000 0.00298974
