-1000 -0.0018489
-959.184 -0.00188501
-918.367 -0.00187124
-877.551 -0.00180859
-836.735 -0.00170155
-795.918 -0.00155748
-755.102 -0.00138562
-714.286 -0.00119606
-673.469 -0.000998642
-632.653 -0.000802176
-591.837 -0.000613865
-551.02 -0.00043908
-510.204 -0.000281365
-469.388 -0.000142629
-428.571 -2.34304e-05
-387.755 7.66941e-05
-346.939 0.00015892
-306.122 0.000224864
-265.306 0.000276364
-224.49 0.000315323
-183.673 0.000343586
-142.857 0.00036288
-102.041 0.000374761
-61.2245 0.000380608
-20.4082 0.000381611
20.4082 0.000378788
61.2245 0.000372996
102.041 0.000364946
142.857 0.000355225
183.673 0.000344311
224.49 0.000332591
265.306 0.000320373
306.122 0.000307904
346.939 0.000295375
387.755 0.000282934
428.571 0.000270695
469.388 0.000258742
510.204 0.000247138
551.02 0.000235924
591.837 0.00022513
632.653 0.000214772
673.469 0.000204858
714.286 0.000195389
755.102 0.000186359
795.918 0.000177762
836.735 0.000169584
877.551 0.000161813
918.367 0.000154434
959.184 0.00014743
1000 0.000140785
