-1000 0.00199731
-959.184 0.00180209
-918.367 0.00152629
-877.551 0.00115609
-836.735 0.00067839
-795.918 8.2308e-05
-755.102 -0.000638846
-714.286 -0.00148533
-673.469 -0.00244867
-632.653 -0.00350972
-591.837 -0.00463756
-551.02 -0.00578984
-510.204 -0.00691468
-469.388 -0.00795432
-428.571 -0.00885008
-387.755 -0.00954789
-346.939 -0.0100037
-306.122 -0.0101879
-265.306 -0.0100884
-224.49 -0.00971169
-183.673 -0.00908245
-142.857 -0.00824076
-102.041 -0.00723822
-61.2245 -0.00613273
-20.4082 -0.00498289
20.4082 -0.00384277
61.2245 -0.0027579
102.041 -0.00176271
142.857 -0.000879829
183.673 -0.000120748
224.49 0.0005124
265.306 0.00102462
306.122 0.00142577
346.939 0.00172844
387.755 0.00194639
428.571 0.00209328
469.388 0.00218195
510.204 0.00222389
551.02 0.00222915
591.837 0.0022062
632.653 0.00216212
673.469 0.00210267
714.286 0.00203246
755.102 0.00195517
795.918 0.00187368
836.735 0.00179018
877.551 0.00170635
918.367 0.00162344
959.184 0.00154237
1000 0.00146377
