-1000 -0.0101546
-959.184 -0.012088
-918.367 -0.013749
-877.551 -0.0150156
-836.735 -0.0157923
-795.918 -0.0160194
-755.102 -0.0156796
-714.286 -0.0147989
-673.469 -0.0134447
-632.653 -0.0117189
-591.837 -0.00974703
-551.02 -0.00766373
-510.204 -0.00559717
-469.388 -0.00365536
-428.571 -0.00191717
-387.755 -0.000429415
-346.939 0.000790625
-306.122 0.00174916
-265.306 0.00246843
-224.49 0.0029796
-183.673 0.00331715
-142.857 0.00351484
-102.041 0.00360337
-61.2245 0.00360925
-20.4082 0.00355447
20.4082 0.00345675
61.2245 0.00333
102.041 0.00318491
142.857 0.00302952
183.673 0.00286979
224.49 0.00271
265.306 0.00255319
306.122 0.00240141
346.939 0.00225599
387.755 0.00211775
428.571 0.00198708
469.388 0.00186412
510.204 0.0017488
551.02 0.00164092
591.837 0.0015402
632.653 0.00144627
673.469 0.00135877
714.286 0.0012773
755.102 0.00120148
795.918 0.00113092
836.735 0.00106526
877.551 0.00100414
918.367 0.00094723
959.184 0.000894218
1000 0.000844814
