-1000 0.00435556
-959.184 0.00431505
-918.367 0.0041662
-877.551 0.00387703
-836.735 0.00341193
-795.918 0.00273372
-755.102 0.00180739
-714.286 0.000605479
-673.469 -0.000885124
-632.653 -0.00265589
-591.837 -0.00467056
-551.02 -0.00686239
-510.204 -0.00913644
-469.388 -0.0113773
-428.571 -0.0134614
-387.755 -0.0152699
-346.939 -0.0167003
-306.122 -0.0176741
-265.306 -0.0181395
-224.49 -0.0180726
-183.673 -0.0174768
-142.857 -0.0163829
-102.041 -0.0148496
-61.2245 -0.0129618
-20.4082 -0.010827
20.4082 -0.00856628
61.2245 -0.00630259
102.041 -0.00414715
142.857 -0.0021884
183.673 -0.000485441
224.49 0.000932824
265.306 0.00206393
306.122 0.00292525
346.939 0.00354674
387.755 0.00396438
428.571 0.00421524
469.388 0.00433419
510.204 0.00435206
551.02 0.00429492
591.837 0.0041841
632.653 0.00403653
673.469 0.00386534
714.286 0.00368051
755.102 0.00348947
795.918 0.00329761
836.735 0.00310876
877.551 0.00292557
918.367 0.00274974
959.184 0.00258235
1000 0.00242395
