-1000 0.0042191
-959.184 0.00443163
-918.367 0.00462944
-877.551 0.00480152
-836.735 0.00493343
-795.918 0.00500664
-755.102 0.00499795
-714.286 0.00487918
-673.469 0.00461735
-632.653 0.00417564
-591.837 0.00351564
-551.02 0.00260105
-510.204 0.00140312
-469.388 -9.26307e-05
-428.571 -0.00187936
-387.755 -0.00392327
-346.939 -0.00616145
-306.122 -0.0085049
-265.306 -0.0108469
-224.49 -0.013075
-183.673 -0.0150838
-142.857 -0.0167845
-102.041 -0.0181102
-61.2245 -0.0190157
-20.4082 -0.0194745
20.4082 -0.0194745
61.2245 -0.0190157
102.041 -0.0181102
142.857 -0.0167845
183.673 -0.0150838
224.49 -0.013075
265.306 -0.0108469
306.122 -0.0085049
346.939 -0.00616145
387.755 -0.00392327
428.571 -0.00187936
469.388 -9.26307e-05
510.204 0.00140312
551.02 0.00260105
591.837 0.00351564
632.653 0.00417564
673.469 0.00461735
714.286 0.00487918
755.102 0.00499795
795.918 0.00500664
836.735 0.00493343
877.551 0.00480152
918.367 0.00462944
959.184 0.00443163
1000 0.0042191
