-1000 1.36839
-959.184 -5.01103
-918.367 0.424053
-877.551 -0.361342
-836.735 -4.19808
-795.918 1.46536
-755.102 1.07358
-714.286 0.613269
-673.469 0.378487
-632.653 0.250227
-591.837 0.173723
-551.02 0.12515
-510.204 0.0928802
-469.388 0.0706651
-428.571 0.0549146
-387.755 0.0434631
-346.939 0.0349533
-306.122 0.0285068
-265.306 0.0235397
-224.49 0.0196541
-183.673 0.0165729
-142.857 0.0140997
-102.041 0.0120924
-61.2245 0.0104468
-20.4082 0.00908545
20.4082 0.00794972
61.2245 0.00699495
102.041 0.00618661
142.857 0.00549776
183.673 0.0049072
224.49 0.00439804
265.306 0.00395677
306.122 0.00357246
346.939 0.00323625
387.755 0.00294084
428.571 0.00268025
469.388 0.0024495
510.204 0.00224444
551.02 0.00206162
591.837 0.00189809
632.653 0.00175138
673.469 0.00161939
714.286 0.00150031
755.102 0.00139262
795.918 0.00129498
836.735 0.00120624
877.551 0.00112542
918.367 0.00105166
959.184 0.000984197
1000 0.000922377
