-1000 0.00632902
-959.184 0.00706671
-918.367 0.00791768
-877.551 0.00890257
-836.735 0.0100458
-795.918 0.0113761
-755.102 0.0129265
-714.286 0.0147335
-673.469 0.0168348
-632.653 0.0192643
-591.837 0.0220397
-551.02 0.0251408
-510.204 0.0284663
-469.388 0.0317604
-428.571 0.0344921
-387.755 0.0356915
-346.939 0.0338049
-306.122 0.0267833
-265.306 0.0128147
-224.49 -0.00807372
-183.673 -0.0325768
-142.857 -0.0552261
-102.041 -0.0720364
-61.2245 -0.0823961
-20.4082 -0.0877612
20.4082 -0.0900179
61.2245 -0.0903823
102.041 -0.0890642
142.857 -0.0853112
183.673 -0.0774351
224.49 -0.0636221
265.306 -0.0433125
306.122 -0.0189666
346.939 0.00415472
387.755 0.0214204
428.571 0.0314089
469.388 0.0353395
510.204 0.0352999
551.02 0.033105
591.837 0.0299762
632.653 0.0266201
673.469 0.0233984
714.286 0.0204704
755.102 0.0178859
795.918 0.0156404
836.735 0.0137056
877.551 0.0120445
918.367 0.0106194
959.184 0.00939582
1000 0.00834294
