-1000 0.0111233
-959.184 0.0113515
-918.367 0.0113309
-877.551 0.0109659
-836.735 0.0101508
-795.918 0.00878339
-755.102 0.00678529
-714.286 0.0041296
-673.469 0.000867136
-632.653 -0.00285978
-591.837 -0.00682786
-551.02 -0.0107708
-510.204 -0.0144336
-469.388 -0.0176224
-428.571 -0.0202319
-387.755 -0.0222451
-346.939 -0.0237124
-306.122 -0.0247233
-265.306 -0.0253809
-224.49 -0.0257828
-183.673 -0.0260104
-142.857 -0.0261238
-102.041 -0.0261595
-61.2245 -0.0261304
-20.4082 -0.0260261
20.4082 -0.0258122
61.2245 -0.0254311
102.041 -0.0248033
142.857 -0.0238323
183.673 -0.0224151
224.49 -0.0204597
265.306 -0.0179103
306.122 -0.0147763
346.939 -0.0111535
387.755 -0.00722777
428.571 -0.00324995
469.388 0.000512212
510.204 0.00382904
551.02 0.00654916
591.837 0.00861291
632.653 0.0100405
673.469 0.0109064
714.286 0.0113116
755.102 0.0113621
795.918 0.0111549
836.735 0.0107714
877.551 0.0102762
918.367 0.00971779
959.184 0.00913135
1000 0.0085414
