-1000 -0.00175492
-959.184 -0.00242492
-918.367 -0.00310678
-877.551 -0.00374456
-836.735 -0.00427439
-795.918 -0.00463515
-755.102 -0.00478117
-714.286 -0.00469305
-673.469 -0.00438258
-632.653 -0.00388967
-591.837 -0.00327279
-551.02 -0.00259625
-510.204 -0.00191875
-469.388 -0.00128586
-428.571 -0.000727172
-387.755 -0.000257303
-346.939 0.000121012
-306.122 0.000413116
-265.306 0.000628972
-224.49 0.000780477
-183.673 0.000879659
-142.857 0.000937606
-102.041 0.000963956
-61.2245 0.000966743
-20.4082 0.000952457
20.4082 0.000926214
61.2245 0.000891964
102.041 0.0008527
142.857 0.000810654
183.673 0.000767457
224.49 0.000724279
265.306 0.00068194
306.122 0.000640992
346.939 0.000601792
387.755 0.000564551
428.571 0.000529376
469.388 0.000496298
510.204 0.000465295
551.02 0.00043631
591.837 0.000409262
632.653 0.000384056
673.469 0.000360588
714.286 0.00033875
755.102 0.000318438
795.918 0.000299547
836.735 0.000281976
877.551 0.00026563
918.367 0.000250419
959.184 0.000236258
1000 0.000223068
