-1000 0.0113739
-959.184 0.0119033
-918.367 0.0122757
-877.551 0.0123662
-836.735 0.0119754
-795.918 0.0107871
-755.102 0.00830844
-714.286 0.00379863
-673.469 -0.00377286
-632.653 -0.0156085
-591.837 -0.0325255
-551.02 -0.053646
-510.204 -0.0747233
-469.388 -0.0882764
-428.571 -0.0878965
-387.755 -0.0737797
-346.939 -0.0525394
-306.122 -0.0315613
-265.306 -0.0148988
-224.49 -0.00330291
-183.673 0.00408715
-142.857 0.00847329
-102.041 0.0108722
-61.2245 0.0120106
-20.4082 0.0123711
20.4082 0.0122625
61.2245 0.0118798
102.041 0.0113449
142.857 0.0107337
183.673 0.0100934
224.49 0.00945277
265.306 0.00882919
306.122 0.00823265
346.939 0.0076685
387.755 0.00713913
428.571 0.00664509
469.388 0.00618574
510.204 0.00575976
551.02 0.00536544
591.837 0.00500086
632.653 0.00466403
673.469 0.00435294
714.286 0.00406568
755.102 0.00380039
795.918 0.00355533
836.735 0.00332888
877.551 0.00311953
918.367 0.00292587
959.184 0.00274662
1000 0.0025806
