-1000 0.00068771
-959.184 0.00070204
-918.367 0.000714354
-877.551 0.000724112
-836.735 0.00073069
-795.918 0.000733365
-755.102 0.000731307
-714.286 0.000723572
-673.469 0.000709097
-632.653 0.000686694
-591.837 0.000655055
-551.02 0.000612757
-510.204 0.000558281
-469.388 0.000490035
-428.571 0.0004064
-387.755 0.000305783
-346.939 0.000186694
-306.122 4.7838e-05
-265.306 -0.000111771
-224.49 -0.000292677
-183.673 -0.000494842
-142.857 -0.000717493
-102.041 -0.000958988
-61.2245 -0.00121669
-20.4082 -0.00148689
20.4082 -0.0017648
61.2245 -0.00204456
102.041 -0.00231943
142.857 -0.002582
183.673 -0.00282449
224.49 -0.00303915
265.306 -0.00321869
306.122 -0.00335671
346.939 -0.0034481
387.755 -0.0034894
428.571 -0.00347904
469.388 -0.0034174
510.204 -0.00330684
551.02 -0.00315153
591.837 -0.00295711
632.653 -0.00273041
673.469 -0.00247894
714.286 -0.00221053
755.102 -0.00193284
795.918 -0.00165306
836.735 -0.0013776
877.551 -0.00111188
918.367 -0.000860274
959.184 -0.000626058
1000 -0.000411456
