-1000 0.000887102
-959.184 0.000931421
-918.367 0.000978449
-877.551 0.00102836
-836.735 0.00108135
-795.918 0.0011376
-755.102 0.00119732
-714.286 0.00126073
-673.469 0.00132804
-632.653 0.00139947
-591.837 0.00147524
-551.02 0.00155556
-510.204 0.00164064
-469.388 0.00173067
-428.571 0.00182579
-387.755 0.00192612
-346.939 0.00203171
-306.122 0.00214252
-265.306 0.00225841
-224.49 0.00237906
-183.673 0.00250397
-142.857 0.00263237
-102.041 0.00276314
-61.2245 0.00289471
-20.4082 0.00302493
20.4082 0.00315092
61.2245 0.00326883
102.041 0.00337362
142.857 0.0034587
183.673 0.00351555
224.49 0.00353322
265.306 0.00349775
306.122 0.00339152
346.939 0.00319247
387.755 0.00287343
428.571 0.00240151
469.388 0.00173799
510.204 0.000839064
551.02 -0.000341791
591.837 -0.00184875
632.653 -0.00371471
673.469 -0.00594742
714.286 -0.00851074
755.102 -0.011304
795.918 -0.0141467
836.735 -0.0167798
877.551 -0.0188962
918.367 -0.0202023
959.184 -0.0204964
1000 -0.0197308
