-1000 0.0119526
-959.184 0.0121588
-918.367 0.0120607
-877.551 0.0115127
-836.735 0.0103206
-795.918 0.00823502
-755.102 0.00495354
-714.286 0.00014299
-673.469 -0.00650006
-632.653 -0.0151315
-591.837 -0.0255819
-551.02 -0.0371642
-510.204 -0.0485848
-469.388 -0.058102
-428.571 -0.0639689
-387.755 -0.0649974
-346.939 -0.0609715
-306.122 -0.0527239
-265.306 -0.0418429
-224.49 -0.0301381
-183.673 -0.0191185
-142.857 -0.00971405
-102.041 -0.00228063
-61.2245 0.00323143
-20.4082 0.00708433
20.4082 0.00960944
61.2245 0.0111259
102.041 0.0119052
142.857 0.0121632
183.673 0.012064
224.49 0.0117287
265.306 0.0112449
306.122 0.0106749
346.939 0.0100621
387.755 0.00943632
428.571 0.00881735
469.388 0.0082181
510.204 0.00764647
551.02 0.00710692
591.837 0.00660153
632.653 0.00613077
673.469 0.00569403
714.286 0.00529004
755.102 0.00491711
795.918 0.00457332
836.735 0.00425669
877.551 0.00396521
918.367 0.00369692
959.184 0.00344995
1000 0.00322255
