-1000 0.00186311
-959.184 0.00195611
-918.367 0.0020517
-877.551 0.00214918
-836.735 0.00224758
-795.918 0.00234561
-755.102 0.00244154
-714.286 0.00253316
-673.469 0.00261762
-632.653 0.00269132
-591.837 0.00274973
-551.02 0.00278725
-510.204 0.00279705
-469.388 0.00277084
-428.571 0.00269876
-387.755 0.0025693
-346.939 0.00236925
-306.122 0.00208393
-265.306 0.00169752
-224.49 0.00119384
-183.673 0.000557467
-142.857 -0.000224581
-102.041 -0.0011607
-61.2245 -0.00225208
-20.4082 -0.00348977
20.4082 -0.00485206
61.2245 -0.00630241
102.041 -0.00778891
142.857 -0.00924576
183.673 -0.0105971
224.49 -0.0117635
265.306 -0.0126697
306.122 -0.0132531
346.939 -0.0134719
387.755 -0.0133099
428.571 -0.0127791
469.388 -0.0119178
510.204 -0.0107858
551.02 -0.00945713
591.837 -0.0080111
632.653 -0.00652455
673.469 -0.0050651
714.286 -0.00368689
755.102 -0.00242878
795.918 -0.0013146
836.735 -0.000355053
877.551 0.000449716
918.367 0.00110719
959.184 0.00162984
1000 0.00203281
