-1000 -0.0605177
-959.184 -0.181196
-918.367 -0.231976
-877.551 -0.249845
-836.735 -0.254889
-795.918 -0.238465
-755.102 -0.207544
-714.286 -0.107023
-673.469 0.0178059
-632.653 0.0873265
-591.837 0.102772
-551.02 0.0933839
-510.204 0.0775069
-469.388 0.0623029
-428.571 0.0496996
-387.755 0.0397666
-346.939 0.032064
-306.122 0.0261
-265.306 0.0214578
-224.49 0.0178146
-183.673 0.0149281
-142.857 0.0126187
-102.041 0.0107531
-61.2245 0.00923199
-20.4082 0.00798093
20.4082 0.00694346
61.2245 0.0060765
102.041 0.00534679
142.857 0.00472848
183.673 0.0042013
224.49 0.00374917
265.306 0.0033593
306.122 0.00302139
346.939 0.00272711
387.755 0.00246968
428.571 0.00224353
469.388 0.00204408
510.204 0.0018675
551.02 0.00171063
591.837 0.0015708
632.653 0.00144576
673.469 0.00133362
714.286 0.00123275
755.102 0.00114179
795.918 0.00105953
836.735 0.000984982
877.551 0.00091725
918.367 0.000855578
959.184 0.000799304
1000 0.000747852
