-1000 0.00442896
-959.184 0.00476326
-918.367 0.00509653
-877.551 0.00541306
-836.735 0.00568895
-795.918 0.0058889
-755.102 0.00596187
-714.286 0.00583577
-673.469 0.00541147
-632.653 0.00455736
-591.837 0.00310745
-551.02 0.000868988
-510.204 -0.00234995
-469.388 -0.00667885
-428.571 -0.0120783
-387.755 -0.0182017
-346.939 -0.0242904
-306.122 -0.0292278
-265.306 -0.031855
-224.49 -0.0314658
-183.673 -0.0281685
-142.857 -0.0228284
-102.041 -0.0166372
-61.2245 -0.0106405
-20.4082 -0.00549058
20.4082 -0.00144431
61.2245 0.00151347
102.041 0.00353603
142.857 0.0048197
183.673 0.0055521
224.49 0.00589086
265.306 0.00595906
306.122 0.00584851
346.939 0.00562548
387.755 0.00533664
428.571 0.00501405
469.388 0.00467931
510.204 0.0043465
551.02 0.00402452
591.837 0.00371864
632.653 0.0034317
673.469 0.00316491
714.286 0.00291841
755.102 0.00269166
795.918 0.00248371
836.735 0.00229341
877.551 0.00211947
918.367 0.0019606
959.184 0.00181554
1000 0.00168308
