-1000 0.00150459
-959.184 0.00165326
-918.367 0.00182184
-877.551 0.00201369
-836.735 0.0022329
-795.918 0.0024844
-755.102 0.00277421
-714.286 0.00310969
-673.469 0.00349993
-632.653 0.00395616
-591.837 0.00449239
-551.02 0.00512616
-510.204 0.00587955
-469.388 0.00678051
-428.571 0.00786453
-387.755 0.00917679
-346.939 0.0107749
-306.122 0.0127317
-265.306 0.015139
-224.49 0.018109
-183.673 0.0217723
-142.857 0.0262651
-102.041 0.0316857
-61.2245 0.0379819
-20.4082 0.044666
20.4082 0.0501169
61.2245 0.0499402
102.041 0.0335938
142.857 -0.0194208
183.673 -0.128795
224.49 -0.255456
265.306 -0.27505
306.122 -0.162852
346.939 -0.0413217
387.755 0.0247903
428.571 0.0479843
469.388 0.0508723
510.204 0.04625
551.02 0.0396525
591.837 0.0331859
632.653 0.0275314
673.469 0.0228128
714.286 0.0189544
755.102 0.0158239
795.918 0.0132873
836.735 0.0112272
877.551 0.00954695
918.367 0.00816918
959.184 0.00703277
1000 0.00608972
