-1000 0.0678545
-959.184 0.07051
-918.367 0.0708809
-877.551 0.0673941
-836.735 0.0579439
-795.918 0.0402573
-755.102 0.0130386
-714.286 -0.0221778
-673.469 -0.0600838
-632.653 -0.0938691
-591.837 -0.119287
-551.02 -0.135878
-510.204 -0.145374
-469.388 -0.150119
-428.571 -0.152044
-387.755 -0.152543
-346.939 -0.152521
-306.122 -0.152427
-265.306 -0.152485
-224.49 -0.152565
-183.673 -0.152291
-142.857 -0.150921
-102.041 -0.147195
-61.2245 -0.139365
-20.4082 -0.125138
20.4082 -0.102457
61.2245 -0.0709239
102.041 -0.0335861
142.857 0.00314028
183.673 0.0330946
224.49 0.0535955
265.306 0.0652917
306.122 0.0703264
346.939 0.0709219
387.755 0.0688194
428.571 0.0652201
469.388 0.0608975
510.204 0.0563279
551.02 0.0517933
591.837 0.0474526
632.653 0.0433882
673.469 0.0396356
714.286 0.0362024
755.102 0.03308
795.918 0.0302511
836.735 0.0276937
877.551 0.0253847
918.367 0.0233008
959.184 0.0214197
1000 0.0197208
