-1000 0.000450076
-959.184 0.000170117
-918.367 -0.000194777
-877.551 -0.000650846
-836.735 -0.00119681
-795.918 -0.00182007
-755.102 -0.0024934
-714.286 -0.00317356
-673.469 -0.00380347
-632.653 -0.00431899
-591.837 -0.00465997
-551.02 -0.00478294
-510.204 -0.00467155
-469.388 -0.00434064
-428.571 -0.0038325
-387.755 -0.00320677
-346.939 -0.00252767
-306.122 -0.00185284
-265.306 -0.0012263
-224.49 -0.000676062
-183.673 -0.000215389
-142.857 0.000153963
-102.041 0.000437944
-61.2245 0.000646816
-20.4082 0.000792557
20.4082 0.000887138
61.2245 0.000941517
102.041 0.000965176
142.857 0.000965988
183.673 0.000950297
224.49 0.000923093
265.306 0.000888221
306.122 0.00084859
346.939 0.000806363
387.755 0.000763122
428.571 0.000719997
469.388 0.000677775
510.204 0.000636989
551.02 0.000597977
591.837 0.000560939
632.653 0.000525974
673.469 0.000493105
714.286 0.000462307
755.102 0.00043352
795.918 0.000406661
836.735 0.000381633
877.551 0.000358332
918.367 0.000336652
959.184 0.000316487
1000 0.000297732
