-1000 0.000619864
-959.184 0.000642174
-918.367 0.000664185
-877.551 0.000685585
-836.735 0.000705992
-795.918 0.000724936
-755.102 0.000741853
-714.286 0.00075606
-673.469 0.000766744
-632.653 0.000772943
-591.837 0.000773526
-551.02 0.000767178
-510.204 0.000752385
-469.388 0.000727425
-428.571 0.000690366
-387.755 0.000639077
-346.939 0.000571255
-306.122 0.000484477
-265.306 0.000376276
-224.49 0.000244259
-183.673 8.62613e-05
-142.857 -9.94548e-05
-102.041 -0.000313959
-61.2245 -0.000557375
-20.4082 -0.000828587
20.4082 -0.00112496
61.2245 -0.00144208
102.041 -0.00177362
142.857 -0.00211135
183.673 -0.00244524
224.49 -0.0027639
265.306 -0.00305515
306.122 -0.00330679
346.939 -0.0035075
387.755 -0.00364775
428.571 -0.0037206
469.388 -0.0037224
510.204 -0.00365303
551.02 -0.00351602
591.837 -0.00331812
632.653 -0.00306877
673.469 -0.00277921
714.286 -0.00246163
755.102 -0.00212822
795.918 -0.00179044
836.735 -0.00145837
877.551 -0.00114036
918.367 -0.000842838
959.184 -0.00057029
1000 -0.000325447
