-1000 0.00303561
-959.184 0.00287915
-918.367 0.00263745
-877.551 0.00229447
-836.735 0.00183431
-795.918 0.00124261
-755.102 0.000508431
-714.286 -0.000373646
-673.469 -0.00140122
-632.653 -0.00256216
-591.837 -0.00383338
-551.02 -0.00518085
-510.204 -0.0065611
-469.388 -0.00792396
-428.571 -0.00921646
-387.755 -0.0103868
-346.939 -0.0113882
-306.122 -0.0121814
-265.306 -0.0127363
-224.49 -0.0130326
-183.673 -0.0130597
-142.857 -0.0128167
-102.041 -0.0123122
-61.2245 -0.0115646
-20.4082 -0.010602
20.4082 -0.00946189
61.2245 -0.00818979
102.041 -0.00683674
142.857 -0.00545581
183.673 -0.00409804
224.49 -0.00280852
265.306 -0.00162332
306.122 -0.00056776
346.939 0.000343897
387.755 0.00110744
428.571 0.0017269
469.388 0.0022123
510.204 0.00257748
551.02 0.00283814
591.837 0.00301039
632.653 0.00310968
673.469 0.00315011
714.286 0.00314414
755.102 0.00310245
795.918 0.00303398
836.735 0.00294609
877.551 0.00284472
918.367 0.0027346
959.184 0.00261943
1000 0.00250207
