-1000 0.00543724
-959.184 0.00451036
-918.367 0.00304183
-877.551 0.000859972
-836.735 -0.0022212
-795.918 -0.00636327
-755.102 -0.0116267
-714.286 -0.0178506
-673.469 -0.0245174
-632.653 -0.0306919
-591.837 -0.0351649
-551.02 -0.0368591
-510.204 -0.0353227
-469.388 -0.0309663
-428.571 -0.0248473
-387.755 -0.0181795
-346.939 -0.0119177
-306.122 -0.00660002
-265.306 -0.00240202
-224.49 0.000728806
-183.673 0.00295121
-142.857 0.00445112
-102.041 0.00540142
-61.2245 0.00594667
-20.4082 0.0062008
20.4082 0.00625052
61.2245 0.00616025
102.041 0.00597717
142.857 0.00573532
183.673 0.00545907
224.49 0.00516558
265.306 0.00486681
306.122 0.00457092
346.939 0.00428334
387.755 0.00400753
428.571 0.00374555
469.388 0.00349848
510.204 0.0032667
551.02 0.00305011
591.837 0.00284833
632.653 0.00266073
673.469 0.0024866
714.286 0.00232514
755.102 0.00217552
795.918 0.00203694
836.735 0.0019086
877.551 0.00178973
918.367 0.00167961
959.184 0.00157756
1000 0.00148295
