-1000 0.000561931
-959.184 0.000605825
-918.367 0.000653783
-877.551 0.000706158
-836.735 0.000763305
-795.918 0.000825564
-755.102 0.000893232
-714.286 0.000966529
-673.469 0.00104554
-632.653 0.00113013
-591.837 0.00121984
-551.02 0.00131369
-510.204 0.00141001
-469.388 0.00150603
-428.571 0.00159754
-387.755 0.00167822
-346.939 0.00173899
-306.122 0.00176701
-265.306 0.00174471
-224.49 0.00164877
-183.673 0.00144943
-142.857 0.00111079
-102.041 0.000592968
-61.2245 -0.000142472
-20.4082 -0.00112254
20.4082 -0.00234771
61.2245 -0.00377357
102.041 -0.00529533
142.857 -0.00674563
183.673 -0.00791637
224.49 -0.00860733
265.306 -0.00868743
306.122 -0.00814085
346.939 -0.00707294
387.755 -0.00567233
428.571 -0.00415055
469.388 -0.00268833
510.204 -0.00140668
551.02 -0.000363948
591.837 0.000430859
632.653 0.000999718
673.469 0.00137935
714.286 0.00160994
755.102 0.00172868
795.918 0.00176696
836.735 0.00174966
877.551 0.00169571
918.367 0.00161902
959.184 0.00152954
1000 0.00143418
