-1000 0.00200053
-959.184 0.00209251
-918.367 0.00218865
-877.551 0.00228895
-836.735 0.00239337
-795.918 0.00250181
-755.102 0.00261407
-714.286 0.00272985
-673.469 0.00284871
-632.653 0.00297004
-591.837 0.00309302
-551.02 0.00321659
-510.204 0.00333935
-469.388 0.00345953
-428.571 0.00357492
-387.755 0.00368272
-346.939 0.00377948
-306.122 0.00386096
-265.306 0.00392201
-224.49 0.00395636
-183.673 0.00395654
-142.857 0.00391365
-102.041 0.00381724
-61.2245 0.00365521
-20.4082 0.0034137
20.4082 0.0030772
61.2245 0.00262871
102.041 0.0020502
142.857 0.00132336
183.673 0.000430733
224.49 -0.000642626
265.306 -0.00190699
306.122 -0.0033653
346.939 -0.0050101
387.755 -0.00682047
428.571 -0.00875937
469.388 -0.0107721
510.204 -0.0127866
551.02 -0.0147162
591.837 -0.0164651
632.653 -0.0179362
673.469 -0.0190407
714.286 -0.0197079
755.102 -0.0198936
795.918 -0.0195851
836.735 -0.0188032
877.551 -0.0175995
918.367 -0.0160502
959.184 -0.0142469
1000 -0.0122874
