-1000 0.000513739
-959.184 0.000535273
-918.367 0.000557438
-877.551 0.000580161
-836.735 0.000603344
-795.918 0.000626857
-755.102 0.000650529
-714.286 0.000674147
-673.469 0.000697438
-632.653 0.000720065
-591.837 0.000741608
-551.02 0.000761557
-510.204 0.000779288
-469.388 0.000794048
-428.571 0.000804933
-387.755 0.000810867
-346.939 0.000810578
-306.122 0.000802574
-265.306 0.000785126
-224.49 0.000756245
-183.673 0.000713675
-142.857 0.000654901
-102.041 0.000577166
-61.2245 0.000477522
-20.4082 0.00035292
20.4082 0.000200338
61.2245 1.69805e-05
102.041 -0.00019947
142.857 -0.000450514
183.673 -0.000736439
224.49 -0.00105587
265.306 -0.00140528
306.122 -0.00177862
346.939 -0.00216699
387.755 -0.00255859
428.571 -0.00293898
469.388 -0.00329179
510.204 -0.00359979
551.02 -0.00384638
591.837 -0.00401723
632.653 -0.00410187
673.469 -0.00409494
714.286 -0.0039969
755.102 -0.00381391
795.918 -0.00355711
836.735 -0.0032413
877.551 -0.00288326
918.367 -0.00250018
959.184 -0.00210821
1000 -0.00172141
