-1000 0.0021233
-959.184 0.00226847
-918.367 0.00242626
-877.551 0.00259792
-836.735 0.0027848
-795.918 0.00298837
-755.102 0.00321021
-714.286 0.00345199
-673.469 0.00371546
-632.653 0.00400242
-591.837 0.00431461
-551.02 0.00465365
-510.204 0.00502087
-469.388 0.0054171
-428.571 0.00584229
-387.755 0.0062951
-346.939 0.00677222
-306.122 0.00726741
-265.306 0.00777035
-224.49 0.00826493
-183.673 0.00872724
-142.857 0.00912303
-102.041 0.00940503
-61.2245 0.00951034
-20.4082 0.00935902
20.4082 0.00885511
61.2245 0.00789243
102.041 0.00636708
142.857 0.00419832
183.673 0.00135564
224.49 -0.00211427
265.306 -0.00607258
306.122 -0.010297
346.939 -0.0145179
387.755 -0.0184715
428.571 -0.0219494
469.388 -0.0248256
510.204 -0.0270562
551.02 -0.0286567
591.837 -0.0296717
632.653 -0.0301469
673.469 -0.0301087
714.286 -0.0295548
755.102 -0.0284551
795.918 -0.0267626
836.735 -0.0244351
877.551 -0.0214639
918.367 -0.0179046
959.184 -0.0138958
1000 -0.00965677
