-1000 0.000365393
-959.184 0.000373345
-918.367 0.000379007
-877.551 0.000381659
-836.735 0.000380439
-795.918 0.000374321
-755.102 0.000362103
-714.286 0.0003424
-673.469 0.000313644
-632.653 0.000274103
-591.837 0.000221925
-551.02 0.00015521
-510.204 7.21249e-05
-469.388 -2.89301e-05
-428.571 -0.000149102
-387.755 -0.00028881
-346.939 -0.000447436
-306.122 -0.000622996
-265.306 -0.000811858
-224.49 -0.00100856
-183.673 -0.0012058
-142.857 -0.00139472
-102.041 -0.00156542
-61.2245 -0.00170786
-20.4082 -0.00181283
20.4082 -0.00187311
61.2245 -0.00188438
102.041 -0.00184582
142.857 -0.00176022
183.673 -0.0016336
224.49 -0.0014744
265.306 -0.00129242
306.122 -0.00109775
346.939 -0.000899798
387.755 -0.000706622
428.571 -0.000524519
469.388 -0.000357934
510.204 -0.000209562
551.02 -8.05963e-05
591.837 2.89559e-05
632.653 0.000119951
673.469 0.000193815
714.286 0.0002523
755.102 0.000297293
795.918 0.00033068
836.735 0.000354253
877.551 0.000369657
918.367 0.00037836
959.184 0.000381647
1000 0.000380621
