-1000 0.00195094
-959.184 0.00207206
-918.367 0.00219587
-877.551 0.00232017
-836.735 0.00244182
-795.918 0.00255642
-755.102 0.002658
-714.286 0.00273854
-673.469 0.00278752
-632.653 0.00279139
-591.837 0.0027331
-551.02 0.00259175
-510.204 0.00234257
-469.388 0.00195752
-428.571 0.00140675
-387.755 0.000661447
-346.939 -0.000301771
-306.122 -0.00149477
-265.306 -0.00291068
-224.49 -0.00451674
-183.673 -0.00624922
-142.857 -0.00801295
-102.041 -0.00968708
-61.2245 -0.0111379
-20.4082 -0.0122363
20.4082 -0.0128778
61.2245 -0.0129986
102.041 -0.0125865
142.857 -0.0116828
183.673 -0.0103756
224.49 -0.00878528
265.306 -0.00704578
306.122 -0.0052857
346.939 -0.00361294
387.755 -0.00210563
428.571 -0.000810077
469.388 0.000256021
510.204 0.00109702
551.02 0.00173197
591.837 0.00218788
632.653 0.00249457
673.469 0.00268117
714.286 0.00277401
755.102 0.00279578
795.918 0.00276522
836.735 0.00269741
877.551 0.00260417
918.367 0.00249458
959.184 0.00237547
1000 0.00225191
