-1000 0.000300871
-959.184 0.000310522
-918.367 0.000320054
-877.551 0.00032936
-836.735 0.000338309
-795.918 0.000346746
-755.102 0.000354485
-714.286 0.000361308
-673.469 0.000366956
-632.653 0.000371127
-591.837 0.00037347
-551.02 0.00037358
-510.204 0.000370992
-469.388 0.000365177
-428.571 0.000355539
-387.755 0.000341412
-346.939 0.000322065
-306.122 0.000296701
-265.306 0.000264472
-224.49 0.000224491
-183.673 0.000175863
-142.857 0.00011771
-102.041 4.92257e-05
-61.2245 -3.02742e-05
-20.4082 -0.000121277
20.4082 -0.000223993
61.2245 -0.000338265
102.041 -0.000463478
142.857 -0.000598467
183.673 -0.000741444
224.49 -0.000889954
265.306 -0.00104087
306.122 -0.00119044
346.939 -0.00133439
387.755 -0.00146814
428.571 -0.00158699
469.388 -0.00168644
510.204 -0.0017625
551.02 -0.00181197
591.837 -0.0018327
632.653 -0.00182379
673.469 -0.00178562
714.286 -0.00171987
755.102 -0.00162934
795.918 -0.00151773
836.735 -0.00138938
877.551 -0.00124895
918.367 -0.00110109
959.184 -0.000950228
1000 -0.000800344
