-1000 0.000997423
-959.184 0.00104265
-918.367 0.0010898
-877.551 0.00113885
-836.735 0.00118976
-795.918 0.00124241
-755.102 0.00129668
-714.286 0.00135236
-673.469 0.00140916
-632.653 0.0014667
-591.837 0.00152448
-551.02 0.00158188
-510.204 0.00163809
-469.388 0.00169209
-428.571 0.00174263
-387.755 0.00178815
-346.939 0.00182676
-306.122 0.00185618
-265.306 0.00187365
-224.49 0.0018759
-183.673 0.00185908
-142.857 0.00181872
-102.041 0.00174966
-61.2245 0.00164609
-20.4082 0.00150156
20.4082 0.0013091
61.2245 0.0010614
102.041 0.000751104
142.857 0.000371285
183.673 -8.39922e-05
224.49 -0.000618888
265.306 -0.00123488
306.122 -0.00192976
346.939 -0.00269658
387.755 -0.00352282
428.571 -0.00438976
469.388 -0.00527242
510.204 -0.00614014
551.02 -0.00695802
591.837 -0.00768905
632.653 -0.00829701
673.469 -0.00874956
714.286 -0.00902139
755.102 -0.00909682
795.918 -0.00897142
836.735 -0.00865252
877.551 -0.00815843
918.367 -0.00751646
959.184 -0.00676023
1000 -0.00592646
