-1000 0.00167512
-959.184 0.00177189
-918.367 0.00187576
-877.551 0.00198736
-836.735 0.00210735
-795.918 0.00223647
-755.102 0.00237553
-714.286 0.00252541
-673.469 0.00268706
-632.653 0.00286156
-591.837 0.00305003
-551.02 0.00325374
-510.204 0.00347404
-469.388 0.0037124
-428.571 0.00397042
-387.755 0.00424979
-346.939 0.00455232
-306.122 0.00487992
-265.306 0.00523456
-224.49 0.00561824
-183.673 0.00603293
-142.857 0.00648042
-102.041 0.00696221
-61.2245 0.00747921
-20.4082 0.00803134
20.4082 0.00861697
61.2245 0.00923194
102.041 0.00986812
142.857 0.0105111
183.673 0.0111367
224.49 0.0117052
265.306 0.0121523
306.122 0.0123745
346.939 0.0122065
387.755 0.0113849
428.571 0.00949579
469.388 0.00590589
510.204 -0.000300212
551.02 -0.0102903
591.837 -0.0251463
632.653 -0.0448749
673.469 -0.0667334
714.286 -0.084269
755.102 -0.0898921
795.918 -0.0807384
836.735 -0.0613655
877.551 -0.0395723
918.367 -0.020943
959.184 -0.00737104
1000 0.00155762
