-1000 0.0131457
-959.184 0.0148437
-918.367 0.016859
-877.551 0.0192706
-836.735 0.0221819
-795.918 0.0257293
-755.102 0.0300944
-714.286 0.0355198
-673.469 0.0423289
-632.653 0.0509461
-591.837 0.0619033
-551.02 0.0757884
-510.204 0.0930032
-469.388 0.112974
-428.571 0.131978
-387.755 0.138351
-346.939 0.107237
-306.122 0.0153446
-265.306 -0.0977321
-224.49 -0.143576
-183.673 -0.143386
-142.857 -0.132393
-102.041 -0.104582
-61.2245 -0.0938673
-20.4082 -0.0751004
20.4082 -0.0637766
61.2245 -0.0593333
102.041 -0.0455029
142.857 -0.0481912
183.673 -0.0386204
224.49 -0.0378821
265.306 -0.0384998
306.122 -0.031283
346.939 -0.0386954
387.755 -0.0320329
428.571 -0.0368601
469.388 -0.0390949
510.204 -0.0369937
551.02 -0.047948
591.837 -0.045144
632.653 -0.056992
673.469 -0.0638725
714.286 -0.0718275
755.102 -0.0922425
795.918 -0.101802
836.735 -0.128444
877.551 -0.142988
918.367 -0.144515
959.184 -0.110126
1000 -0.00256615
