-1000 0.0112727
-959.184 0.0122832
-918.367 0.0130033
-877.551 0.0130827
-836.735 0.0119413
-795.918 0.00868474
-755.102 0.00208998
-714.286 -0.00914095
-673.469 -0.0255128
-632.653 -0.0451033
-591.837 -0.062271
-551.02 -0.0694854
-510.204 -0.0629256
-469.388 -0.0460813
-428.571 -0.026447
-387.755 -0.0098404
-346.939 0.0016481
-306.122 0.00844557
-265.306 0.0118376
-224.49 0.0130607
-183.673 0.0130262
-142.857 0.0123282
-102.041 0.0113266
-61.2245 0.0102275
-20.4082 0.00914263
20.4082 0.00812759
61.2245 0.00720617
102.041 0.00638448
142.857 0.00565944
183.673 0.00502356
224.49 0.00446766
265.306 0.00398228
306.122 0.00355846
346.939 0.00318804
387.755 0.00286379
428.571 0.00257939
469.388 0.0023294
510.204 0.00210911
551.02 0.00191451
591.837 0.00174216
632.653 0.00158912
673.469 0.00145287
714.286 0.00133127
755.102 0.00122247
795.918 0.00112488
836.735 0.00103714
877.551 0.00095808
918.367 0.000886669
959.184 0.000822032
1000 0.000763401
