-1000 -0.0174796
-959.184 -0.0266296
-918.367 -0.0349017
-877.551 -0.0416029
-836.735 -0.0464202
-795.918 -0.049331
-755.102 -0.0504284
-714.286 -0.0497716
-673.469 -0.0473236
-632.653 -0.0429885
-591.837 -0.0367429
-551.02 -0.0288133
-510.204 -0.019799
-469.388 -0.0106188
-428.571 -0.00225435
-387.755 0.0045627
-346.939 0.00952084
-306.122 0.0126933
-265.306 0.0143847
-224.49 0.0149754
-183.673 0.0148191
-142.857 0.0141992
-102.041 0.0133216
-61.2245 0.0123265
-20.4082 0.0113033
20.4082 0.0103061
61.2245 0.00936486
102.041 0.00849445
142.857 0.00770001
183.673 0.00698108
224.49 0.006334
265.306 0.00575348
306.122 0.00523362
346.939 0.0047684
387.755 0.00435205
428.571 0.00397922
469.388 0.00364502
510.204 0.00334506
551.02 0.00307544
591.837 0.00283269
632.653 0.00261375
673.469 0.00241595
714.286 0.00223692
755.102 0.00207458
795.918 0.00192712
836.735 0.00179293
877.551 0.0016706
918.367 0.00155889
959.184 0.0014567
1000 0.00136307
