-1000 0.0707562
-959.184 0.0904118
-918.367 0.119137
-877.551 0.163853
-836.735 0.239715
-795.918 0.38387
-755.102 0.68744
-714.286 1.12113
-673.469 -2.45143
-632.653 -3.93695
-591.837 1.09837
-551.02 0.754714
-510.204 0.416006
-469.388 0.255572
-428.571 0.172693
-387.755 0.124584
-346.939 0.0940251
-306.122 0.0732877
-265.306 0.0585071
-224.49 0.0475744
-183.673 0.0392542
-142.857 0.0327793
-102.041 0.0276499
-61.2245 0.0235268
-20.4082 0.0201721
20.4082 0.017414
61.2245 0.0151261
102.041 0.0132128
142.857 0.0116015
183.673 0.0102356
224.49 0.00907088
265.306 0.0080722
306.122 0.00721151
346.939 0.0064662
387.755 0.00581792
428.571 0.00525166
469.388 0.00475508
510.204 0.00431795
551.02 0.0039318
591.837 0.00358952
632.653 0.00328516
673.469 0.00301369
714.286 0.00277085
755.102 0.00255301
795.918 0.00235709
836.735 0.00218043
877.551 0.00202076
918.367 0.0018761
959.184 0.00174475
1000 0.00162523
