-1000 0.00633922
-959.184 0.00713806
-918.367 0.00807326
-877.551 0.00917444
-836.735 0.0104791
-795.918 0.0120352
-755.102 0.0139045
-714.286 0.0161677
-673.469 0.0189313
-632.653 0.0223381
-591.837 0.0265823
-551.02 0.0319339
-510.204 0.038777
-469.388 0.0476754
-428.571 0.0594879
-387.755 0.0755881
-346.939 0.0983099
-306.122 0.131935
-265.306 0.185103
-224.49 0.277364
-183.673 0.457884
-142.857 0.834732
-102.041 0.992181
-61.2245 -5.36128
-20.4082 -1.16326
20.4082 1.09761
61.2245 0.632944
102.041 0.36032
142.857 0.228922
183.673 0.157893
224.49 0.115049
265.306 0.0870551
306.122 0.0676933
346.939 0.0537395
387.755 0.0433706
428.571 0.0354822
469.388 0.0293673
510.204 0.0245536
551.02 0.0207145
591.837 0.0176176
632.653 0.0150944
673.469 0.0130199
714.286 0.0113002
755.102 0.00986404
795.918 0.00865618
836.735 0.00763381
877.551 0.00676324
918.367 0.00601777
959.184 0.00537606
1000 0.00482094
