-1000 0.00033958
-959.184 0.000358474
-918.367 0.000378235
-877.551 0.000398801
-836.735 0.000420069
-795.918 0.000441888
-755.102 0.000464036
-714.286 0.000486212
-673.469 0.000508002
-632.653 0.000528859
-591.837 0.000548065
-551.02 0.000564692
-510.204 0.000577555
-469.388 0.000585161
-428.571 0.000585651
-387.755 0.000576746
-346.939 0.000555698
-306.122 0.00051926
-265.306 0.000463694
-224.49 0.000384833
-183.673 0.000278244
-142.857 0.000139504
-102.041 -3.53467e-05
-61.2245 -0.000249161
-20.4082 -0.000502851
20.4082 -0.000794411
61.2245 -0.00111791
102.041 -0.00146271
142.857 -0.00181312
183.673 -0.00214897
224.49 -0.00244708
265.306 -0.00268392
306.122 -0.00283882
346.939 -0.00289739
387.755 -0.00285399
428.571 -0.00271281
469.388 -0.00248707
510.204 -0.00219668
551.02 -0.00186497
591.837 -0.00151536
632.653 -0.0011686
673.469 -0.000841104
714.286 -0.000544267
755.102 -0.000284683
795.918 -6.48861e-05
836.735 0.000115664
877.551 0.000259587
918.367 0.000370723
959.184 0.000453456
1000 0.000512242
