-1000 0.0034884
-959.184 0.00380187
-918.367 0.00412868
-877.551 0.00445887
-836.735 0.0047758
-795.918 0.00505301
-755.102 0.00524986
-714.286 0.00530592
-673.469 0.00513418
-632.653 0.00461425
-591.837 0.00358818
-551.02 0.00186499
-510.204 -0.00075545
-469.388 -0.00442444
-428.571 -0.00914029
-387.755 -0.014609
-346.939 -0.0201348
-306.122 -0.0246641
-265.306 -0.0270887
-224.49 -0.0267288
-183.673 -0.0236892
-142.857 -0.0188014
-102.041 -0.0132021
-61.2245 -0.00787293
-20.4082 -0.00340512
20.4082 -6.30542e-06
61.2245 0.00237233
102.041 0.00390216
142.857 0.00478487
183.673 0.00520443
224.49 0.00530934
265.306 0.00521109
306.122 0.00498937
346.939 0.00469905
387.755 0.00437677
428.571 0.00404618
469.388 0.00372198
510.204 0.00341284
551.02 0.00312342
591.837 0.00285578
632.653 0.00261037
673.469 0.00238662
714.286 0.00218339
755.102 0.00199925
795.918 0.00183264
836.735 0.00168199
877.551 0.0015458
918.367 0.00142263
959.184 0.00131117
1000 0.00121023
