-1000 0.00296386
-959.184 0.00325421
-918.367 0.00358311
-877.551 0.00395703
-836.735 0.00438382
-795.918 0.00487298
-755.102 0.00543608
-714.286 0.00608733
-673.469 0.00684427
-632.653 0.00772872
-591.837 0.00876799
-551.02 0.00999658
-510.204 0.0114584
-469.388 0.01321
-428.571 0.0153247
-387.755 0.0178991
-346.939 0.0210617
-306.122 0.0249866
-265.306 0.0299138
-224.49 0.0361818
-183.673 0.0442815
-142.857 0.0549506
-102.041 0.0693471
-61.2245 0.0893946
-20.4082 0.118522
20.4082 0.163405
61.2245 0.238532
102.041 0.379241
142.857 0.673123
183.673 1.12315
224.49 -1.98506
265.306 -4.42858
306.122 1.08083
346.939 0.785501
387.755 0.433237
428.571 0.26536
469.388 0.178489
510.204 0.127889
551.02 0.0956403
591.837 0.0737293
632.653 0.0581419
673.469 0.0466717
714.286 0.0380113
755.102 0.0313391
795.918 0.0261132
836.735 0.0219634
877.551 0.0186287
918.367 0.0159209
959.184 0.0137013
1000 0.0118666
