-1000 0.000242236
-959.184 0.00024838
-918.367 0.00025373
-877.551 0.000258034
-836.735 0.000260987
-795.918 0.000262233
-755.102 0.000261351
-714.286 0.000257853
-673.469 0.000251176
-632.653 0.000240684
-591.837 0.000225661
-551.02 0.00020532
-510.204 0.000178813
-469.388 0.000145252
-428.571 0.00010374
-387.755 5.34193e-05
-346.939 -6.46957e-06
-306.122 -7.6503e-05
-265.306 -0.000156978
-224.49 -0.000247799
-183.673 -0.000348357
-142.857 -0.000457416
-102.041 -0.000573018
-61.2245 -0.000692431
-20.4082 -0.000812162
20.4082 -0.000928061
61.2245 -0.00103551
102.041 -0.00112973
142.857 -0.00120613
183.673 -0.00126073
224.49 -0.00129054
265.306 -0.0012939
306.122 -0.0012706
346.939 -0.00122196
387.755 -0.00115067
428.571 -0.00106049
469.388 -0.000955902
510.204 -0.00084167
551.02 -0.000722486
591.837 -0.000602638
632.653 -0.000485797
673.469 -0.000374888
714.286 -0.000272062
755.102 -0.000178727
795.918 -9.5639e-05
836.735 -2.30097e-05
877.551 3.93704e-05
918.367 9.20179e-05
959.184 0.000135654
1000 0.000171119
