-1000 0.00909259
-959.184 0.00999667
-918.367 0.011023
-877.551 0.0121926
-836.735 0.013531
-795.918 0.0150694
-755.102 0.0168457
-714.286 0.0189071
-673.469 0.021312
-632.653 0.0241335
-591.837 0.0274641
-551.02 0.0314215
-510.204 0.0361571
-469.388 0.0418681
-428.571 0.0488143
-387.755 0.0573431
-346.939 0.0679278
-306.122 0.0812261
-265.306 0.0981776
-224.49 0.12017
-183.673 0.149347
-142.857 0.189204
-102.041 0.245886
-61.2245 0.331251
-20.4082 0.471022
20.4082 0.72741
61.2245 1.2282
102.041 1.35956
142.857 -5.23567
183.673 0.942731
224.49 -0.412464
265.306 -2.8956
306.122 2.02778
346.939 -5.55906
387.755 0.634967
428.571 1.39042
469.388 0.824021
510.204 0.520364
551.02 0.359561
591.837 0.26387
632.653 0.201468
673.469 0.15813
714.286 0.126684
755.102 0.103136
795.918 0.0850766
836.735 0.070967
877.551 0.0597746
918.367 0.0507821
959.184 0.043477
1000 0.0374845
