-1000 -0.000885953
-959.184 -0.00111132
-918.367 -0.00134423
-877.551 -0.00157809
-836.735 -0.00180506
-795.918 -0.00201646
-755.102 -0.00220326
-714.286 -0.00235676
-673.469 -0.00246933
-632.653 -0.00253508
-591.837 -0.00255048
-551.02 -0.00251468
-510.204 -0.00242964
-469.388 -0.00229987
-428.571 -0.00213206
-387.755 -0.00193434
-346.939 -0.00171564
-306.122 -0.00148491
-265.306 -0.00125056
-224.49 -0.00101995
-183.673 -0.000799129
-142.857 -0.000592711
-102.041 -0.000403876
-61.2245 -0.000234511
-20.4082 -8.53918e-05
20.4082 4.35954e-05
61.2245 0.000153235
102.041 0.000244778
142.857 0.000319768
183.673 0.000379901
224.49 0.000426913
265.306 0.000462501
306.122 0.000488273
346.939 0.000505711
387.755 0.000516154
428.571 0.000520794
469.388 0.000520674
510.204 0.0005167
551.02 0.000509649
591.837 0.000500182
632.653 0.000488855
673.469 0.000476137
714.286 0.000462413
755.102 0.000448005
795.918 0.000433174
836.735 0.000418132
877.551 0.000403051
918.367 0.000388066
959.184 0.000373286
1000 0.000358792
