-1000 0.00167282
-959.184 0.00160296
-918.367 0.00148715
-877.551 0.00131494
-836.735 0.00107503
-795.918 0.000755832
-755.102 0.000346401
-714.286 -0.000162207
-673.469 -0.000775187
-632.653 -0.0014919
-591.837 -0.00230366
-551.02 -0.00319188
-510.204 -0.0041269
-469.388 -0.00506823
-428.571 -0.00596654
-387.755 -0.00676753
-346.939 -0.00741733
-306.122 -0.00786875
-265.306 -0.00808729
-224.49 -0.00805576
-183.673 -0.00777665
-142.857 -0.00727181
-102.041 -0.00657942
-61.2245 -0.00574893
-20.4082 -0.00483488
20.4082 -0.0038908
61.2245 -0.00296409
102.041 -0.00209264
142.857 -0.00130331
183.673 -0.000612072
224.49 -2.53896e-05
265.306 0.000457757
306.122 0.000843685
346.939 0.00114199
387.755 0.00136389
428.571 0.00152096
469.388 0.00162435
510.204 0.00168421
551.02 0.00170952
591.837 0.00170793
632.653 0.00168587
673.469 0.00164862
714.286 0.00160045
755.102 0.00154475
795.918 0.00148422
836.735 0.00142094
877.551 0.00135649
918.367 0.00129207
959.184 0.00122858
1000 0.00116666
