-1000 -0.000364765
-959.184 -0.00101449
-918.367 -0.00176593
-877.551 -0.00260712
-836.735 -0.00351567
-795.918 -0.00445801
-755.102 -0.00539025
-714.286 -0.00626079
-673.469 -0.00701478
-632.653 -0.00759998
-591.837 -0.00797301
-551.02 -0.008105
-510.204 -0.0079855
-469.388 -0.00762398
-428.571 -0.00704846
-387.755 -0.00630171
-346.939 -0.0054357
-306.122 -0.00450527
-265.306 -0.00356231
-224.49 -0.00265118
-183.673 -0.001806
-142.857 -0.00104971
-102.041 -0.000394756
-61.2245 0.000155256
-20.4082 0.00060345
20.4082 0.000957506
61.2245 0.00122775
102.041 0.00142565
142.857 0.00156271
183.673 0.00164977
224.49 0.00169658
265.306 0.00171167
306.122 0.00170224
346.939 0.00167432
387.755 0.00163281
428.571 0.00158166
469.388 0.001524
510.204 0.0014623
551.02 0.00139844
591.837 0.00133388
632.653 0.00126971
673.469 0.0012067
714.286 0.00114545
755.102 0.00108633
795.918 0.00102962
836.735 0.000975451
877.551 0.000923908
918.367 0.000875003
959.184 0.000828707
1000 0.000784959
