-1000 0.00185371
-959.184 0.00196489
-918.367 0.00208084
-877.551 0.00220084
-836.735 0.00232374
-795.918 0.00244787
-755.102 0.00257088
-714.286 0.00268955
-673.469 0.00279951
-632.653 0.00289497
-591.837 0.00296836
-551.02 0.00300992
-510.204 0.00300726
-469.388 0.00294495
-428.571 0.00280409
-387.755 0.0025622
-346.939 0.00219335
-306.122 0.00166892
-265.306 0.000959332
-224.49 3.69801e-05
-183.673 -0.0011192
-142.857 -0.00251752
-102.041 -0.00414597
-61.2245 -0.00596452
-20.4082 -0.00789918
20.4082 -0.00984062
61.2245 -0.01165
102.041 -0.0131737
142.857 -0.0142651
183.673 -0.0148099
224.49 -0.0147485
265.306 -0.0140875
306.122 -0.0128992
346.939 -0.011306
387.755 -0.00945812
428.571 -0.00750772
469.388 -0.00558863
510.204 -0.00380333
551.02 -0.0022187
591.837 -0.000868619
632.653 0.000239622
673.469 0.00111745
714.286 0.00178768
755.102 0.00227862
795.918 0.00261986
836.735 0.00283957
877.551 0.00296304
918.367 0.00301202
959.184 0.0030047
1000 0.00295588
