-1000 0.000155775
-959.184 0.000163784
-918.367 0.000172297
-877.551 0.000181346
-836.735 0.000190968
-795.918 0.000201198
-755.102 0.000212076
-714.286 0.000223639
-673.469 0.000235927
-632.653 0.000248979
-591.837 0.000262832
-551.02 0.000277523
-510.204 0.000293081
-469.388 0.000309531
-428.571 0.000326888
-387.755 0.000345155
-346.939 0.000364314
-306.122 0.000384324
-265.306 0.000405114
-224.49 0.000426566
-183.673 0.00044851
-142.857 0.000470703
-102.041 0.000492811
-61.2245 0.000514386
-20.4082 0.000534832
20.4082 0.000553372
61.2245 0.000569008
102.041 0.000580466
142.857 0.000586151
183.673 0.000584082
224.49 0.000571845
265.306 0.000546543
306.122 0.000504781
346.939 0.00044268
387.755 0.000355973
428.571 0.000240192
469.388 9.0998e-05
510.204 -9.53123e-05
551.02 -0.000321107
591.837 -0.000586529
632.653 -0.000888495
673.469 -0.00121973
714.286 -0.00156808
755.102 -0.00191642
795.918 -0.00224346
836.735 -0.00252559
877.551 -0.00273979
918.367 -0.00286695
959.184 -0.00289508
1000 -0.00282146
