-1000 -0.00157085
-959.184 -0.00551063
-918.367 -0.0104568
-877.551 -0.0160215
-836.735 -0.0214063
-795.918 -0.0255052
-755.102 -0.0272703
-714.286 -0.0261977
-673.469 -0.0225973
-632.653 -0.0174245
-591.837 -0.011814
-551.02 -0.00666134
-510.204 -0.00245385
-469.388 0.000678511
-428.571 0.00282649
-387.755 0.0041758
-346.939 0.00492672
-306.122 0.00525519
-265.306 0.00530022
-224.49 0.00516472
-183.673 0.00492152
-142.857 0.00462037
-102.041 0.0042942
-61.2245 0.0039641
-20.4082 0.00364304
20.4082 0.00333852
61.2245 0.00305443
102.041 0.00279236
142.857 0.00255244
183.673 0.00233394
224.49 0.00213562
265.306 0.00195601
306.122 0.00179354
346.939 0.00164665
387.755 0.00151384
428.571 0.00139372
469.388 0.001285
510.204 0.0011865
551.02 0.00109718
591.837 0.00101608
632.653 0.000942341
673.469 0.000875213
714.286 0.000814015
755.102 0.000758144
795.918 0.000707064
836.735 0.000660297
877.551 0.000617418
918.367 0.000578048
959.184 0.000541848
1000 0.000508519
