-1000 0.00178887
-959.184 0.00193705
-918.367 0.0021018
-877.551 0.00228546
-836.735 0.00249077
-795.918 0.00272093
-755.102 0.00297973
-714.286 0.00327163
-673.469 0.00360192
-632.653 0.00397687
-591.837 0.004404
-551.02 0.00489224
-510.204 0.00545233
-469.388 0.0060971
-428.571 0.00684195
-387.755 0.00770525
-346.939 0.00870885
-306.122 0.00987841
-265.306 0.0112436
-224.49 0.0128373
-183.673 0.0146943
-142.857 0.0168458
-102.041 0.0193107
-61.2245 0.0220752
-20.4082 0.0250571
20.4082 0.0280401
61.2245 0.0305667
102.041 0.0317821
142.857 0.0302734
183.673 0.0240682
224.49 0.0111664
265.306 -0.00904401
306.122 -0.0340955
346.939 -0.0587136
387.755 -0.0780985
428.571 -0.090593
469.388 -0.0968622
510.204 -0.0980359
551.02 -0.0944287
591.837 -0.0851951
632.653 -0.0692423
673.469 -0.0468177
714.286 -0.0212562
755.102 0.00190594
795.918 0.0185476
836.735 0.0278942
877.551 0.0314809
918.367 0.031412
959.184 0.0294025
1000 0.0265698
