-1000 0.00394072
-959.184 0.00428771
-918.367 0.00467637
-877.551 0.00511304
-836.735 0.00560519
-795.918 0.0061617
-755.102 0.00679312
-714.286 0.00751201
-673.469 0.00833337
-632.653 0.00927507
-591.837 0.0103585
-551.02 0.0116088
-510.204 0.013056
-469.388 0.0147346
-428.571 0.0166838
-387.755 0.0189457
-346.939 0.0215615
-306.122 0.0245629
-265.306 0.0279536
-224.49 0.0316764
-183.673 0.0355512
-142.857 0.0391729
-102.041 0.0417606
-61.2245 0.0419919
-20.4082 0.0379724
20.4082 0.0276907
61.2245 0.0103421
102.041 -0.0119384
142.857 -0.0340639
183.673 -0.0511074
224.49 -0.0613196
265.306 -0.0657145
306.122 -0.0663459
346.939 -0.0651224
387.755 -0.0633003
428.571 -0.061691
469.388 -0.0606867
510.204 -0.0604705
551.02 -0.0611011
591.837 -0.0624349
632.653 -0.0642267
673.469 -0.0658738
714.286 -0.0663669
755.102 -0.0641243
795.918 -0.0570461
836.735 -0.043416
877.551 -0.0233819
918.367 -0.000453913
959.184 0.0198508
1000 0.0337147
