-1000 0.00769551
-959.184 0.00823402
-918.367 0.00881708
-877.551 0.00944838
-836.735 0.0101318
-795.918 0.0108711
-755.102 0.0116703
-714.286 0.0125329
-673.469 0.0134621
-632.653 0.0144597
-591.837 0.0155261
-551.02 0.0166587
-510.204 0.0178505
-469.388 0.0190869
-428.571 0.0203423
-387.755 0.0215729
-346.939 0.0227065
-306.122 0.023626
-265.306 0.0241428
-224.49 0.0239551
-183.673 0.0225847
-142.857 0.0192856
-102.041 0.0129356
-61.2245 0.00196546
-20.4082 -0.0154996
20.4082 -0.0409307
61.2245 -0.07379
102.041 -0.109617
142.857 -0.140107
183.673 -0.156726
224.49 -0.15481
265.306 -0.134883
306.122 -0.102578
346.939 -0.0667714
387.755 -0.0351868
428.571 -0.0114004
469.388 0.00461801
510.204 0.0145186
551.02 0.0201473
591.837 0.0229845
632.653 0.0240688
673.469 0.0240841
714.286 0.023467
755.102 0.0224923
795.918 0.0213317
836.735 0.0200915
877.551 0.0188371
918.367 0.0176079
959.184 0.0164272
1000 0.0153074
