-1000 0.000227855
-959.184 0.000240406
-918.367 0.000253734
-877.551 0.000267877
-836.735 0.000282868
-795.918 0.000298736
-755.102 0.000315503
-714.286 0.000333179
-673.469 0.00035176
-632.653 0.000371224
-591.837 0.000391517
-551.02 0.000412554
-510.204 0.000434201
-469.388 0.000456264
-428.571 0.00047847
-387.755 0.00050045
-346.939 0.000521706
-306.122 0.000541584
-265.306 0.000559234
-224.49 0.000573568
-183.673 0.000583205
-142.857 0.000586423
-102.041 0.000581093
-61.2245 0.000564639
-20.4082 0.000533988
20.4082 0.00048557
61.2245 0.000415358
102.041 0.000318986
142.857 0.000191984
183.673 3.01689e-05
224.49 -0.000169785
265.306 -0.000409576
306.122 -0.000688335
346.939 -0.00100161
387.755 -0.00134048
428.571 -0.00169102
469.388 -0.00203449
510.204 -0.00234854
551.02 -0.00260939
591.837 -0.00279499
632.653 -0.0028884
673.469 -0.00288072
714.286 -0.00277269
755.102 -0.00257456
795.918 -0.00230424
836.735 -0.00198427
877.551 -0.00163838
918.367 -0.00128851
959.184 -0.000952717
1000 -0.000644165
