-1000 0.00228806
-959.184 0.00242959
-918.367 0.00257244
-877.551 0.00271315
-836.735 0.00284675
-795.918 0.00296638
-755.102 0.00306263
-714.286 0.00312286
-673.469 0.00313031
-632.653 0.0030632
-591.837 0.00289377
-551.02 0.00258753
-510.204 0.00210312
-469.388 0.00139326
-428.571 0.000407891
-387.755 -0.000899407
-346.939 -0.00256036
-306.122 -0.00457556
-265.306 -0.00689388
-224.49 -0.00939248
-183.673 -0.011867
-142.857 -0.014045
-102.041 -0.0156306
-61.2245 -0.0163762
-20.4082 -0.0161562
20.4082 -0.0150083
61.2245 -0.0131208
102.041 -0.0107727
142.857 -0.00825699
183.673 -0.00581912
224.49 -0.00362669
265.306 -0.00176817
306.122 -0.000268747
346.939 0.000888558
387.755 0.00174379
428.571 0.00234606
469.388 0.00274476
510.204 0.00298471
551.02 0.00310425
591.837 0.00313475
632.653 0.00310118
673.469 0.00302294
714.286 0.00291481
755.102 0.0027879
795.918 0.00265037
836.735 0.00250819
877.551 0.00236557
918.367 0.00222547
959.184 0.00208987
1000 0.00196004
