-1000 0.000246468
-959.184 0.000263293
-918.367 0.000281678
-877.551 0.000301809
-836.735 0.000323897
-795.918 0.000348183
-755.102 0.000374948
-714.286 0.000404513
-673.469 0.000437254
-632.653 0.000473606
-591.837 0.000514076
-551.02 0.000559262
-510.204 0.000609867
-469.388 0.00066672
-428.571 0.00073081
-387.755 0.000803314
-346.939 0.000885649
-306.122 0.00097952
-265.306 0.001087
-224.49 0.00121061
-183.673 0.00135347
-142.857 0.0015194
-102.041 0.00171319
-61.2245 0.00194084
-20.4082 0.00220993
20.4082 0.00253012
61.2245 0.00291383
102.041 0.00337717
142.857 0.00394122
183.673 0.00463383
224.49 0.00549211
265.306 0.00656595
306.122 0.00792286
346.939 0.00965453
387.755 0.0118853
428.571 0.0147815
469.388 0.0185572
510.204 0.0234607
551.02 0.0296975
591.837 0.0371564
632.653 0.0445962
673.469 0.0475083
714.286 0.0336856
755.102 -0.0202743
795.918 -0.128549
836.735 -0.22762
877.551 -0.202374
918.367 -0.0859781
959.184 0.00485881
1000 0.0416813
