-1000 0.00245764
-959.184 0.00274331
-918.367 0.00307385
-877.551 0.00345814
-836.735 0.0039072
-795.918 0.0044347
-755.102 0.00505781
-714.286 0.00579809
-673.469 0.00668283
-632.653 0.00774669
-591.837 0.00903377
-551.02 0.0106003
-510.204 0.0125175
-469.388 0.014875
-428.571 0.017783
-387.755 0.0213708
-346.939 0.025775
-306.122 0.0311013
-265.306 0.0373212
-224.49 0.0440122
-183.673 0.0497188
-142.857 0.0504421
-102.041 0.0364594
-61.2245 -0.0117329
-20.4082 -0.115576
20.4082 -0.245448
61.2245 -0.280382
102.041 -0.17658
142.857 -0.0511687
183.673 0.0205412
224.49 0.0468787
265.306 0.0510598
306.122 0.0468562
346.939 0.0403257
387.755 0.0338012
428.571 0.0280545
469.388 0.0232439
510.204 0.0193052
551.02 0.0161081
591.837 0.0135178
632.653 0.0114147
673.469 0.00970023
714.286 0.0082952
755.102 0.00713701
795.918 0.00617647
836.735 0.00537495
877.551 0.00470209
918.367 0.00413393
959.184 0.00365145
1000 0.00323952
