-1000 0.00172371
-959.184 0.00195324
-918.367 0.00222464
-877.551 0.00254768
-836.735 0.00293495
-795.918 0.00340278
-755.102 0.00397253
-714.286 0.00467245
-673.469 0.0055402
-632.653 0.00662642
-591.837 0.00799965
-551.02 0.00975302
-510.204 0.0120127
-469.388 0.0149475
-428.571 0.0187734
-387.755 0.0237398
-346.939 0.0300451
-306.122 0.0375479
-265.306 0.0449102
-224.49 0.0473641
-183.673 0.0321719
-142.857 -0.024473
-102.041 -0.134744
-61.2245 -0.229913
-20.4082 -0.197638
20.4082 -0.0801699
61.2245 0.00785642
102.041 0.0424949
142.857 0.0474275
183.673 0.0417984
224.49 0.0340643
265.306 0.0270372
306.122 0.0213481
346.939 0.0169258
387.755 0.0135306
428.571 0.0109235
469.388 0.00890977
510.204 0.00734089
551.02 0.00610669
591.837 0.00512606
632.653 0.00433922
673.469 0.00370191
714.286 0.00318106
755.102 0.00275179
795.918 0.00239519
836.735 0.00209676
877.551 0.00184527
918.367 0.00163198
959.184 0.00144997
1000 0.00129379
