-1000 -0.000870871
-959.184 -0.000983141
-918.367 -0.00108457
-877.551 -0.00117042
-836.735 -0.00123637
-795.918 -0.00127887
-755.102 -0.00129558
-714.286 -0.00128553
-673.469 -0.0012493
-632.653 -0.00118893
-591.837 -0.00110767
-551.02 -0.0010097
-510.204 -0.000899692
-469.388 -0.000782417
-428.571 -0.000662399
-387.755 -0.00054364
-346.939 -0.000429449
-306.122 -0.000322361
-265.306 -0.000224147
-224.49 -0.000135878
-183.673 -5.80216e-05
-142.857 9.43514e-06
-102.041 6.68693e-05
-61.2245 0.000114912
-20.4082 0.000154353
20.4082 0.000186066
61.2245 0.000210949
102.041 0.000229883
142.857 0.000243703
183.673 0.000253177
224.49 0.000259002
265.306 0.000261797
306.122 0.000262104
346.939 0.000260394
387.755 0.000257072
428.571 0.00025248
469.388 0.000246909
510.204 0.000240601
551.02 0.000233759
591.837 0.000226548
632.653 0.000219105
673.469 0.000211541
714.286 0.000203945
755.102 0.000196388
795.918 0.000188927
836.735 0.000181604
877.551 0.000174454
918.367 0.0001675
959.184 0.000160761
1000 0.000154248
