-1000 0.000777299
-959.184 0.000716817
-918.367 0.0006384
-877.551 0.000539528
-836.735 0.000417624
-795.918 0.000270159
-755.102 9.47945e-05
-714.286 -0.000110431
-673.469 -0.000346871
-632.653 -0.000615004
-591.837 -0.000914132
-551.02 -0.00124207
-510.204 -0.00159487
-469.388 -0.00196657
-428.571 -0.00234913
-387.755 -0.00273244
-346.939 -0.00310465
-306.122 -0.00345259
-265.306 -0.0037626
-224.49 -0.00402138
-183.673 -0.00421706
-142.857 -0.00434022
-102.041 -0.00438471
-61.2245 -0.00434827
-20.4082 -0.00423277
20.4082 -0.00404396
61.2245 -0.00379099
102.041 -0.00348553
142.857 -0.00314076
183.673 -0.00277037
224.49 -0.00238761
265.306 -0.00200449
306.122 -0.0016313
346.939 -0.00127631
387.755 -0.00094568
428.571 -0.000643546
469.388 -0.000372259
510.204 -0.000132654
551.02 7.56437e-05
591.837 0.000253914
632.653 0.000404069
673.469 0.000528417
714.286 0.000629476
755.102 0.000709823
795.918 0.000771988
836.735 0.000818378
877.551 0.000851227
918.367 0.000872574
959.184 0.000884249
1000 0.000887874
