-1000 0.000637675
-959.184 0.000436071
-918.367 0.00019596
-877.551 -8.48188e-05
-836.735 -0.000407389
-795.918 -0.000771489
-755.102 -0.00117512
-714.286 -0.00161425
-673.469 -0.00208259
-632.653 -0.00257148
-591.837 -0.00307002
-551.02 -0.00356534
-510.204 -0.00404307
-469.388 -0.00448804
-428.571 -0.00488505
-387.755 -0.00521981
-346.939 -0.00547972
-306.122 -0.00565473
-265.306 -0.00573793
-224.49 -0.00572598
-183.673 -0.00561938
-142.857 -0.00542236
-102.041 -0.00514268
-61.2245 -0.0047911
-20.4082 -0.0043807
20.4082 -0.00392611
61.2245 -0.00344258
102.041 -0.00294516
142.857 -0.00244789
183.673 -0.0019632
224.49 -0.00150145
265.306 -0.00107069
306.122 -0.000676647
346.939 -0.000322816
387.755 -1.07291e-05
428.571 0.000259731
469.388 0.00048998
510.204 0.000682384
551.02 0.000839946
591.837 0.00096603
632.653 0.00106415
673.469 0.00113778
714.286 0.00119027
755.102 0.00122474
795.918 0.00124402
836.735 0.00125068
877.551 0.00124697
918.367 0.00123485
959.184 0.00121602
1000 0.00119192
