-1000 -0.001961
-959.184 -0.00929468
-918.367 -0.0186048
-877.551 -0.0295606
-836.735 -0.0412628
-795.918 -0.0522273
-755.102 -0.0606485
-714.286 -0.0649133
-673.469 -0.0641414
-632.653 -0.058495
-591.837 -0.0491213
-551.02 -0.0377522
-510.204 -0.0261424
-469.388 -0.0156142
-428.571 -0.00688417
-387.755 -0.000143496
-346.939 0.00475212
-306.122 0.00810205
-265.306 0.0102399
-224.49 0.0114703
-183.673 0.0120454
-142.857 0.0121621
-102.041 0.0119684
-61.2245 0.0115726
-20.4082 0.0110526
20.4082 0.0104635
61.2245 0.00984339
102.041 0.00921812
142.857 0.00860488
183.673 0.00801459
224.49 0.00745383
265.306 0.0069261
306.122 0.00643284
346.939 0.00597409
387.755 0.00554899
428.571 0.00515607
469.388 0.00479357
510.204 0.00445952
551.02 0.00415191
591.837 0.00386877
632.653 0.00360815
673.469 0.00336822
714.286 0.00314727
755.102 0.00294369
795.918 0.002756
836.735 0.00258284
877.551 0.00242296
918.367 0.00227521
959.184 0.00213857
1000 0.00201207
