-1000 0.0120233
-959.184 0.0137104
-918.367 0.0157228
-877.551 0.0181414
-836.735 0.0210719
-795.918 0.0246545
-755.102 0.0290766
-714.286 0.034593
-673.469 0.0415555
-632.653 0.0504579
-591.837 0.0620081
-551.02 0.0772465
-510.204 0.0977499
-469.388 0.126007
-428.571 0.166169
-387.755 0.225703
-346.939 0.319507
-306.122 0.481322
-265.306 0.793869
-224.49 1.35717
-183.673 0.000697057
-142.857 -5.24155
-102.041 1.86575
-61.2245 -4.44327
-20.4082 -0.651014
20.4082 1.40899
61.2245 0.838995
102.041 0.503747
142.857 0.331793
183.673 0.233191
224.49 0.171084
265.306 0.129399
306.122 0.100175
346.939 0.0790277
387.755 0.063345
428.571 0.0514797
469.388 0.0423488
510.204 0.0352174
551.02 0.029574
591.837 0.0250553
632.653 0.0213982
673.469 0.0184094
714.286 0.0159448
755.102 0.0138958
795.918 0.0121793
836.735 0.0107311
877.551 0.00950145
918.367 0.00845092
959.184 0.00754834
1000 0.00676878
