-1000 0.00515625
-959.184 0.0048404
-918.367 0.00441977
-877.551 0.00388268
-836.735 0.00321896
-795.918 0.00242105
-755.102 0.001485
-714.286 0.000411602
-673.469 -0.000792729
-632.653 -0.00211539
-591.837 -0.00353753
-551.02 -0.00503455
-510.204 -0.00657731
-469.388 -0.00813376
-428.571 -0.00967103
-387.755 -0.0111575
-346.939 -0.0125646
-306.122 -0.0138685
-265.306 -0.0150503
-224.49 -0.0160969
-183.673 -0.0170002
-142.857 -0.0177561
-102.041 -0.018364
-61.2245 -0.0188249
-20.4082 -0.019141
20.4082 -0.0193142
61.2245 -0.0193459
102.041 -0.0192365
142.857 -0.0189849
183.673 -0.0185894
224.49 -0.0180479
265.306 -0.0173587
306.122 -0.0165214
346.939 -0.0155386
387.755 -0.0144163
428.571 -0.0131654
469.388 -0.0118021
510.204 -0.010348
551.02 -0.00882985
591.837 -0.00727799
632.653 -0.005725
673.469 -0.00420358
714.286 -0.00274439
755.102 -0.00137427
795.918 -0.00011475
836.735 0.00101872
877.551 0.00201699
918.367 0.00287684
959.184 0.0036002
1000 0.00419315
