-1000 0.000377608
-959.184 0.000393795
-918.367 0.000410705
-877.551 0.000428351
-836.735 0.000446742
-795.918 0.000465879
-755.102 0.000485757
-714.286 0.000506361
-673.469 0.000527661
-632.653 0.000549612
-591.837 0.00057215
-551.02 0.000595185
-510.204 0.000618599
-469.388 0.000642238
-428.571 0.000665903
-387.755 0.000689343
-346.939 0.000712245
-306.122 0.000734221
-265.306 0.000754793
-224.49 0.000773379
-183.673 0.000789273
-142.857 0.000801627
-102.041 0.000809428
-61.2245 0.000811475
-20.4082 0.000806356
20.4082 0.000792426
61.2245 0.000767789
102.041 0.000730284
142.857 0.000677483
183.673 0.000606711
224.49 0.000515079
265.306 0.000399561
306.122 0.000257107
346.939 8.48151e-05
387.755 -0.000119833
428.571 -0.000358665
469.388 -0.000632444
510.204 -0.000940425
551.02 -0.0012799
591.837 -0.00164573
632.653 -0.00203003
673.469 -0.00242202
714.286 -0.00280811
755.102 -0.00317252
795.918 -0.00349815
836.735 -0.00376802
877.551 -0.0039668
918.367 -0.0040825
959.184 -0.00410788
1000 -0.00404131
