-1000 0.00150099
-959.184 0.00158374
-918.367 0.00167118
-877.551 0.00176338
-836.735 0.00186035
-795.918 0.00196199
-755.102 0.00206809
-714.286 0.00217826
-673.469 0.00229189
-632.653 0.00240809
-591.837 0.00252561
-551.02 0.00264272
-510.204 0.00275714
-469.388 0.00286583
-428.571 0.00296492
-387.755 0.00304944
-346.939 0.00311319
-306.122 0.00314851
-265.306 0.00314611
-224.49 0.00309496
-183.673 0.00298226
-142.857 0.00279359
-102.041 0.00251332
-61.2245 0.00212532
-20.4082 0.00161413
20.4082 0.000966491
61.2245 0.000173412
102.041 -0.000767662
142.857 -0.00185064
183.673 -0.00305908
224.49 -0.00436546
265.306 -0.00573172
306.122 -0.00711128
346.939 -0.00845238
387.755 -0.00970203
428.571 -0.0108101
469.388 -0.0117324
510.204 -0.0124333
551.02 -0.0128867
591.837 -0.013076
632.653 -0.0129947
673.469 -0.0126455
714.286 -0.012041
755.102 -0.0112035
795.918 -0.0101649
836.735 -0.00896612
877.551 -0.00765532
918.367 -0.00628477
959.184 -0.00490723
1000 -0.00357179
