-1000 0.00129453
-959.184 0.00135506
-918.367 0.00141146
-877.551 0.00146086
-836.735 0.00149951
-795.918 0.00152255
-755.102 0.00152379
-714.286 0.00149545
-673.469 0.00142798
-632.653 0.00130989
-591.837 0.00112777
-551.02 0.000866636
-510.204 0.000510633
-469.388 4.45097e-05
-428.571 -0.000544118
-387.755 -0.00126148
-346.939 -0.00210345
-306.122 -0.00305095
-265.306 -0.00406597
-224.49 -0.00508987
-183.673 -0.00604582
-142.857 -0.00684683
-102.041 -0.00740906
-61.2245 -0.00766785
-20.4082 -0.00759185
20.4082 -0.00719037
61.2245 -0.00651116
102.041 -0.00562951
142.857 -0.00463257
183.673 -0.00360413
224.49 -0.00261347
265.306 -0.00170996
306.122 -0.000922705
346.939 -0.000263489
387.755 0.000268785
428.571 0.000683585
469.388 0.000994934
510.204 0.00121858
551.02 0.00137011
591.837 0.00146388
632.653 0.00151243
673.469 0.00152639
714.286 0.00151448
755.102 0.00148373
795.918 0.00143972
836.735 0.00138676
877.551 0.00132819
918.367 0.00126653
959.184 0.00120365
1000 0.00114094
