-1000 0.00144434
-959.184 0.0014997
-918.367 0.00155624
-877.551 0.00161371
-836.735 0.0016718
-795.918 0.0017301
-755.102 0.00178812
-714.286 0.00184525
-673.469 0.00190073
-632.653 0.00195364
-591.837 0.0020029
-551.02 0.00204717
-510.204 0.00208491
-469.388 0.00211425
-428.571 0.00213305
-387.755 0.00213879
-346.939 0.00212857
-306.122 0.0020991
-265.306 0.00204666
-224.49 0.00196709
-183.673 0.00185584
-142.857 0.001708
-102.041 0.00151838
-61.2245 0.00128169
-20.4082 0.000992672
20.4082 0.000646428
61.2245 0.000238711
102.041 -0.000233656
142.857 -0.000772317
183.673 -0.00137688
224.49 -0.00204444
265.306 -0.00276908
306.122 -0.00354157
346.939 -0.00434918
387.755 -0.00517573
428.571 -0.00600194
469.388 -0.00680602
510.204 -0.00756463
551.02 -0.00825397
591.837 -0.00885103
632.653 -0.00933494
673.469 -0.00968817
714.286 -0.00989762
755.102 -0.00995538
795.918 -0.00985926
836.735 -0.00961292
877.551 -0.00922559
918.367 -0.0087116
959.184 -0.00808941
1000 -0.00738055
