-1000 -0.000411456
-959.184 -0.000626058
-918.367 -0.000860274
-877.551 -0.00111188
-836.735 -0.0013776
-795.918 -0.00165306
-755.102 -0.00193284
-714.286 -0.00221053
-673.469 -0.00247894
-632.653 -0.00273041
-591.837 -0.00295711
-551.02 -0.00315153
-510.204 -0.00330684
-469.388 -0.0034174
-428.571 -0.00347904
-387.755 -0.0034894
-346.939 -0.0034481
-306.122 -0.00335671
-265.306 -0.00321869
-224.49 -0.00303915
-183.673 -0.00282449
-142.857 -0.002582
-102.041 -0.00231943
-61.2245 -0.00204456
-20.4082 -0.0017648
20.4082 -0.00148689
61.2245 -0.00121669
102.041 -0.000958988
142.857 -0.000717493
183.673 -0.000494842
224.49 -0.000292677
265.306 -0.000111771
306.122 4.7838e-05
346.939 0.000186694
387.755 0.000305783
428.571 0.0004064
469.388 0.000490035
510.204 0.000558281
551.02 0.000612757
591.837 0.000655055
632.653 0.000686694
673.469 0.000709097
714.286 0.000723572
755.102 0.000731307
795.918 0.000733365
836.735 0.00073069
877.551 0.000724112
918.367 0.000714354
959.184 0.00070204
1000 0.00068771
