-1000 -0.00612072
-959.184 -0.0102748
-918.367 -0.0142822
-877.551 -0.0180032
-836.735 -0.0213308
-795.918 -0.0241984
-755.102 -0.0265796
-714.286 -0.0284827
-673.469 -0.029942
-632.653 -0.0310084
-591.837 -0.0317411
-551.02 -0.032201
-510.204 -0.0324467
-469.388 -0.0325312
-428.571 -0.0325008
-387.755 -0.0323948
-346.939 -0.0322459
-306.122 -0.0320802
-265.306 -0.0319188
-224.49 -0.0317773
-183.673 -0.0316676
-142.857 -0.0315977
-102.041 -0.0315723
-61.2245 -0.0315931
-20.4082 -0.0316587
20.4082 -0.0317647
61.2245 -0.0319035
102.041 -0.0320636
142.857 -0.0322297
183.673 -0.0323814
224.49 -0.032493
265.306 -0.0325326
306.122 -0.0324616
346.939 -0.0322343
387.755 -0.0317983
428.571 -0.0310957
469.388 -0.0300654
510.204 -0.0286479
551.02 -0.026791
591.837 -0.0244585
632.653 -0.021639
673.469 -0.0183551
714.286 -0.0146693
755.102 -0.0106846
795.918 -0.00653827
836.735 -0.00238767
877.551 0.00160774
918.367 0.00530533
959.184 0.00859424
1000 0.0114034
