-1000 0.00294562
-959.184 0.00326789
-918.367 0.00363835
-877.551 0.00406623
-836.735 0.00456293
-795.918 0.00514267
-755.102 0.00582325
-714.286 0.00662719
-673.469 0.00758322
-632.653 0.00872833
-591.837 0.0101106
-551.02 0.0117932
-510.204 0.0138603
-469.388 0.016425
-428.571 0.0196421
-387.755 0.0237264
-346.939 0.028981
-306.122 0.0358438
-265.306 0.0449619
-224.49 0.0573232
-183.673 0.0744967
-142.857 0.0991141
-102.041 0.135926
-61.2245 0.194406
-20.4082 0.295927
20.4082 0.494273
61.2245 0.899535
102.041 0.856771
142.857 -6.08973
183.673 -0.46654
224.49 1.07445
265.306 0.606743
306.122 0.349838
346.939 0.223301
387.755 0.153203
428.571 0.110267
469.388 0.0820834
510.204 0.0626811
551.02 0.0488547
591.837 0.038737
632.653 0.0311723
673.469 0.0254134
714.286 0.0209597
755.102 0.0174673
795.918 0.0146944
836.735 0.0124679
877.551 0.0106616
918.367 0.00918228
959.184 0.00796031
1000 0.00694281
