-1000 0.000580016
-959.184 0.000586032
-918.367 0.000584405
-877.551 0.000572741
-836.735 0.000548169
-795.918 0.000507318
-755.102 0.000446333
-714.286 0.000360961
-673.469 0.00024674
-632.653 9.93125e-05
-591.837 -8.50713e-05
-551.02 -0.000308866
-510.204 -0.000572348
-469.388 -0.000872622
-428.571 -0.00120264
-387.755 -0.0015505
-346.939 -0.00189932
-306.122 -0.00222797
-265.306 -0.00251292
-224.49 -0.00273101
-183.673 -0.00286288
-142.857 -0.0028961
-102.041 -0.00282749
-61.2245 -0.00266362
-20.4082 -0.00241965
20.4082 -0.00211669
61.2245 -0.00177837
102.041 -0.00142768
142.857 -0.00108439
183.673 -0.000763685
224.49 -0.000475718
265.306 -0.00022598
306.122 -1.61432e-05
346.939 0.000154944
387.755 0.000290279
428.571 0.000393893
469.388 0.000470227
510.204 0.000523699
551.02 0.000558438
591.837 0.000578134
632.653 0.000585984
673.469 0.000584687
714.286 0.000576478
755.102 0.000563177
795.918 0.000546243
836.735 0.000526834
877.551 0.000505854
918.367 0.000484004
959.184 0.000461814
1000 0.000439687
