-1000 0.159231
-959.184 0.19625
-918.367 0.247373
-877.551 0.321732
-836.735 0.438178
-795.918 0.640512
-755.102 1.03302
-714.286 1.61564
-673.469 -1.67675
-632.653 -2.62337
-591.837 2.08929
-551.02 -4.97386
-510.204 2.10766
-469.388 -1.64075
-428.571 -1.21692
-387.755 1.6002
-346.939 -5.56593
-306.122 1.20666
-265.306 1.3396
-224.49 0.803142
-183.673 0.524062
-142.857 0.37284
-102.041 0.280803
-61.2245 0.219616
-20.4082 0.176349
20.4082 0.144381
61.2245 0.11999
102.041 0.100924
142.857 0.0857368
183.673 0.0734559
224.49 0.063402
265.306 0.0550851
306.122 0.0481434
346.939 0.0423038
387.755 0.0373568
428.571 0.0331393
469.388 0.0295228
510.204 0.0264053
551.02 0.0237044
591.837 0.0213538
632.653 0.0192991
673.469 0.0174958
714.286 0.0159071
755.102 0.0145024
795.918 0.0132561
836.735 0.0121468
877.551 0.0111564
918.367 0.0102695
959.184 0.00947312
1000 0.00875611
