-1000 0.00124123
-959.184 0.00124979
-918.367 0.0012491
-877.551 0.00123705
-836.735 0.00121127
-795.918 0.00116906
-755.102 0.00110746
-714.286 0.00102323
-673.469 0.000912964
-632.653 0.000773145
-591.837 0.000600305
-551.02 0.00039121
-510.204 0.00014311
-469.388 -0.000145976
-428.571 -0.000476923
-387.755 -0.000849151
-346.939 -0.00126028
-306.122 -0.00170583
-265.306 -0.00217904
-224.49 -0.0026708
-183.673 -0.00316979
-142.857 -0.00366277
-102.041 -0.00413518
-61.2245 -0.00457175
-20.4082 -0.00495742
20.4082 -0.00527814
61.2245 -0.00552179
102.041 -0.00567888
142.857 -0.00574319
183.673 -0.00571215
224.49 -0.00558701
265.306 -0.00537273
306.122 -0.00507773
346.939 -0.00471327
387.755 -0.00429284
428.571 -0.00383123
469.388 -0.00334374
510.204 -0.00284527
551.02 -0.00234958
591.837 -0.00186872
632.653 -0.0014126
673.469 -0.000988803
714.286 -0.000602588
755.102 -0.000257041
795.918 4.66641e-05
836.735 0.000308933
877.551 0.000531399
918.367 0.00071658
959.184 0.000867569
1000 0.000987778
