-1000 0.360983
-959.184 0.642009
-918.367 1.10002
-877.551 -1.57056
-836.735 -4.92443
-795.918 1.03063
-755.102 0.798541
-714.286 0.435953
-673.469 0.264065
-632.653 0.176705
-591.837 0.126797
-551.02 0.095528
-510.204 0.0745432
-469.388 0.05971
-428.571 0.0487969
-387.755 0.040512
-346.939 0.0340639
-306.122 0.0289438
-265.306 0.0248115
-224.49 0.0214311
-183.673 0.0186346
-142.857 0.0162987
-102.041 0.0143314
-61.2245 0.0126624
-20.4082 0.0112373
20.4082 0.0100134
61.2245 0.00895672
102.041 0.00804002
142.857 0.00724118
183.673 0.00654215
224.49 0.00592809
265.306 0.00538669
306.122 0.00490771
346.939 0.00448256
387.755 0.00410405
428.571 0.00376605
469.388 0.00346339
510.204 0.00319165
551.02 0.00294705
591.837 0.00272634
632.653 0.00252673
673.469 0.00234579
714.286 0.00218142
755.102 0.0020318
795.918 0.00189534
836.735 0.00177064
877.551 0.00165648
918.367 0.00155179
959.184 0.00145561
1000 0.00136711
