-1000 0.0010383
-959.184 0.00107707
-918.367 0.00111116
-877.551 0.00113838
-836.735 0.00115592
-795.918 0.00116031
-755.102 0.00114728
-714.286 0.00111169
-673.469 0.00104745
-632.653 0.000947556
-591.837 0.000804189
-551.02 0.000608991
-510.204 0.000353583
-469.388 3.03586e-05
-428.571 -0.000366379
-387.755 -0.000838943
-346.939 -0.00138454
-306.122 -0.00199353
-265.306 -0.00264795
-224.49 -0.00332092
-183.673 -0.00397729
-142.857 -0.00457598
-102.041 -0.00507403
-61.2245 -0.00543189
-20.4082 -0.00561912
20.4082 -0.00561912
61.2245 -0.00543189
102.041 -0.00507403
142.857 -0.00457598
183.673 -0.00397729
224.49 -0.00332092
265.306 -0.00264795
306.122 -0.00199353
346.939 -0.00138454
387.755 -0.000838943
428.571 -0.000366379
469.388 3.03586e-05
510.204 0.000353583
551.02 0.000608991
591.837 0.000804189
632.653 0.000947556
673.469 0.00104745
714.286 0.00111169
755.102 0.00114728
795.918 0.00116031
836.735 0.00115592
877.551 0.00113838
918.367 0.00111116
959.184 0.00107707
1000 0.0010383
