-1000 0.00117437
-959.184 0.00125094
-918.367 0.00133376
-877.551 0.00142337
-836.735 0.00152041
-795.918 0.00162551
-755.102 0.00173938
-714.286 0.00186276
-673.469 0.0019964
-632.653 0.00214111
-591.837 0.00229764
-551.02 0.00246672
-510.204 0.002649
-469.388 0.00284494
-428.571 0.00305476
-387.755 0.00327824
-346.939 0.00351456
-306.122 0.00376202
-265.306 0.00401765
-224.49 0.00427674
-183.673 0.00453213
-142.857 0.00477334
-102.041 0.00498546
-61.2245 0.00514772
-20.4082 0.00523179
20.4082 0.0051999
61.2245 0.00500294
102.041 0.00457903
142.857 0.00385333
183.673 0.0027405
224.49 0.00115157
265.306 -0.000992439
306.122 -0.00373843
346.939 -0.00707108
387.755 -0.0108793
428.571 -0.014931
469.388 -0.0188713
510.204 -0.022261
551.02 -0.0246552
591.837 -0.0257054
632.653 -0.0252505
673.469 -0.0233609
714.286 -0.0203191
755.102 -0.0165438
795.918 -0.0124881
836.735 -0.00854744
877.551 -0.00500482
918.367 -0.0020177
959.184 0.00036421
1000 0.0021669
