-1000 0.00496675
-959.184 0.00472467
-918.367 0.00421344
-877.551 0.00334637
-836.735 0.00203214
-795.918 0.00018965
-755.102 -0.00222852
-714.286 -0.0052062
-673.469 -0.00863459
-632.653 -0.0122966
-591.837 -0.0158774
-551.02 -0.0190066
-510.204 -0.0213229
-469.388 -0.022542
-428.571 -0.0225101
-387.755 -0.0212312
-346.939 -0.0188667
-306.122 -0.0157059
-265.306 -0.0121125
-224.49 -0.00845538
-183.673 -0.00504528
-142.857 -0.00209385
-102.041 0.000295258
-61.2245 0.00210981
-20.4082 0.0033996
20.4082 0.0042467
61.2245 0.00474249
102.041 0.00497319
142.857 0.00501269
183.673 0.00492038
224.49 0.00474183
265.306 0.00451076
306.122 0.00425134
346.939 0.00398043
387.755 0.00370938
428.571 0.00344562
469.388 0.0031937
510.204 0.00295623
551.02 0.00273444
591.837 0.00252866
632.653 0.00233865
673.469 0.00216377
714.286 0.00200317
755.102 0.00185593
795.918 0.00172103
836.735 0.00159749
877.551 0.00148437
918.367 0.00138075
959.184 0.00128579
1000 0.00119872
