-1000 -0.0124697
-959.184 -0.0149427
-918.367 -0.0169023
-877.551 -0.0180651
-836.735 -0.0182451
-795.918 -0.0174122
-755.102 -0.0157026
-714.286 -0.0133742
-673.469 -0.0107319
-632.653 -0.00805524
-591.837 -0.00555477
-551.02 -0.00335869
-510.204 -0.00152302
-469.388 -5.13362e-05
-428.571 0.00108481
-387.755 0.00192963
-346.939 0.00253204
-306.122 0.00293911
-265.306 0.00319276
-224.49 0.00332859
-183.673 0.0033758
-142.857 0.00335778
-102.041 0.00329294
-61.2245 0.00319554
-20.4082 0.00307647
20.4082 0.00294396
61.2245 0.00280415
102.041 0.00266154
142.857 0.0025194
183.673 0.00238003
224.49 0.00224501
265.306 0.00211539
306.122 0.00199181
346.939 0.00187461
387.755 0.00176391
428.571 0.00165967
469.388 0.00156176
510.204 0.00146997
551.02 0.00138402
591.837 0.00130363
632.653 0.00122848
673.469 0.00115828
714.286 0.00109271
755.102 0.00103146
795.918 0.000974256
836.735 0.000920815
877.551 0.000870877
918.367 0.000824195
959.184 0.000780539
1000 0.000739694
