-1000 0.00125993
-959.184 0.00134383
-918.367 0.00143475
-877.551 0.00153334
-836.735 0.00164032
-795.918 0.00175648
-755.102 0.00188265
-714.286 0.00201974
-673.469 0.00216871
-632.653 0.00233055
-591.837 0.00250631
-551.02 0.00269699
-510.204 0.00290358
-469.388 0.00312693
-428.571 0.00336771
-387.755 0.00362621
-346.939 0.00390218
-306.122 0.00419455
-265.306 0.004501
-224.49 0.00481747
-183.673 0.00513729
-142.857 0.00545023
-102.041 0.00574091
-61.2245 0.0059869
-20.4082 0.00615599
20.4082 0.00620271
61.2245 0.0060639
102.041 0.00565349
142.857 0.00485721
183.673 0.0035289
224.49 0.00149247
265.306 -0.00144301
306.122 -0.00544312
346.939 -0.0105689
387.755 -0.0166545
428.571 -0.0231719
469.388 -0.0291758
510.204 -0.0334602
551.02 -0.0349728
591.837 -0.0333049
632.653 -0.0289062
673.469 -0.0228488
714.286 -0.0163338
755.102 -0.0102872
795.918 -0.0052162
836.735 -0.00127207
877.551 0.00161406
918.367 0.00361057
959.184 0.00490831
1000 0.0056821
