-1000 0.00518738
-959.184 0.0051474
-918.367 0.00502698
-877.551 0.00480953
-836.735 0.00447833
-795.918 0.00401787
-755.102 0.00341554
-714.286 0.00266373
-673.469 0.00176194
-632.653 0.000718527
-591.837 -0.000448274
-551.02 -0.00171053
-510.204 -0.0030323
-469.388 -0.00437261
-428.571 -0.00568944
-387.755 -0.00694383
-346.939 -0.00810343
-306.122 -0.00914487
-265.306 -0.0100546
-224.49 -0.0108286
-183.673 -0.0114704
-142.857 -0.0119897
-102.041 -0.0123997
-61.2245 -0.0127151
-20.4082 -0.0129506
20.4082 -0.0131197
61.2245 -0.0132337
102.041 -0.0133011
142.857 -0.0133274
183.673 -0.0133148
224.49 -0.0132623
265.306 -0.0131654
306.122 -0.0130167
346.939 -0.0128059
387.755 -0.0125201
428.571 -0.0121449
469.388 -0.0116655
510.204 -0.0110678
551.02 -0.0103409
591.837 -0.00947866
632.653 -0.00848228
673.469 -0.00736187
714.286 -0.00613741
755.102 -0.00483827
795.918 -0.00350147
836.735 -0.00216841
877.551 -0.000880902
918.367 0.000322947
959.184 0.00141214
1000 0.00236494
