-1000 0.0103917
-959.184 0.0114145
-918.367 0.0124069
-877.551 0.0132582
-836.735 0.0137787
-795.918 0.0136543
-755.102 0.0123816
-714.286 0.00919231
-673.469 0.0030077
-632.653 -0.00744556
-591.837 -0.0230756
-551.02 -0.0431071
-510.204 -0.0633934
-469.388 -0.0765341
-428.571 -0.076165
-387.755 -0.0624809
-346.939 -0.0420486
-306.122 -0.0221719
-265.306 -0.00680355
-224.49 0.00340774
-183.673 0.00941273
-142.857 0.0124831
-102.041 0.0136827
-61.2245 0.0137648
-20.4082 0.0132215
20.4082 0.0123594
61.2245 0.0113634
102.041 0.010341
142.857 0.00935206
183.673 0.00842732
224.49 0.00758038
265.306 0.00681471
306.122 0.0061282
346.939 0.00551581
387.755 0.00497116
428.571 0.00448748
469.388 0.00405816
510.204 0.00367698
551.02 0.00333826
591.837 0.00303692
632.653 0.00276843
673.469 0.00252881
714.286 0.00231458
755.102 0.00212268
795.918 0.00195045
836.735 0.00179557
877.551 0.00165602
918.367 0.00153003
959.184 0.00141606
1000 0.00131278
