-1000 0.00988946
-959.184 0.00994924
-918.367 0.00986808
-877.551 0.00960502
-836.735 0.00911242
-795.918 0.00833678
-755.102 0.00722046
-714.286 0.00570509
-673.469 0.00373691
-632.653 0.00127409
-591.837 -0.0017041
-551.02 -0.00518747
-510.204 -0.0091263
-469.388 -0.0134265
-428.571 -0.0179511
-387.755 -0.0225287
-346.939 -0.0269689
-306.122 -0.0310808
-265.306 -0.0346898
-224.49 -0.0376507
-183.673 -0.0398528
-142.857 -0.0412209
-102.041 -0.0417116
-61.2245 -0.0413099
-20.4082 -0.0400281
20.4082 -0.0379065
61.2245 -0.0350172
102.041 -0.031467
142.857 -0.0273979
183.673 -0.0229821
224.49 -0.0184095
265.306 -0.0138715
306.122 -0.009542
346.939 -0.00556206
387.755 -0.0020302
428.571 0.000999567
469.388 0.00351343
510.204 0.00552946
551.02 0.00708782
591.837 0.00824145
632.653 0.00904852
673.469 0.00956693
714.286 0.0098507
755.102 0.00994809
795.918 0.00990075
836.735 0.00974371
877.551 0.00950583
918.367 0.00921044
959.184 0.00887614
1000 0.00851752
