-1000 0.000739694
-959.184 0.000780539
-918.367 0.000824195
-877.551 0.000870877
-836.735 0.000920815
-795.918 0.000974256
-755.102 0.00103146
-714.286 0.00109271
-673.469 0.00115828
-632.653 0.00122848
-591.837 0.00130363
-551.02 0.00138402
-510.204 0.00146997
-469.388 0.00156176
-428.571 0.00165967
-387.755 0.00176391
-346.939 0.00187461
-306.122 0.00199181
-265.306 0.00211539
-224.49 0.00224501
-183.673 0.00238003
-142.857 0.0025194
-102.041 0.00266154
-61.2245 0.00280415
-20.4082 0.00294396
20.4082 0.00307647
61.2245 0.00319554
102.041 0.00329294
142.857 0.00335778
183.673 0.0033758
224.49 0.00332859
265.306 0.00319276
306.122 0.00293911
346.939 0.00253204
387.755 0.00192963
428.571 0.00108481
469.388 -5.13362e-05
510.204 -0.00152302
551.02 -0.00335869
591.837 -0.00555477
632.653 -0.00805524
673.469 -0.0107319
714.286 -0.0133742
755.102 -0.0157026
795.918 -0.0174122
836.735 -0.0182451
877.551 -0.0180651
918.367 -0.0169023
959.184 -0.0149427
1000 -0.0124697
