-1000 0.00201503
-959.184 0.00227749
-918.367 0.0025837
-877.551 0.00294189
-836.735 0.00336168
-795.918 0.00385403
-755.102 0.00443078
-714.286 0.0051036
-673.469 0.00588149
-632.653 0.00676566
-591.837 0.00773953
-551.02 0.00875003
-510.204 0.00967374
-469.388 0.0102595
-428.571 0.010041
-387.755 0.00823068
-346.939 0.00367312
-306.122 -0.00491943
-265.306 -0.0180669
-224.49 -0.0338629
-183.673 -0.0469243
-142.857 -0.0507428
-102.041 -0.0431051
-61.2245 -0.0283021
-20.4082 -0.0129947
20.4082 -0.00138805
61.2245 0.00566475
102.041 0.00911051
142.857 0.0102504
183.673 0.0101164
224.49 0.00937248
265.306 0.00839791
306.122 0.00739073
346.939 0.00644461
387.755 0.00559696
428.571 0.00485653
469.388 0.00421856
510.204 0.00367272
551.02 0.00320709
591.837 0.00281004
632.653 0.00247107
673.469 0.00218104
714.286 0.00193218
755.102 0.00171795
795.918 0.00153289
836.735 0.00137247
877.551 0.00123289
918.367 0.00111102
959.184 0.00100423
1000 0.000910345
