-1000 0.00461313
-959.184 0.00485687
-918.367 0.00510818
-877.551 0.00536514
-836.735 0.00562503
-795.918 0.00588412
-755.102 0.00613731
-714.286 0.00637784
-673.469 0.00659675
-632.653 0.00678236
-591.837 0.00691949
-551.02 0.00698861
-510.204 0.0069648
-469.388 0.00681651
-428.571 0.00650423
-387.755 0.00597915
-346.939 0.0051821
-306.122 0.00404311
-265.306 0.00248256
-224.49 0.000414946
-183.673 -0.00224294
-142.857 -0.00555747
-102.041 -0.00955571
-61.2245 -0.0141953
-20.4082 -0.0193312
20.4082 -0.0246894
61.2245 -0.0298645
102.041 -0.0343552
142.857 -0.0376451
183.673 -0.0393101
224.49 -0.0391215
265.306 -0.0371058
306.122 -0.0335372
346.939 -0.0288673
387.755 -0.0236177
428.571 -0.0182755
469.388 -0.0132213
510.204 -0.00870213
551.02 -0.00483995
591.837 -0.00166056
632.653 0.000873157
673.469 0.00283247
714.286 0.00430197
755.102 0.00536648
795.918 0.00610388
836.735 0.006582
877.551 0.0068579
918.367 0.00697841
959.184 0.00698134
1000 0.00689681
