-1000 0.00374624
-959.184 0.00392726
-918.367 0.00409147
-877.551 0.00422785
-836.735 0.00432202
-795.918 0.00435557
-755.102 0.00430554
-714.286 0.00414416
-673.469 0.00383905
-632.653 0.00335431
-591.837 0.00265279
-551.02 0.00169995
-510.204 0.000469461
-469.388 -0.00104996
-428.571 -0.00284724
-387.755 -0.00488313
-346.939 -0.00708788
-306.122 -0.00936404
-265.306 -0.0115948
-224.49 -0.0136565
-183.673 -0.0154315
-142.857 -0.0168193
-102.041 -0.0177441
-61.2245 -0.0181569
-20.4082 -0.0180365
20.4082 -0.017389
61.2245 -0.0162482
102.041 -0.0146751
142.857 -0.0127575
183.673 -0.0106045
224.49 -0.00833808
265.306 -0.00608051
306.122 -0.00394121
346.939 -0.00200588
387.755 -0.000330574
428.571 0.0010587
469.388 0.00216178
510.204 0.00299763
551.02 0.00359706
591.837 0.00399637
632.653 0.00423253
673.469 0.00434006
714.286 0.00434933
755.102 0.00428595
795.918 0.00417076
836.735 0.00402029
877.551 0.00384733
918.367 0.00366159
959.184 0.00347025
1000 0.00327854
