-1000 -0.000948873
-959.184 -0.00116026
-918.367 -0.00137793
-877.551 -0.00159713
-836.735 -0.00181231
-795.918 -0.00201733
-755.102 -0.00220571
-714.286 -0.00237098
-673.469 -0.00250708
-632.653 -0.00260875
-591.837 -0.00267192
-551.02 -0.00269398
-510.204 -0.00267402
-469.388 -0.00261286
-428.571 -0.00251302
-387.755 -0.00237852
-346.939 -0.00221457
-306.122 -0.0020272
-265.306 -0.00182286
-224.49 -0.00160803
-183.673 -0.0013889
-142.857 -0.00117103
-102.041 -0.000959229
-61.2245 -0.0007574
-20.4082 -0.000568518
20.4082 -0.000394663
61.2245 -0.000237098
102.041 -9.63767e-05
142.857 2.75335e-05
183.673 0.000135123
224.49 0.000227224
265.306 0.000304901
306.122 0.000369361
346.939 0.00042188
387.755 0.000463743
428.571 0.000496207
469.388 0.000520462
510.204 0.00053762
551.02 0.000548699
591.837 0.000554616
632.653 0.000556195
673.469 0.000554161
714.286 0.000549152
755.102 0.000541722
795.918 0.000532349
836.735 0.000521445
877.551 0.000509359
918.367 0.00049639
959.184 0.000482787
1000 0.00046876
