-1000 0.00230242
-959.184 0.00234158
-918.367 0.00236284
-877.551 0.00236089
-836.735 0.00232932
-795.918 0.00226061
-755.102 0.00214596
-714.286 0.00197532
-673.469 0.00173744
-632.653 0.00142008
-591.837 0.00101046
-551.02 0.000495965
-510.204 -0.000134822
-469.388 -0.000890611
-428.571 -0.00177552
-387.755 -0.00278681
-346.939 -0.00391245
-306.122 -0.0051289
-265.306 -0.00639951
-224.49 -0.0076744
-183.673 -0.00889218
-142.857 -0.0099841
-102.041 -0.0108804
-61.2245 -0.0115183
-20.4082 -0.0118501
20.4082 -0.0118501
61.2245 -0.0115183
102.041 -0.0108804
142.857 -0.0099841
183.673 -0.00889218
224.49 -0.0076744
265.306 -0.00639951
306.122 -0.0051289
346.939 -0.00391245
387.755 -0.00278681
428.571 -0.00177552
469.388 -0.000890611
510.204 -0.000134822
551.02 0.000495965
591.837 0.00101046
632.653 0.00142008
673.469 0.00173744
714.286 0.00197532
755.102 0.00214596
795.918 0.00226061
836.735 0.00232932
877.551 0.00236089
918.367 0.00236284
959.184 0.00234158
1000 0.00230242
