-1000 -0.000479615
-959.184 -0.000661191
-918.367 -0.000856861
-877.551 -0.00106411
-836.735 -0.00127948
-795.918 -0.00149864
-755.102 -0.00171636
-714.286 -0.00192674
-673.469 -0.00212342
-632.653 -0.00229987
-591.837 -0.0024498
-551.02 -0.00256755
-510.204 -0.00264847
-469.388 -0.00268924
-428.571 -0.00268819
-387.755 -0.00264535
-346.939 -0.00256251
-306.122 -0.00244303
-265.306 -0.00229162
-224.49 -0.00211401
-183.673 -0.00191649
-142.857 -0.0017056
-102.041 -0.00148767
-61.2245 -0.00126859
-20.4082 -0.00105352
20.4082 -0.000846778
61.2245 -0.00065176
102.041 -0.00047094
142.857 -0.000305936
183.673 -0.000157607
224.49 -2.61679e-05
265.306 8.86809e-05
306.122 0.000187632
346.939 0.000271657
387.755 0.000341909
428.571 0.000399641
469.388 0.000446142
510.204 0.000482684
551.02 0.00051049
591.837 0.00053071
632.653 0.000544405
673.469 0.000552537
714.286 0.000555973
755.102 0.000555481
795.918 0.000551737
836.735 0.000545333
877.551 0.00053678
918.367 0.000526518
959.184 0.000514924
1000 0.000502318
