-1000 0.00826708
-959.184 0.00936644
-918.367 0.0106749
-877.551 0.0122458
-836.735 0.0141503
-795.918 0.0164843
-755.102 0.01938
-714.286 0.0230227
-673.469 0.0276783
-632.653 0.0337386
-591.837 0.0417982
-551.02 0.0527911
-510.204 0.0682462
-469.388 0.0907891
-428.571 0.125197
-387.755 0.180781
-346.939 0.277187
-306.122 0.459456
-265.306 0.833847
-224.49 1.53412
-183.673 0.392579
-142.857 -4.62799
-102.041 2.70331
-61.2245 -3.2309
-20.4082 1.16
20.4082 1.21346
61.2245 -3.04854
102.041 3.09847
142.857 -3.8104
183.673 1.89737
224.49 0.312827
265.306 -2.29492
306.122 2.53006
346.939 -5.15453
387.755 0.877462
428.571 1.45765
469.388 0.782731
510.204 0.435056
551.02 0.264743
591.837 0.173836
632.653 0.121011
673.469 0.0881042
714.286 0.0664371
755.102 0.0515226
795.918 0.0408792
836.735 0.0330545
877.551 0.0271573
918.367 0.022618
959.184 0.0190604
1000 0.0162282
