-1000 0.00338191
-959.184 0.00359884
-918.367 0.00383434
-877.551 0.00409039
-836.735 0.00436921
-795.918 0.00467335
-755.102 0.00500566
-714.286 0.00536938
-673.469 0.00576822
-632.653 0.00620638
-591.837 0.00668866
-551.02 0.00722058
-510.204 0.00780844
-469.388 0.00845951
-428.571 0.00918216
-387.755 0.00998607
-346.939 0.0108824
-306.122 0.0118843
-265.306 0.0130068
-224.49 0.0142676
-183.673 0.0156873
-142.857 0.01729
-102.041 0.0191043
-61.2245 0.0211633
-20.4082 0.0235062
20.4082 0.0261792
61.2245 0.0292364
102.041 0.0327416
142.857 0.0367691
183.673 0.0414054
224.49 0.0467493
265.306 0.0529104
306.122 0.0600033
346.939 0.0681311
387.755 0.0773448
428.571 0.0875445
469.388 0.0982405
510.204 0.107972
551.02 0.112898
591.837 0.10365
632.653 0.0602944
673.469 -0.0456159
714.286 -0.21057
755.102 -0.347352
795.918 -0.404092
836.735 -0.432622
877.551 -0.424991
918.367 -0.390025
959.184 -0.30923
1000 -0.15005
