-1000 0.000698971
-959.184 0.000752994
-918.367 0.000812715
-877.551 0.000878905
-836.735 0.00095246
-795.918 0.00103443
-755.102 0.00112605
-714.286 0.00122878
-673.469 0.00134435
-632.653 0.00147483
-591.837 0.00162267
-551.02 0.00179086
-510.204 0.001983
-469.388 0.0022035
-428.571 0.00245775
-387.755 0.00275242
-346.939 0.00309583
-306.122 0.00349841
-265.306 0.00397337
-224.49 0.00453759
-183.673 0.00521286
-142.857 0.00602763
-102.041 0.00701941
-61.2245 0.00823841
-20.4082 0.00975263
20.4082 0.0116557
61.2245 0.0140784
102.041 0.0172075
142.857 0.0213138
183.673 0.0268002
224.49 0.0342803
265.306 0.0447159
306.122 0.0596645
346.939 0.0817497
387.755 0.115619
428.571 0.170096
469.388 0.263672
510.204 0.439997
551.02 0.798881
591.837 1.16266
632.653 -3.86008
673.469 -2.37567
714.286 1.18268
755.102 0.728433
795.918 0.40515
836.735 0.24589
877.551 0.160055
918.367 0.109511
959.184 0.0778317
1000 0.0570479
