-1000 0.000463932
-959.184 0.000483737
-918.367 0.000504269
-877.551 0.000525501
-836.735 0.000547389
-795.918 0.000569872
-755.102 0.000592862
-714.286 0.000616245
-673.469 0.000639869
-632.653 0.000663542
-591.837 0.000687017
-551.02 0.00070999
-510.204 0.000732078
-469.388 0.000752815
-428.571 0.000771629
-387.755 0.000787828
-346.939 0.000800579
-306.122 0.000808886
-265.306 0.000811568
-224.49 0.000807235
-183.673 0.000794268
-142.857 0.000770794
-102.041 0.00073468
-61.2245 0.000683526
-20.4082 0.000614678
20.4082 0.000525267
61.2245 0.000412275
102.041 0.000272649
142.857 0.000103463
183.673 -9.78527e-05
224.49 -0.000333212
265.306 -0.000603501
306.122 -0.000908148
346.939 -0.00124466
387.755 -0.00160816
428.571 -0.00199106
469.388 -0.00238284
510.204 -0.0027702
551.02 -0.00313753
591.837 -0.00346783
632.653 -0.003744
673.469 -0.0039505
714.286 -0.00407492
755.102 -0.0041095
795.918 -0.00405202
836.735 -0.00390615
877.551 -0.00368093
918.367 -0.00338967
959.184 -0.0030485
1000 -0.0026746
