-1000 6.94884e-05
-959.184 1.25405e-05
-918.367 -5.44036e-05
-877.551 -0.000131736
-836.735 -0.000219491
-795.918 -0.000317227
-755.102 -0.000423908
-714.286 -0.000537798
-673.469 -0.0006564
-632.653 -0.000776445
-591.837 -0.000893962
-551.02 -0.00100445
-510.204 -0.00110313
-469.388 -0.00118533
-428.571 -0.00124684
-387.755 -0.00128433
-346.939 -0.00129571
-306.122 -0.00128033
-265.306 -0.00123907
-224.49 -0.00117423
-183.673 -0.00108927
-142.857 -0.00098851
-102.041 -0.000876668
-61.2245 -0.000758495
-20.4082 -0.00063843
20.4082 -0.000520344
61.2245 -0.000407395
102.041 -0.000301964
142.857 -0.000205675
183.673 -0.000119468
224.49 -4.37058e-05
265.306 2.17066e-05
306.122 7.72056e-05
346.939 0.000123461
387.755 0.000161285
428.571 0.00019156
469.388 0.000215184
510.204 0.000233031
551.02 0.000245922
591.837 0.000254613
632.653 0.000259785
673.469 0.000262041
714.286 0.000261909
755.102 0.000259847
795.918 0.000256245
836.735 0.000251436
877.551 0.000245699
918.367 0.00023927
959.184 0.000232341
1000 0.000225074
