-1000 0.000285111
-959.184 0.000304041
-918.367 0.000324585
-877.551 0.000346905
-836.735 0.00037118
-795.918 0.000397606
-755.102 0.000426403
-714.286 0.000457808
-673.469 0.000492082
-632.653 0.000529511
-591.837 0.000570401
-551.02 0.00061508
-510.204 0.000663893
-469.388 0.000717195
-428.571 0.000775338
-387.755 0.000838656
-346.939 0.000907436
-306.122 0.000981874
-265.306 0.00106202
-224.49 0.00114768
-183.673 0.00123832
-142.857 0.00133283
-102.041 0.00142935
-61.2245 0.00152486
-20.4082 0.00161478
20.4082 0.00169232
61.2245 0.0017477
102.041 0.00176723
142.857 0.00173227
183.673 0.00161825
224.49 0.00139409
265.306 0.00102286
306.122 0.000464399
346.939 -0.000318407
387.755 -0.00134862
428.571 -0.00261924
469.388 -0.00407476
510.204 -0.00559742
551.02 -0.00700904
591.837 -0.00809852
632.653 -0.00867457
673.469 -0.00862649
714.286 -0.00796379
755.102 -0.0068126
795.918 -0.00537117
836.735 -0.00384853
877.551 -0.00241484
918.367 -0.00117813
959.184 -0.000185525
1000 0.000561656
