-1000 0.000652326
-959.184 0.000679267
-918.367 0.00070696
-877.551 0.000735307
-836.735 0.000764177
-795.918 0.0007934
-755.102 0.000822757
-714.286 0.000851971
-673.469 0.000880693
-632.653 0.000908496
-591.837 0.000934851
-551.02 0.000959118
-510.204 0.000980521
-469.388 0.000998134
-428.571 0.00101085
-387.755 0.00101737
-346.939 0.00101618
-306.122 0.00100552
-265.306 0.000983374
-224.49 0.000947473
-183.673 0.000895291
-142.857 0.000824071
-102.041 0.000730872
-61.2245 0.000612644
-20.4082 0.000466348
20.4082 0.000289115
61.2245 7.84555e-05
102.041 -0.000167481
142.857 -0.000449602
183.673 -0.000767544
224.49 -0.00111934
265.306 -0.0015011
306.122 -0.00190682
346.939 -0.00232824
387.755 -0.00275497
428.571 -0.00317472
469.388 -0.00357381
510.204 -0.00393791
551.02 -0.00425288
591.837 -0.00450569
632.653 -0.00468541
673.469 -0.00478401
714.286 -0.004797
755.102 -0.00472379
795.918 -0.00456771
836.735 -0.00433579
877.551 -0.00403819
918.367 -0.00368737
959.184 -0.00329726
1000 -0.00288223
