-1000 0.00352584
-959.184 0.00379963
-918.367 0.00410242
-877.551 0.00443814
-836.735 0.00481138
-795.918 0.0052275
-755.102 0.00569278
-714.286 0.00621467
-673.469 0.00680197
-632.653 0.00746518
-591.837 0.00821682
-551.02 0.00907199
-510.204 0.0100489
-469.388 0.0111697
-428.571 0.0124614
-387.755 0.0139572
-346.939 0.0156981
-306.122 0.0177351
-265.306 0.0201316
-224.49 0.0229676
-183.673 0.0263434
-142.857 0.0303861
-102.041 0.0352562
-61.2245 0.0411556
-20.4082 0.0483361
20.4082 0.0571033
61.2245 0.0678095
102.041 0.0808129
142.857 0.0963514
183.673 0.114208
224.49 0.132871
265.306 0.147534
306.122 0.145971
346.939 0.103743
387.755 -0.00477326
428.571 -0.149237
469.388 -0.233269
510.204 -0.256168
551.02 -0.264461
591.837 -0.250642
632.653 -0.251685
673.469 -0.250572
714.286 -0.2526
755.102 -0.264904
795.918 -0.253709
836.735 -0.226332
877.551 -0.129227
918.367 0.015677
959.184 0.113911
1000 0.148054
