-1000 0.000610369
-959.184 0.000654585
-918.367 0.000703121
-877.551 0.000756508
-836.735 0.000815359
-795.918 0.000880379
-755.102 0.000952382
-714.286 0.00103231
-673.469 0.00112127
-632.653 0.00122054
-591.837 0.00133161
-551.02 0.00145626
-510.204 0.00159654
-469.388 0.00175492
-428.571 0.0019343
-387.755 0.00213814
-346.939 0.00237057
-306.122 0.00263652
-265.306 0.00294191
-224.49 0.00329385
-183.673 0.00370087
-142.857 0.00417322
-102.041 0.00472315
-61.2245 0.00536522
-20.4082 0.00611649
20.4082 0.00699653
61.2245 0.00802684
102.041 0.00922934
142.857 0.0106225
183.673 0.0122138
224.49 0.0139842
265.306 0.0158594
306.122 0.0176581
346.939 0.0190046
387.755 0.0191976
428.571 0.0170565
469.388 0.0108635
510.204 -0.0012887
551.02 -0.0203075
591.837 -0.044188
632.653 -0.0671538
673.469 -0.0820274
714.286 -0.0841021
755.102 -0.0727544
795.918 -0.0515106
836.735 -0.0271574
877.551 -0.00629105
918.367 0.00791984
959.184 0.0157136
1000 0.0188688
