-1000 0.000547113
-959.184 0.000575485
-918.367 0.000605101
-877.551 0.000635891
-836.735 0.000667743
-795.918 0.000700486
-755.102 0.00073388
-714.286 0.000767592
-673.469 0.000801175
-632.653 0.000834037
-591.837 0.000865412
-551.02 0.000894311
-510.204 0.000919484
-469.388 0.000939354
-428.571 0.000951964
-387.755 0.000954906
-346.939 0.000945256
-306.122 0.000919507
-265.306 0.000873524
-224.49 0.000802529
-183.673 0.000701129
-142.857 0.000563441
-102.041 0.000383325
-61.2245 0.000154777
-20.4082 -0.000127462
20.4082 -0.000467072
61.2245 -0.000865089
102.041 -0.00131865
142.857 -0.00181973
183.673 -0.00235403
224.49 -0.00290049
265.306 -0.00343172
306.122 -0.00391562
346.939 -0.00431847
387.755 -0.004609
428.571 -0.0047629
469.388 -0.00476671
510.204 -0.0046201
551.02 -0.0043359
591.837 -0.00393797
632.653 -0.00345732
673.469 -0.00292767
714.286 -0.00238126
755.102 -0.0018458
795.918 -0.00134267
836.735 -0.000886491
877.551 -0.000485591
918.367 -0.000143058
959.184 0.000141978
1000 0.000373095
