-1000 0.000824562
-959.184 0.000877091
-918.367 0.000934145
-877.551 0.000996218
-836.735 0.00106387
-795.918 0.00113774
-755.102 0.00121854
-714.286 0.00130712
-673.469 0.0014044
-632.653 0.00151149
-591.837 0.00162963
-551.02 0.00176027
-510.204 0.00190509
-469.388 0.00206605
-428.571 0.00224543
-387.755 0.00244589
-346.939 0.00267061
-306.122 0.00292328
-265.306 0.00320835
-224.49 0.00353107
-183.673 0.00389778
-142.857 0.00431608
-102.041 0.0047952
-61.2245 0.00534637
-20.4082 0.00598337
20.4082 0.00672319
61.2245 0.00758692
102.041 0.00860097
142.857 0.00979862
183.673 0.0112222
224.49 0.0129261
265.306 0.0149809
306.122 0.017479
346.939 0.0205436
387.755 0.0243408
428.571 0.0290989
469.388 0.035139
510.204 0.0429244
551.02 0.0531473
591.837 0.0668864
632.653 0.0859171
673.469 0.113367
714.286 0.155239
755.102 0.224332
795.918 0.351369
836.735 0.613889
877.551 1.07972
918.367 -0.805347
959.184 -5.76505
1000 0.925069
