-1000 0.000136661
-959.184 -0.000238002
-918.367 -0.000682185
-877.551 -0.00119799
-836.735 -0.00178382
-795.918 -0.00243304
-755.102 -0.00313264
-714.286 -0.00386227
-673.469 -0.00459396
-632.653 -0.00529289
-591.837 -0.00591962
-551.02 -0.00643371
-510.204 -0.00679845
-469.388 -0.00698588
-428.571 -0.00698102
-387.755 -0.00678424
-346.939 -0.00641127
-306.122 -0.00589063
-265.306 -0.00525932
-224.49 -0.00455784
-183.673 -0.00382548
-142.857 -0.00309674
-102.041 -0.00239924
-61.2245 -0.00175294
-20.4082 -0.0011705
20.4082 -0.00065828
61.2245 -0.000217648
102.041 0.000153643
142.857 0.000460256
183.673 0.000708262
224.49 0.00090438
265.306 0.00105543
306.122 0.00116796
346.939 0.00124803
387.755 0.00130112
428.571 0.00133203
469.388 0.00134495
510.204 0.00134345
551.02 0.00133056
591.837 0.00130881
632.653 0.0012803
673.469 0.00124678
714.286 0.00120965
755.102 0.00117007
795.918 0.00112897
836.735 0.00108708
877.551 0.00104499
918.367 0.00100316
959.184 0.000961945
1000 0.000921604
