-1000 0.00280493
-959.184 0.00306811
-918.367 0.00335328
-877.551 0.00365875
-836.735 0.00398048
-795.918 0.00431074
-755.102 0.00463624
-714.286 0.00493539
-673.469 0.00517455
-632.653 0.00530298
-591.837 0.0052465
-551.02 0.00490053
-510.204 0.00412415
-469.388 0.00273976
-428.571 0.000546586
-387.755 -0.00263864
-346.939 -0.00689893
-306.122 -0.0120895
-265.306 -0.0177025
-224.49 -0.0228242
-183.673 -0.0263172
-142.857 -0.0272485
-102.041 -0.0253484
-61.2245 -0.0211579
-20.4082 -0.0157393
20.4082 -0.0101899
61.2245 -0.00528814
102.041 -0.00140239
142.857 0.00141874
183.673 0.00330583
224.49 0.00445524
265.306 0.00506256
306.122 0.00529312
346.939 0.00527469
387.755 0.00510042
428.571 0.00483549
469.388 0.004524
510.204 0.00419487
551.02 0.00386641
591.837 0.00354972
632.653 0.00325104
673.469 0.00297347
714.286 0.00271808
755.102 0.00248469
795.918 0.00227239
836.735 0.00207985
877.551 0.00190554
918.367 0.0017479
959.184 0.00160539
1000 0.00147653
