-1000 0.0029649
-959.184 0.00316223
-918.367 0.00337717
-877.551 0.0036117
-836.735 0.00386805
-795.918 0.0041488
-755.102 0.00445684
-714.286 0.00479553
-673.469 0.00516868
-632.653 0.00558071
-591.837 0.0060367
-551.02 0.00654256
-510.204 0.00710513
-469.388 0.00773241
-428.571 0.00843375
-387.755 0.00922015
-346.939 0.0101046
-306.122 0.0111024
-265.306 0.0122321
-224.49 0.0135154
-183.673 0.0149789
-142.857 0.0166546
-102.041 0.0185816
-61.2245 0.0208081
-20.4082 0.0233937
20.4082 0.0264133
61.2245 0.0299617
102.041 0.0341609
142.857 0.03917
183.673 0.0452004
224.49 0.0525394
265.306 0.0615872
306.122 0.0729178
346.939 0.0873842
387.755 0.106307
428.571 0.131835
469.388 0.167676
510.204 0.220727
551.02 0.305084
591.837 0.453025
632.653 0.744212
673.469 1.28907
714.286 0.222841
755.102 -5.59317
795.918 1.7513
836.735 -4.02452
877.551 -1.08174
918.367 1.38933
959.184 0.832269
1000 0.495882
