-1000 -0.00340298
-1000 -0.00340298
-995.992 -0.00346587
-995.992 -0.00346587
-991.984 -0.00352802
-991.984 -0.00352802
-987.976 -0.00358934
-987.976 -0.00358934
-983.968 -0.00364978
-983.968 -0.00364978
-979.96 -0.00370928
-979.96 -0.00370928
-975.952 -0.00376777
-975.952 -0.00376777
-971.944 -0.0038252
-971.944 -0.0038252
-967.936 -0.0038815
-967.936 -0.0038815
-963.928 -0.0039366
-963.928 -0.0039366
-959.92 -0.00399045
-959.92 -0.00399045
-955.912 -0.004043
-955.912 -0.004043
-951.904 -0.00409417
-951.904 -0.00409417
-947.896 -0.0041439
-947.896 -0.0041439
-943.888 -0.00419215
-943.888 -0.00419215
-939.88 -0.00423886
-939.88 -0.00423886
-935.872 -0.00428397
-935.872 -0.00428397
-931.864 -0.00432742
-931.864 -0.00432742
-927.856 -0.00436916
-927.856 -0.00436916
-923.848 -0.00440915
-923.848 -0.00440915
-919.84 -0.00444733
-919.84 -0.00444733
-915.832 -0.00448365
-915.832 -0.00448365
-911.824 -0.00451808
-911.824 -0.00451808
-907.816 -0.00455056
-907.816 -0.00455056
-903.808 -0.00458106
-903.808 -0.00458106
-899.8 -0.00460953
-899.8 -0.00460953
-895.792 -0.00463595
-895.792 -0.00463595
-891.784 -0.00466028
-891.784 -0.00466028
-887.776 -0.00468247
-887.776 -0.00468247
-883.768 -0.00470252
-883.768 -0.00470252
-879.76 -0.00472039
-879.76 -0.00472039
-875.752 -0.00473605
-875.752 -0.00473605
-871.743 -0.00474949
-871.743 -0.00474949
-867.735 -0.00476069
-867.735 -0.00476069
-863.727 -0.00476963
-863.727 -0.00476963
-859.719 -0.0047763
-859.719 -0.0047763
-855.711 -0.0047807
-855.711 -0.0047807
-851.703 -0.00478281
-851.703 -0.00478281
-847.695 -0.00478264
-847.695 -0.00478264
-843.687 -0.00478018
-843.687 -0.00478018
-839.679 -0.00477545
-839.679 -0.00477545
-835.671 -0.00476843
-835.671 -0.00476843
-831.663 -0.00475915
-831.663 -0.00475915
-827.655 -0.00474762
-827.655 -0.00474762
-823.647 -0.00473384
-823.647 -0.00473384
-819.639 -0.00471785
-819.639 -0.00471785
-815.631 -0.00469965
-815.631 -0.00469965
-811.623 -0.00467928
-811.623 -0.00467928
-807.615 -0.00465676
-807.615 -0.00465676
-803.607 -0.00463212
-803.607 -0.00463212
-799.599 -0.00460539
-799.599 -0.00460539
-795.591 -0.00457661
-795.591 -0.00457661
-791.583 -0.00454581
-791.583 -0.00454581
-787.575 -0.00451304
-787.575 -0.00451304
-783.567 -0.00447832
-783.567 -0.00447832
-779.559 -0.00444172
-779.559 -0.00444172
-775.551 -0.00440326
-775.551 -0.00440326
-771.543 -0.00436301
-771.543 -0.00436301
-767.535 -0.00432101
-767.535 -0.00432101
-763.527 -0.0042773
-763.527 -0.0042773
-759.519 -0.00423195
-759.519 -0.00423195
-755.511 -0.00418501
-755.511 -0.00418501
-751.503 -0.00413654
-751.503 -0.00413654
-747.495 -0.00408658
-747.495 -0.00408658
-743.487 -0.0040352
-743.487 -0.0040352
-739.479 -0.00398246
-739.479 -0.00398246
-735.471 -0.00392841
-735.471 -0.00392841
-731.463 -0.00387313
-731.463 -0.00387313
-727.455 -0.00381666
-727.455 -0.00381666
-723.447 -0.00375907
-723.447 -0.00375907
-719.439 -0.00370042
-719.439 -0.00370042
-715.431 -0.00364077
-715.431 -0.00364077
-711.423 -0.0035802
-711.423 -0.0035802
-707.415 -0.00351875
-707.415 -0.00351875
-703.407 -0.00345649
-703.407 -0.00345649
-699.399 -0.00339348
-699.399 -0.00339348
-695.391 -0.00332979
-695.391 -0.00332979
-691.383 -0.00326547
-691.383 -0.00326547
-687.375 -0.00320059
-687.375 -0.00320059
-683.367 -0.00313521
-683.367 -0.00313521
-679.359 -0.00306938
-679.359 -0.00306938
-675.351 -0.00300317
-675.351 -0.00300317
-671.343 -0.00293663
-671.343 -0.00293663
-667.335 -0.00286983
-667.335 -0.00286983
-663.327 -0.0028028
-663.327 -0.0028028
-659.319 -0.00273562
-659.319 -0.00273562
-655.311 -0.00266833
-655.311 -0.00266833
-651.303 -0.00260099
-651.303 -0.00260099
-647.295 -0.00253365
-647.295 -0.00253365
-643.287 -0.00246635
-643.287 -0.00246635
-639.279 -0.00239916
-639.279 -0.00239916
-635.271 -0.0023321
-635.271 -0.0023321
-631.263 -0.00226524
-631.263 -0.00226524
-627.255 -0.00219861
-627.255 -0.00219861
-623.246 -0.00213226
-623.246 -0.00213226
-619.238 -0.00206622
-619.238 -0.00206622
-615.23 -0.00200055
-615.23 -0.00200055
-611.222 -0.00193527
-611.222 -0.00193527
-607.214 -0.00187043
-607.214 -0.00187043
-603.206 -0.00180605
-603.206 -0.00180605
-599.198 -0.00174218
-599.198 -0.00174218
-595.19 -0.00167885
-595.19 -0.00167885
-591.182 -0.00161608
-591.182 -0.00161608
-587.174 -0.00155391
-587.174 -0.00155391
-583.166 -0.00149235
-583.166 -0.00149235
-579.158 -0.00143145
-579.158 -0.00143145
-575.15 -0.00137122
-575.15 -0.00137122
-571.142 -0.00131169
-571.142 -0.00131169
-567.134 -0.00125288
-567.134 -0.00125288
-563.126 -0.00119481
-563.126 -0.00119481
-559.118 -0.00113749
-559.118 -0.00113749
-555.11 -0.00108095
-555.11 -0.00108095
-551.102 -0.0010252
-551.102 -0.0010252
-547.094 -0.000970261
-547.094 -0.000970261
-543.086 -0.000916138
-543.086 -0.000916138
-539.078 -0.000862846
-539.078 -0.000862846
-535.07 -0.000810398
-535.07 -0.000810398
-531.062 -0.000758802
-531.062 -0.000758802
-527.054 -0.000708067
-527.054 -0.000708067
-523.046 -0.000658201
-523.046 -0.000658201
-519.038 -0.00060921
-519.038 -0.00060921
-515.03 -0.000561099
-515.03 -0.000561099
-511.022 -0.000513872
-511.022 -0.000513872
-507.014 -0.000467534
-507.014 -0.000467534
-503.006 -0.000422086
-503.006 -0.000422086
-498.998 -0.000377529
-498.998 -0.000377529
-494.99 -0.000333865
-494.99 -0.000333865
-490.982 -0.000291092
-490.982 -0.000291092
-486.974 -0.00024921
-486.974 -0.00024921
-482.966 -0.000208217
-482.966 -0.000208217
-478.958 -0.000168109
-478.958 -0.000168109
-474.95 -0.000128885
-474.95 -0.000128885
-470.942 -9.05395e-05
-470.942 -9.05395e-05
-466.934 -5.30682e-05
-466.934 -5.30682e-05
-462.926 -1.64657e-05
-462.926 -1.64657e-05
-458.918 1.92737e-05
-458.918 1.92737e-05
-454.91 5.41564e-05
-454.91 5.41564e-05
-450.902 8.81892e-05
-450.902 8.81892e-05
-446.894 0.000121379
-446.894 0.000121379
-442.886 0.000153735
-442.886 0.000153735
-438.878 0.000185264
-438.878 0.000185264
-434.87 0.000215975
-434.87 0.000215975
-430.862 0.000245876
-430.862 0.000245876
-426.854 0.000274978
-426.854 0.000274978
-422.846 0.00030329
-422.846 0.00030329
-418.838 0.000330822
-418.838 0.000330822
-414.83 0.000357583
-414.83 0.000357583
-410.822 0.000383584
-410.822 0.000383584
-406.814 0.000408836
-406.814 0.000408836
-402.806 0.00043335
-402.806 0.00043335
-398.798 0.000457136
-398.798 0.000457136
-394.79 0.000480205
-394.79 0.000480205
-390.782 0.000502569
-390.782 0.000502569
-386.774 0.000524239
-386.774 0.000524239
-382.766 0.000545226
-382.766 0.000545226
-378.758 0.000565543
-378.758 0.000565543
-374.749 0.000585199
-374.749 0.000585199
-370.741 0.000604208
-370.741 0.000604208
-366.733 0.00062258
-366.733 0.00062258
-362.725 0.000640328
-362.725 0.000640328
-358.717 0.000657463
-358.717 0.000657463
-354.709 0.000673996
-354.709 0.000673996
-350.701 0.00068994
-350.701 0.00068994
-346.693 0.000705305
-346.693 0.000705305
-342.685 0.000720104
-342.685 0.000720104
-338.677 0.000734348
-338.677 0.000734348
-334.669 0.000748048
-334.669 0.000748048
-330.661 0.000761216
-330.661 0.000761216
-326.653 0.000773863
-326.653 0.000773863
-322.645 0.000786
-322.645 0.000786
-318.637 0.000797639
-318.637 0.000797639
-314.629 0.00080879
-314.629 0.00080879
-310.621 0.000819464
-310.621 0.000819464
-306.613 0.000829672
-306.613 0.000829672
-302.605 0.000839426
-302.605 0.000839426
-298.597 0.000848734
-298.597 0.000848734
-294.589 0.000857609
-294.589 0.000857609
-290.581 0.000866059
-290.581 0.000866059
-286.573 0.000874096
-286.573 0.000874096
-282.565 0.00088173
-282.565 0.00088173
-278.557 0.000888969
-278.557 0.000888969
-274.549 0.000895825
-274.549 0.000895825
-270.541 0.000902307
-270.541 0.000902307
-266.533 0.000908423
-266.533 0.000908423
-262.525 0.000914185
-262.525 0.000914185
-258.517 0.0009196
-258.517 0.0009196
-254.509 0.000924677
-254.509 0.000924677
-250.501 0.000929427
-250.501 0.000929427
-246.493 0.000933857
-246.493 0.000933857
-242.485 0.000937975
-242.485 0.000937975
-238.477 0.000941791
-238.477 0.000941791
-234.469 0.000945313
-234.469 0.000945313
-230.461 0.000948549
-230.461 0.000948549
-226.453 0.000951506
-226.453 0.000951506
-222.445 0.000954193
-222.445 0.000954193
-218.437 0.000956617
-218.437 0.000956617
-214.429 0.000958787
-214.429 0.000958787
-210.421 0.000960708
-210.421 0.000960708
-206.413 0.000962388
-206.413 0.000962388
-202.405 0.000963836
-202.405 0.000963836
-198.397 0.000965056
-198.397 0.000965056
-194.389 0.000966057
-194.389 0.000966057
-190.381 0.000966844
-190.381 0.000966844
-186.373 0.000967425
-186.373 0.000967425
-182.365 0.000967806
-182.365 0.000967806
-178.357 0.000967993
-178.357 0.000967993
-174.349 0.000967991
-174.349 0.000967991
-170.341 0.000967807
-170.341 0.000967807
-166.333 0.000967448
-166.333 0.000967448
-162.325 0.000966917
-162.325 0.000966917
-158.317 0.000966222
-158.317 0.000966222
-154.309 0.000965367
-154.309 0.000965367
-150.301 0.000964358
-150.301 0.000964358
-146.293 0.000963199
-146.293 0.000963199
-142.285 0.000961896
-142.285 0.000961896
-138.277 0.000960455
-138.277 0.000960455
-134.269 0.000958879
-134.269 0.000958879
-130.261 0.000957173
-130.261 0.000957173
-126.253 0.000955342
-126.253 0.000955342
-122.244 0.00095339
-122.244 0.00095339
-118.236 0.000951322
-118.236 0.000951322
-114.228 0.000949142
-114.228 0.000949142
-110.22 0.000946854
-110.22 0.000946854
-106.212 0.000944462
-106.212 0.000944462
-102.204 0.00094197
-102.204 0.00094197
-98.1964 0.000939382
-98.1964 0.000939382
-94.1884 0.000936701
-94.1884 0.000936701
-90.1804 0.000933932
-90.1804 0.000933932
-86.1723 0.000931077
-86.1723 0.000931077
-82.1643 0.00092814
-82.1643 0.00092814
-78.1563 0.000925125
-78.1563 0.000925125
-74.1483 0.000922035
-74.1483 0.000922035
-70.1403 0.000918872
-70.1403 0.000918872
-66.1323 0.00091564
-66.1323 0.00091564
-62.1242 0.000912342
-62.1242 0.000912342
-58.1162 0.000908982
-58.1162 0.000908982
-54.1082 0.00090556
-54.1082 0.00090556
-50.1002 0.000902081
-50.1002 0.000902081
-46.0922 0.000898548
-46.0922 0.000898548
-42.0842 0.000894962
-42.0842 0.000894962
-38.0762 0.000891326
-38.0762 0.000891326
-34.0681 0.000887643
-34.0681 0.000887643
-30.0601 0.000883915
-30.0601 0.000883915
-26.0521 0.000880144
-26.0521 0.000880144
-22.0441 0.000876333
-22.0441 0.000876333
-18.0361 0.000872484
-18.0361 0.000872484
-14.0281 0.000868599
-14.0281 0.000868599
-10.02 0.000864679
-10.02 0.000864679
-6.01202 0.000860728
-6.01202 0.000860728
-2.00401 0.000856747
-2.00401 0.000856747
2.00401 0.000852737
2.00401 0.000852737
6.01202 0.000848701
6.01202 0.000848701
10.02 0.000844641
10.02 0.000844641
14.0281 0.000840557
14.0281 0.000840557
18.0361 0.000836452
18.0361 0.000836452
22.0441 0.000832328
22.0441 0.000832328
26.0521 0.000828186
26.0521 0.000828186
30.0601 0.000824027
30.0601 0.000824027
34.0681 0.000819853
34.0681 0.000819853
38.0762 0.000815665
38.0762 0.000815665
42.0842 0.000811465
42.0842 0.000811465
46.0922 0.000807254
46.0922 0.000807254
50.1002 0.000803033
50.1002 0.000803033
54.1082 0.000798804
54.1082 0.000798804
58.1162 0.000794568
58.1162 0.000794568
62.1242 0.000790325
62.1242 0.000790325
66.1323 0.000786078
66.1323 0.000786078
70.1403 0.000781827
70.1403 0.000781827
74.1483 0.000777572
74.1483 0.000777572
78.1563 0.000773316
78.1563 0.000773316
82.1643 0.00076906
82.1643 0.00076906
86.1723 0.000764803
86.1723 0.000764803
90.1804 0.000760547
90.1804 0.000760547
94.1884 0.000756294
94.1884 0.000756294
98.1964 0.000752043
98.1964 0.000752043
102.204 0.000747795
102.204 0.000747795
106.212 0.000743552
106.212 0.000743552
110.22 0.000739314
110.22 0.000739314
114.228 0.000735082
114.228 0.000735082
118.236 0.000730857
118.236 0.000730857
122.244 0.000726639
122.244 0.000726639
126.253 0.000722429
126.253 0.000722429
130.261 0.000718227
130.261 0.000718227
134.269 0.000714035
134.269 0.000714035
138.277 0.000709852
138.277 0.000709852
142.285 0.00070568
142.285 0.00070568
146.293 0.000701518
146.293 0.000701518
150.301 0.000697368
150.301 0.000697368
154.309 0.00069323
154.309 0.00069323
158.317 0.000689104
158.317 0.000689104
162.325 0.000684991
162.325 0.000684991
166.333 0.000680891
166.333 0.000680891
170.341 0.000676805
170.341 0.000676805
174.349 0.000672733
174.349 0.000672733
178.357 0.000668675
178.357 0.000668675
182.365 0.000664633
182.365 0.000664633
186.373 0.000660605
186.373 0.000660605
190.381 0.000656593
190.381 0.000656593
194.389 0.000652597
194.389 0.000652597
198.397 0.000648617
198.397 0.000648617
202.405 0.000644653
202.405 0.000644653
206.413 0.000640706
206.413 0.000640706
210.421 0.000636776
210.421 0.000636776
214.429 0.000632864
214.429 0.000632864
218.437 0.000628969
218.437 0.000628969
222.445 0.000625091
222.445 0.000625091
226.453 0.000621232
226.453 0.000621232
230.461 0.00061739
230.461 0.00061739
234.469 0.000613567
234.469 0.000613567
238.477 0.000609763
238.477 0.000609763
242.485 0.000605977
242.485 0.000605977
246.493 0.000602209
246.493 0.000602209
250.501 0.000598461
250.501 0.000598461
254.509 0.000594732
254.509 0.000594732
258.517 0.000591022
258.517 0.000591022
262.525 0.000587332
262.525 0.000587332
266.533 0.000583661
266.533 0.000583661
270.541 0.000580009
270.541 0.000580009
274.549 0.000576377
274.549 0.000576377
278.557 0.000572765
278.557 0.000572765
282.565 0.000569173
282.565 0.000569173
286.573 0.000565601
286.573 0.000565601
290.581 0.000562048
290.581 0.000562048
294.589 0.000558516
294.589 0.000558516
298.597 0.000555003
298.597 0.000555003
302.605 0.000551511
302.605 0.000551511
306.613 0.000548039
306.613 0.000548039
310.621 0.000544587
310.621 0.000544587
314.629 0.000541156
314.629 0.000541156
318.637 0.000537744
318.637 0.000537744
322.645 0.000534353
322.645 0.000534353
326.653 0.000530982
326.653 0.000530982
330.661 0.000527631
330.661 0.000527631
334.669 0.000524301
334.669 0.000524301
338.677 0.000520991
338.677 0.000520991
342.685 0.000517701
342.685 0.000517701
346.693 0.000514431
346.693 0.000514431
350.701 0.000511182
350.701 0.000511182
354.709 0.000507952
354.709 0.000507952
358.717 0.000504743
358.717 0.000504743
362.725 0.000501554
362.725 0.000501554
366.733 0.000498385
366.733 0.000498385
370.741 0.000495237
370.741 0.000495237
374.749 0.000492108
374.749 0.000492108
378.758 0.000488999
378.758 0.000488999
382.766 0.00048591
382.766 0.00048591
386.774 0.000482841
386.774 0.000482841
390.782 0.000479792
390.782 0.000479792
394.79 0.000476763
394.79 0.000476763
398.798 0.000473753
398.798 0.000473753
402.806 0.000470763
402.806 0.000470763
406.814 0.000467793
406.814 0.000467793
410.822 0.000464842
410.822 0.000464842
414.83 0.00046191
414.83 0.00046191
418.838 0.000458998
418.838 0.000458998
422.846 0.000456106
422.846 0.000456106
426.854 0.000453232
426.854 0.000453232
430.862 0.000450378
430.862 0.000450378
434.87 0.000447543
434.87 0.000447543
438.878 0.000444727
438.878 0.000444727
442.886 0.00044193
442.886 0.00044193
446.894 0.000439151
446.894 0.000439151
450.902 0.000436392
450.902 0.000436392
454.91 0.000433651
454.91 0.000433651
458.918 0.000430929
458.918 0.000430929
462.926 0.000428225
462.926 0.000428225
466.934 0.00042554
466.934 0.00042554
470.942 0.000422873
470.942 0.000422873
474.95 0.000420224
474.95 0.000420224
478.958 0.000417593
478.958 0.000417593
482.966 0.000414981
482.966 0.000414981
486.974 0.000412386
486.974 0.000412386
490.982 0.00040981
490.982 0.00040981
494.99 0.000407251
494.99 0.000407251
498.998 0.00040471
498.998 0.00040471
503.006 0.000402186
503.006 0.000402186
507.014 0.00039968
507.014 0.00039968
511.022 0.000397191
511.022 0.000397191
515.03 0.00039472
515.03 0.00039472
519.038 0.000392266
519.038 0.000392266
523.046 0.000389829
523.046 0.000389829
527.054 0.000387408
527.054 0.000387408
531.062 0.000385005
531.062 0.000385005
535.07 0.000382619
535.07 0.000382619
539.078 0.000380249
539.078 0.000380249
543.086 0.000377896
543.086 0.000377896
547.094 0.000375559
547.094 0.000375559
551.102 0.000373239
551.102 0.000373239
555.11 0.000370935
555.11 0.000370935
559.118 0.000368648
559.118 0.000368648
563.126 0.000366376
563.126 0.000366376
567.134 0.00036412
567.134 0.00036412
571.142 0.000361881
571.142 0.000361881
575.15 0.000359657
575.15 0.000359657
579.158 0.000357448
579.158 0.000357448
583.166 0.000355256
583.166 0.000355256
587.174 0.000353079
587.174 0.000353079
591.182 0.000350917
591.182 0.000350917
595.19 0.00034877
595.19 0.00034877
599.198 0.000346639
599.198 0.000346639
603.206 0.000344523
603.206 0.000344523
607.214 0.000342422
607.214 0.000342422
611.222 0.000340335
611.222 0.000340335
615.23 0.000338264
615.23 0.000338264
619.238 0.000336207
619.238 0.000336207
623.246 0.000334164
623.246 0.000334164
627.255 0.000332136
627.255 0.000332136
631.263 0.000330123
631.263 0.000330123
635.271 0.000328124
635.271 0.000328124
639.279 0.000326139
639.279 0.000326139
643.287 0.000324168
643.287 0.000324168
647.295 0.000322211
647.295 0.000322211
651.303 0.000320268
651.303 0.000320268
655.311 0.000318338
655.311 0.000318338
659.319 0.000316423
659.319 0.000316423
663.327 0.000314521
663.327 0.000314521
667.335 0.000312632
667.335 0.000312632
671.343 0.000310757
671.343 0.000310757
675.351 0.000308895
675.351 0.000308895
679.359 0.000307047
679.359 0.000307047
683.367 0.000305211
683.367 0.000305211
687.375 0.000303389
687.375 0.000303389
691.383 0.000301579
691.383 0.000301579
695.391 0.000299783
695.391 0.000299783
699.399 0.000297999
699.399 0.000297999
703.407 0.000296227
703.407 0.000296227
707.415 0.000294469
707.415 0.000294469
711.423 0.000292722
711.423 0.000292722
715.431 0.000290988
715.431 0.000290988
719.439 0.000289267
719.439 0.000289267
723.447 0.000287557
723.447 0.000287557
727.455 0.00028586
727.455 0.00028586
731.463 0.000284175
731.463 0.000284175
735.471 0.000282501
735.471 0.000282501
739.479 0.00028084
739.479 0.00028084
743.487 0.00027919
743.487 0.00027919
747.495 0.000277552
747.495 0.000277552
751.503 0.000275925
751.503 0.000275925
755.511 0.00027431
755.511 0.00027431
759.519 0.000272706
759.519 0.000272706
763.527 0.000271114
763.527 0.000271114
767.535 0.000269533
767.535 0.000269533
771.543 0.000267963
771.543 0.000267963
775.551 0.000266404
775.551 0.000266404
779.559 0.000264856
779.559 0.000264856
783.567 0.000263319
783.567 0.000263319
787.575 0.000261793
787.575 0.000261793
791.583 0.000260277
791.583 0.000260277
795.591 0.000258772
795.591 0.000258772
799.599 0.000257278
799.599 0.000257278
803.607 0.000255794
803.607 0.000255794
807.615 0.000254321
807.615 0.000254321
811.623 0.000252858
811.623 0.000252858
815.631 0.000251405
815.631 0.000251405
819.639 0.000249962
819.639 0.000249962
823.647 0.000248529
823.647 0.000248529
827.655 0.000247107
827.655 0.000247107
831.663 0.000245694
831.663 0.000245694
835.671 0.000244292
835.671 0.000244292
839.679 0.000242899
839.679 0.000242899
843.687 0.000241516
843.687 0.000241516
847.695 0.000240142
847.695 0.000240142
851.703 0.000238778
851.703 0.000238778
855.711 0.000237423
855.711 0.000237423
859.719 0.000236078
859.719 0.000236078
863.727 0.000234743
863.727 0.000234743
867.735 0.000233416
867.735 0.000233416
871.743 0.000232099
871.743 0.000232099
875.752 0.000230791
875.752 0.000230791
879.76 0.000229492
879.76 0.000229492
883.768 0.000228202
883.768 0.000228202
887.776 0.000226921
887.776 0.000226921
891.784 0.000225649
891.784 0.000225649
895.792 0.000224385
895.792 0.000224385
899.8 0.00022313
899.8 0.00022313
903.808 0.000221884
903.808 0.000221884
907.816 0.000220647
907.816 0.000220647
911.824 0.000219418
911.824 0.000219418
915.832 0.000218197
915.832 0.000218197
919.84 0.000216985
919.84 0.000216985
923.848 0.000215781
923.848 0.000215781
927.856 0.000214586
927.856 0.000214586
931.864 0.000213399
931.864 0.000213399
935.872 0.000212219
935.872 0.000212219
939.88 0.000211048
939.88 0.000211048
943.888 0.000209885
943.888 0.000209885
947.896 0.00020873
947.896 0.00020873
951.904 0.000207583
951.904 0.000207583
955.912 0.000206444
955.912 0.000206444
959.92 0.000205312
959.92 0.000205312
963.928 0.000204188
963.928 0.000204188
967.936 0.000203072
967.936 0.000203072
971.944 0.000201963
971.944 0.000201963
975.952 0.000200862
975.952 0.000200862
979.96 0.000199768
979.96 0.000199768
983.968 0.000198682
983.968 0.000198682
987.976 0.000197603
987.976 0.000197603
991.984 0.000196531
991.984 0.000196531
995.992 0.000195467
995.992 0.000195467
1000 0.00019441
1000 0.00019441
