-1000 -0.00686277
-1000 -0.00686277
-995.992 -0.00688491
-995.992 -0.00688491
-991.984 -0.00690526
-991.984 -0.00690526
-987.976 -0.00692381
-987.976 -0.00692381
-983.968 -0.00694054
-983.968 -0.00694054
-979.96 -0.00695545
-979.96 -0.00695545
-975.952 -0.0069685
-975.952 -0.0069685
-971.944 -0.00697971
-971.944 -0.00697971
-967.936 -0.00698905
-967.936 -0.00698905
-963.928 -0.00699653
-963.928 -0.00699653
-959.92 -0.00700213
-959.92 -0.00700213
-955.912 -0.00700585
-955.912 -0.00700585
-951.904 -0.00700768
-951.904 -0.00700768
-947.896 -0.00700764
-947.896 -0.00700764
-943.888 -0.00700571
-943.888 -0.00700571
-939.88 -0.00700189
-939.88 -0.00700189
-935.872 -0.0069962
-935.872 -0.0069962
-931.864 -0.00698863
-931.864 -0.00698863
-927.856 -0.00697919
-927.856 -0.00697919
-923.848 -0.0069679
-923.848 -0.0069679
-919.84 -0.00695474
-919.84 -0.00695474
-915.832 -0.00693975
-915.832 -0.00693975
-911.824 -0.00692293
-911.824 -0.00692293
-907.816 -0.00690429
-907.816 -0.00690429
-903.808 -0.00688384
-903.808 -0.00688384
-899.8 -0.00686161
-899.8 -0.00686161
-895.792 -0.00683762
-895.792 -0.00683762
-891.784 -0.00681187
-891.784 -0.00681187
-887.776 -0.00678439
-887.776 -0.00678439
-883.768 -0.0067552
-883.768 -0.0067552
-879.76 -0.00672432
-879.76 -0.00672432
-875.752 -0.00669178
-875.752 -0.00669178
-871.743 -0.0066576
-871.743 -0.0066576
-867.735 -0.00662181
-867.735 -0.00662181
-863.727 -0.00658443
-863.727 -0.00658443
-859.719 -0.0065455
-859.719 -0.0065455
-855.711 -0.00650503
-855.711 -0.00650503
-851.703 -0.00646307
-851.703 -0.00646307
-847.695 -0.00641963
-847.695 -0.00641963
-843.687 -0.00637476
-843.687 -0.00637476
-839.679 -0.00632849
-839.679 -0.00632849
-835.671 -0.00628085
-835.671 -0.00628085
-831.663 -0.00623186
-831.663 -0.00623186
-827.655 -0.00618158
-827.655 -0.00618158
-823.647 -0.00613002
-823.647 -0.00613002
-819.639 -0.00607724
-819.639 -0.00607724
-815.631 -0.00602326
-815.631 -0.00602326
-811.623 -0.00596812
-811.623 -0.00596812
-807.615 -0.00591186
-807.615 -0.00591186
-803.607 -0.00585451
-803.607 -0.00585451
-799.599 -0.00579612
-799.599 -0.00579612
-795.591 -0.00573673
-795.591 -0.00573673
-791.583 -0.00567636
-791.583 -0.00567636
-787.575 -0.00561506
-787.575 -0.00561506
-783.567 -0.00555287
-783.567 -0.00555287
-779.559 -0.00548983
-779.559 -0.00548983
-775.551 -0.00542597
-775.551 -0.00542597
-771.543 -0.00536134
-771.543 -0.00536134
-767.535 -0.00529597
-767.535 -0.00529597
-763.527 -0.00522991
-763.527 -0.00522991
-759.519 -0.00516319
-759.519 -0.00516319
-755.511 -0.00509584
-755.511 -0.00509584
-751.503 -0.00502792
-751.503 -0.00502792
-747.495 -0.00495945
-747.495 -0.00495945
-743.487 -0.00489048
-743.487 -0.00489048
-739.479 -0.00482104
-739.479 -0.00482104
-735.471 -0.00475117
-735.471 -0.00475117
-731.463 -0.00468091
-731.463 -0.00468091
-727.455 -0.00461029
-727.455 -0.00461029
-723.447 -0.00453935
-723.447 -0.00453935
-719.439 -0.00446813
-719.439 -0.00446813
-715.431 -0.00439665
-715.431 -0.00439665
-711.423 -0.00432497
-711.423 -0.00432497
-707.415 -0.0042531
-707.415 -0.0042531
-703.407 -0.00418108
-703.407 -0.00418108
-699.399 -0.00410895
-699.399 -0.00410895
-695.391 -0.00403674
-695.391 -0.00403674
-691.383 -0.00396449
-691.383 -0.00396449
-687.375 -0.00389221
-687.375 -0.00389221
-683.367 -0.00381995
-683.367 -0.00381995
-679.359 -0.00374773
-679.359 -0.00374773
-675.351 -0.00367558
-675.351 -0.00367558
-671.343 -0.00360353
-671.343 -0.00360353
-667.335 -0.00353161
-667.335 -0.00353161
-663.327 -0.00345985
-663.327 -0.00345985
-659.319 -0.00338827
-659.319 -0.00338827
-655.311 -0.0033169
-655.311 -0.0033169
-651.303 -0.00324576
-651.303 -0.00324576
-647.295 -0.00317489
-647.295 -0.00317489
-643.287 -0.00310429
-643.287 -0.00310429
-639.279 -0.003034
-639.279 -0.003034
-635.271 -0.00296403
-635.271 -0.00296403
-631.263 -0.00289442
-631.263 -0.00289442
-627.255 -0.00282517
-627.255 -0.00282517
-623.246 -0.00275631
-623.246 -0.00275631
-619.238 -0.00268787
-619.238 -0.00268787
-615.23 -0.00261985
-615.23 -0.00261985
-611.222 -0.00255227
-611.222 -0.00255227
-607.214 -0.00248516
-607.214 -0.00248516
-603.206 -0.00241853
-603.206 -0.00241853
-599.198 -0.00235239
-599.198 -0.00235239
-595.19 -0.00228676
-595.19 -0.00228676
-591.182 -0.00222166
-591.182 -0.00222166
-587.174 -0.0021571
-587.174 -0.0021571
-583.166 -0.00209309
-583.166 -0.00209309
-579.158 -0.00202964
-579.158 -0.00202964
-575.15 -0.00196677
-575.15 -0.00196677
-571.142 -0.00190448
-571.142 -0.00190448
-567.134 -0.00184279
-567.134 -0.00184279
-563.126 -0.00178171
-563.126 -0.00178171
-559.118 -0.00172125
-559.118 -0.00172125
-555.11 -0.00166141
-555.11 -0.00166141
-551.102 -0.0016022
-551.102 -0.0016022
-547.094 -0.00154364
-547.094 -0.00154364
-543.086 -0.00148572
-543.086 -0.00148572
-539.078 -0.00142846
-539.078 -0.00142846
-535.07 -0.00137186
-535.07 -0.00137186
-531.062 -0.00131592
-531.062 -0.00131592
-527.054 -0.00126066
-527.054 -0.00126066
-523.046 -0.00120606
-523.046 -0.00120606
-519.038 -0.00115215
-519.038 -0.00115215
-515.03 -0.00109892
-515.03 -0.00109892
-511.022 -0.00104638
-511.022 -0.00104638
-507.014 -0.000994519
-507.014 -0.000994519
-503.006 -0.000943351
-503.006 -0.000943351
-498.998 -0.000892874
-498.998 -0.000892874
-494.99 -0.00084309
-494.99 -0.00084309
-490.982 -0.000794
-490.982 -0.000794
-486.974 -0.000745603
-486.974 -0.000745603
-482.966 -0.0006979
-482.966 -0.0006979
-478.958 -0.000650891
-478.958 -0.000650891
-474.95 -0.000604575
-474.95 -0.000604575
-470.942 -0.000558951
-470.942 -0.000558951
-466.934 -0.000514018
-466.934 -0.000514018
-462.926 -0.000469774
-462.926 -0.000469774
-458.918 -0.000426218
-458.918 -0.000426218
-454.91 -0.000383347
-454.91 -0.000383347
-450.902 -0.000341159
-450.902 -0.000341159
-446.894 -0.000299651
-446.894 -0.000299651
-442.886 -0.00025882
-442.886 -0.00025882
-438.878 -0.000218663
-438.878 -0.000218663
-434.87 -0.000179177
-434.87 -0.000179177
-430.862 -0.000140358
-430.862 -0.000140358
-426.854 -0.000102202
-426.854 -0.000102202
-422.846 -6.47049e-05
-422.846 -6.47049e-05
-418.838 -2.78628e-05
-418.838 -2.78628e-05
-414.83 8.32895e-06
-414.83 8.32895e-06
-410.822 4.38749e-05
-410.822 4.38749e-05
-406.814 7.87798e-05
-406.814 7.87798e-05
-402.806 0.000113049
-402.806 0.000113049
-398.798 0.000146686
-398.798 0.000146686
-394.79 0.000179698
-394.79 0.000179698
-390.782 0.000212089
-390.782 0.000212089
-386.774 0.000243866
-386.774 0.000243866
-382.766 0.000275032
-382.766 0.000275032
-378.758 0.000305595
-378.758 0.000305595
-374.749 0.00033556
-374.749 0.00033556
-370.741 0.000364932
-370.741 0.000364932
-366.733 0.000393718
-366.733 0.000393718
-362.725 0.000421924
-362.725 0.000421924
-358.717 0.000449556
-358.717 0.000449556
-354.709 0.00047662
-354.709 0.00047662
-350.701 0.000503121
-350.701 0.000503121
-346.693 0.000529068
-346.693 0.000529068
-342.685 0.000554465
-342.685 0.000554465
-338.677 0.000579319
-338.677 0.000579319
-334.669 0.000603637
-334.669 0.000603637
-330.661 0.000627424
-330.661 0.000627424
-326.653 0.000650688
-326.653 0.000650688
-322.645 0.000673435
-322.645 0.000673435
-318.637 0.000695671
-318.637 0.000695671
-314.629 0.000717403
-314.629 0.000717403
-310.621 0.000738638
-310.621 0.000738638
-306.613 0.000759381
-306.613 0.000759381
-302.605 0.00077964
-302.605 0.00077964
-298.597 0.00079942
-298.597 0.00079942
-294.589 0.000818729
-294.589 0.000818729
-290.581 0.000837573
-290.581 0.000837573
-286.573 0.000855959
-286.573 0.000855959
-282.565 0.000873892
-282.565 0.000873892
-278.557 0.00089138
-278.557 0.00089138
-274.549 0.000908428
-274.549 0.000908428
-270.541 0.000925044
-270.541 0.000925044
-266.533 0.000941233
-266.533 0.000941233
-262.525 0.000957002
-262.525 0.000957002
-258.517 0.000972357
-258.517 0.000972357
-254.509 0.000987305
-254.509 0.000987305
-250.501 0.00100185
-250.501 0.00100185
-246.493 0.001016
-246.493 0.001016
-242.485 0.00102976
-242.485 0.00102976
-238.477 0.00104314
-238.477 0.00104314
-234.469 0.00105615
-234.469 0.00105615
-230.461 0.00106878
-230.461 0.00106878
-226.453 0.00108105
-226.453 0.00108105
-222.445 0.00109296
-222.445 0.00109296
-218.437 0.00110451
-218.437 0.00110451
-214.429 0.00111572
-214.429 0.00111572
-210.421 0.00112659
-210.421 0.00112659
-206.413 0.00113712
-206.413 0.00113712
-202.405 0.00114732
-202.405 0.00114732
-198.397 0.0011572
-198.397 0.0011572
-194.389 0.00116676
-194.389 0.00116676
-190.381 0.00117601
-190.381 0.00117601
-186.373 0.00118494
-186.373 0.00118494
-182.365 0.00119358
-182.365 0.00119358
-178.357 0.00120192
-178.357 0.00120192
-174.349 0.00120997
-174.349 0.00120997
-170.341 0.00121773
-170.341 0.00121773
-166.333 0.00122521
-166.333 0.00122521
-162.325 0.00123241
-162.325 0.00123241
-158.317 0.00123934
-158.317 0.00123934
-154.309 0.00124601
-154.309 0.00124601
-150.301 0.00125242
-150.301 0.00125242
-146.293 0.00125856
-146.293 0.00125856
-142.285 0.00126446
-142.285 0.00126446
-138.277 0.00127011
-138.277 0.00127011
-134.269 0.00127552
-134.269 0.00127552
-130.261 0.00128069
-130.261 0.00128069
-126.253 0.00128563
-126.253 0.00128563
-122.244 0.00129034
-122.244 0.00129034
-118.236 0.00129482
-118.236 0.00129482
-114.228 0.00129909
-114.228 0.00129909
-110.22 0.00130314
-110.22 0.00130314
-106.212 0.00130697
-106.212 0.00130697
-102.204 0.00131061
-102.204 0.00131061
-98.1964 0.00131403
-98.1964 0.00131403
-94.1884 0.00131726
-94.1884 0.00131726
-90.1804 0.0013203
-90.1804 0.0013203
-86.1723 0.00132314
-86.1723 0.00132314
-82.1643 0.0013258
-82.1643 0.0013258
-78.1563 0.00132828
-78.1563 0.00132828
-74.1483 0.00133057
-74.1483 0.00133057
-70.1403 0.00133269
-70.1403 0.00133269
-66.1323 0.00133464
-66.1323 0.00133464
-62.1242 0.00133642
-62.1242 0.00133642
-58.1162 0.00133804
-58.1162 0.00133804
-54.1082 0.00133949
-54.1082 0.00133949
-50.1002 0.00134079
-50.1002 0.00134079
-46.0922 0.00134193
-46.0922 0.00134193
-42.0842 0.00134292
-42.0842 0.00134292
-38.0762 0.00134376
-38.0762 0.00134376
-34.0681 0.00134446
-34.0681 0.00134446
-30.0601 0.00134502
-30.0601 0.00134502
-26.0521 0.00134544
-26.0521 0.00134544
-22.0441 0.00134572
-22.0441 0.00134572
-18.0361 0.00134587
-18.0361 0.00134587
-14.0281 0.0013459
-14.0281 0.0013459
-10.02 0.00134579
-10.02 0.00134579
-6.01202 0.00134557
-6.01202 0.00134557
-2.00401 0.00134522
-2.00401 0.00134522
2.00401 0.00134475
2.00401 0.00134475
6.01202 0.00134418
6.01202 0.00134418
10.02 0.00134348
10.02 0.00134348
14.0281 0.00134268
14.0281 0.00134268
18.0361 0.00134177
18.0361 0.00134177
22.0441 0.00134076
22.0441 0.00134076
26.0521 0.00133965
26.0521 0.00133965
30.0601 0.00133843
30.0601 0.00133843
34.0681 0.00133712
34.0681 0.00133712
38.0762 0.00133572
38.0762 0.00133572
42.0842 0.00133422
42.0842 0.00133422
46.0922 0.00133263
46.0922 0.00133263
50.1002 0.00133095
50.1002 0.00133095
54.1082 0.00132919
54.1082 0.00132919
58.1162 0.00132735
58.1162 0.00132735
62.1242 0.00132542
62.1242 0.00132542
66.1323 0.00132342
66.1323 0.00132342
70.1403 0.00132133
70.1403 0.00132133
74.1483 0.00131918
74.1483 0.00131918
78.1563 0.00131695
78.1563 0.00131695
82.1643 0.00131464
82.1643 0.00131464
86.1723 0.00131227
86.1723 0.00131227
90.1804 0.00130983
90.1804 0.00130983
94.1884 0.00130733
94.1884 0.00130733
98.1964 0.00130476
98.1964 0.00130476
102.204 0.00130213
102.204 0.00130213
106.212 0.00129944
106.212 0.00129944
110.22 0.00129669
110.22 0.00129669
114.228 0.00129389
114.228 0.00129389
118.236 0.00129102
118.236 0.00129102
122.244 0.00128811
122.244 0.00128811
126.253 0.00128514
126.253 0.00128514
130.261 0.00128213
130.261 0.00128213
134.269 0.00127906
134.269 0.00127906
138.277 0.00127595
138.277 0.00127595
142.285 0.00127278
142.285 0.00127278
146.293 0.00126958
146.293 0.00126958
150.301 0.00126633
150.301 0.00126633
154.309 0.00126304
154.309 0.00126304
158.317 0.00125971
158.317 0.00125971
162.325 0.00125634
162.325 0.00125634
166.333 0.00125293
166.333 0.00125293
170.341 0.00124949
170.341 0.00124949
174.349 0.00124601
174.349 0.00124601
178.357 0.0012425
178.357 0.0012425
182.365 0.00123895
182.365 0.00123895
186.373 0.00123537
186.373 0.00123537
190.381 0.00123176
190.381 0.00123176
194.389 0.00122812
194.389 0.00122812
198.397 0.00122445
198.397 0.00122445
202.405 0.00122076
202.405 0.00122076
206.413 0.00121703
206.413 0.00121703
210.421 0.00121329
210.421 0.00121329
214.429 0.00120951
214.429 0.00120951
218.437 0.00120572
218.437 0.00120572
222.445 0.0012019
222.445 0.0012019
226.453 0.00119806
226.453 0.00119806
230.461 0.0011942
230.461 0.0011942
234.469 0.00119032
234.469 0.00119032
238.477 0.00118642
238.477 0.00118642
242.485 0.00118251
242.485 0.00118251
246.493 0.00117857
246.493 0.00117857
250.501 0.00117462
250.501 0.00117462
254.509 0.00117066
254.509 0.00117066
258.517 0.00116668
258.517 0.00116668
262.525 0.00116269
262.525 0.00116269
266.533 0.00115868
266.533 0.00115868
270.541 0.00115466
270.541 0.00115466
274.549 0.00115063
274.549 0.00115063
278.557 0.00114659
278.557 0.00114659
282.565 0.00114253
282.565 0.00114253
286.573 0.00113847
286.573 0.00113847
290.581 0.0011344
290.581 0.0011344
294.589 0.00113032
294.589 0.00113032
298.597 0.00112624
298.597 0.00112624
302.605 0.00112214
302.605 0.00112214
306.613 0.00111804
306.613 0.00111804
310.621 0.00111394
310.621 0.00111394
314.629 0.00110983
314.629 0.00110983
318.637 0.00110571
318.637 0.00110571
322.645 0.00110159
322.645 0.00110159
326.653 0.00109747
326.653 0.00109747
330.661 0.00109334
330.661 0.00109334
334.669 0.00108921
334.669 0.00108921
338.677 0.00108508
338.677 0.00108508
342.685 0.00108095
342.685 0.00108095
346.693 0.00107681
346.693 0.00107681
350.701 0.00107268
350.701 0.00107268
354.709 0.00106854
354.709 0.00106854
358.717 0.00106441
358.717 0.00106441
362.725 0.00106027
362.725 0.00106027
366.733 0.00105614
366.733 0.00105614
370.741 0.00105201
370.741 0.00105201
374.749 0.00104788
374.749 0.00104788
378.758 0.00104375
378.758 0.00104375
382.766 0.00103963
382.766 0.00103963
386.774 0.00103551
386.774 0.00103551
390.782 0.00103139
390.782 0.00103139
394.79 0.00102727
394.79 0.00102727
398.798 0.00102316
398.798 0.00102316
402.806 0.00101906
402.806 0.00101906
406.814 0.00101496
406.814 0.00101496
410.822 0.00101086
410.822 0.00101086
414.83 0.00100677
414.83 0.00100677
418.838 0.00100269
418.838 0.00100269
422.846 0.000998607
422.846 0.000998607
426.854 0.000994535
426.854 0.000994535
430.862 0.000990468
430.862 0.000990468
434.87 0.000986409
434.87 0.000986409
438.878 0.000982357
438.878 0.000982357
442.886 0.000978312
442.886 0.000978312
446.894 0.000974275
446.894 0.000974275
450.902 0.000970246
450.902 0.000970246
454.91 0.000966224
454.91 0.000966224
458.918 0.000962211
458.918 0.000962211
462.926 0.000958207
462.926 0.000958207
466.934 0.000954211
466.934 0.000954211
470.942 0.000950224
470.942 0.000950224
474.95 0.000946246
474.95 0.000946246
478.958 0.000942278
478.958 0.000942278
482.966 0.000938319
482.966 0.000938319
486.974 0.00093437
486.974 0.00093437
490.982 0.00093043
490.982 0.00093043
494.99 0.000926501
494.99 0.000926501
498.998 0.000922582
498.998 0.000922582
503.006 0.000918673
503.006 0.000918673
507.014 0.000914775
507.014 0.000914775
511.022 0.000910888
511.022 0.000910888
515.03 0.000907011
515.03 0.000907011
519.038 0.000903145
519.038 0.000903145
523.046 0.000899291
523.046 0.000899291
527.054 0.000895447
527.054 0.000895447
531.062 0.000891616
531.062 0.000891616
535.07 0.000887795
535.07 0.000887795
539.078 0.000883986
539.078 0.000883986
543.086 0.000880189
543.086 0.000880189
547.094 0.000876404
547.094 0.000876404
551.102 0.000872631
551.102 0.000872631
555.11 0.00086887
555.11 0.00086887
559.118 0.000865121
559.118 0.000865121
563.126 0.000861384
563.126 0.000861384
567.134 0.000857659
567.134 0.000857659
571.142 0.000853947
571.142 0.000853947
575.15 0.000850248
575.15 0.000850248
579.158 0.000846561
579.158 0.000846561
583.166 0.000842887
583.166 0.000842887
587.174 0.000839225
587.174 0.000839225
591.182 0.000835577
591.182 0.000835577
595.19 0.000831941
595.19 0.000831941
599.198 0.000828318
599.198 0.000828318
603.206 0.000824708
603.206 0.000824708
607.214 0.000821111
607.214 0.000821111
611.222 0.000817528
611.222 0.000817528
615.23 0.000813957
615.23 0.000813957
619.238 0.0008104
619.238 0.0008104
623.246 0.000806856
623.246 0.000806856
627.255 0.000803325
627.255 0.000803325
631.263 0.000799808
631.263 0.000799808
635.271 0.000796304
635.271 0.000796304
639.279 0.000792814
639.279 0.000792814
643.287 0.000789337
643.287 0.000789337
647.295 0.000785873
647.295 0.000785873
651.303 0.000782423
651.303 0.000782423
655.311 0.000778987
655.311 0.000778987
659.319 0.000775564
659.319 0.000775564
663.327 0.000772154
663.327 0.000772154
667.335 0.000768759
667.335 0.000768759
671.343 0.000765377
671.343 0.000765377
675.351 0.000762008
675.351 0.000762008
679.359 0.000758654
679.359 0.000758654
683.367 0.000755313
683.367 0.000755313
687.375 0.000751985
687.375 0.000751985
691.383 0.000748672
691.383 0.000748672
695.391 0.000745372
695.391 0.000745372
699.399 0.000742086
699.399 0.000742086
703.407 0.000738813
703.407 0.000738813
707.415 0.000735554
707.415 0.000735554
711.423 0.000732309
711.423 0.000732309
715.431 0.000729078
715.431 0.000729078
719.439 0.00072586
719.439 0.00072586
723.447 0.000722656
723.447 0.000722656
727.455 0.000719466
727.455 0.000719466
731.463 0.00071629
731.463 0.00071629
735.471 0.000713127
735.471 0.000713127
739.479 0.000709978
739.479 0.000709978
743.487 0.000706842
743.487 0.000706842
747.495 0.000703721
747.495 0.000703721
751.503 0.000700612
751.503 0.000700612
755.511 0.000697518
755.511 0.000697518
759.519 0.000694437
759.519 0.000694437
763.527 0.00069137
763.527 0.00069137
767.535 0.000688316
767.535 0.000688316
771.543 0.000685276
771.543 0.000685276
775.551 0.000682249
775.551 0.000682249
779.559 0.000679236
779.559 0.000679236
783.567 0.000676236
783.567 0.000676236
787.575 0.00067325
787.575 0.00067325
791.583 0.000670277
791.583 0.000670277
795.591 0.000667318
795.591 0.000667318
799.599 0.000664372
799.599 0.000664372
803.607 0.00066144
803.607 0.00066144
807.615 0.00065852
807.615 0.00065852
811.623 0.000655615
811.623 0.000655615
815.631 0.000652722
815.631 0.000652722
819.639 0.000649843
819.639 0.000649843
823.647 0.000646976
823.647 0.000646976
827.655 0.000644123
827.655 0.000644123
831.663 0.000641284
831.663 0.000641284
835.671 0.000638457
835.671 0.000638457
839.679 0.000635643
839.679 0.000635643
843.687 0.000632843
843.687 0.000632843
847.695 0.000630055
847.695 0.000630055
851.703 0.000627281
851.703 0.000627281
855.711 0.000624519
855.711 0.000624519
859.719 0.000621771
859.719 0.000621771
863.727 0.000619035
863.727 0.000619035
867.735 0.000616312
867.735 0.000616312
871.743 0.000613602
871.743 0.000613602
875.752 0.000610904
875.752 0.000610904
879.76 0.00060822
879.76 0.00060822
883.768 0.000605548
883.768 0.000605548
887.776 0.000602888
887.776 0.000602888
891.784 0.000600241
891.784 0.000600241
895.792 0.000597607
895.792 0.000597607
899.8 0.000594985
899.8 0.000594985
903.808 0.000592376
903.808 0.000592376
907.816 0.000589779
907.816 0.000589779
911.824 0.000587195
911.824 0.000587195
915.832 0.000584623
915.832 0.000584623
919.84 0.000582063
919.84 0.000582063
923.848 0.000579516
923.848 0.000579516
927.856 0.00057698
927.856 0.00057698
931.864 0.000574457
931.864 0.000574457
935.872 0.000571946
935.872 0.000571946
939.88 0.000569448
939.88 0.000569448
943.888 0.000566961
943.888 0.000566961
947.896 0.000564486
947.896 0.000564486
951.904 0.000562023
951.904 0.000562023
955.912 0.000559572
955.912 0.000559572
959.92 0.000557133
959.92 0.000557133
963.928 0.000554705
963.928 0.000554705
967.936 0.00055229
967.936 0.00055229
971.944 0.000549886
971.944 0.000549886
975.952 0.000547494
975.952 0.000547494
979.96 0.000545113
979.96 0.000545113
983.968 0.000542744
983.968 0.000542744
987.976 0.000540387
987.976 0.000540387
991.984 0.000538041
991.984 0.000538041
995.992 0.000535706
995.992 0.000535706
1000 0.000533383
1000 0.000533383
