-1000 0.00140567
-1000 0.00140567
-995.992 0.0014119
-995.992 0.0014119
-991.984 0.00141816
-991.984 0.00141816
-987.976 0.00142444
-987.976 0.00142444
-983.968 0.00143075
-983.968 0.00143075
-979.96 0.00143709
-979.96 0.00143709
-975.952 0.00144345
-975.952 0.00144345
-971.944 0.00144984
-971.944 0.00144984
-967.936 0.00145626
-967.936 0.00145626
-963.928 0.00146271
-963.928 0.00146271
-959.92 0.00146918
-959.92 0.00146918
-955.912 0.00147568
-955.912 0.00147568
-951.904 0.00148221
-951.904 0.00148221
-947.896 0.00148876
-947.896 0.00148876
-943.888 0.00149535
-943.888 0.00149535
-939.88 0.00150195
-939.88 0.00150195
-935.872 0.00150859
-935.872 0.00150859
-931.864 0.00151525
-931.864 0.00151525
-927.856 0.00152194
-927.856 0.00152194
-923.848 0.00152866
-923.848 0.00152866
-919.84 0.00153541
-919.84 0.00153541
-915.832 0.00154218
-915.832 0.00154218
-911.824 0.00154898
-911.824 0.00154898
-907.816 0.0015558
-907.816 0.0015558
-903.808 0.00156265
-903.808 0.00156265
-899.8 0.00156953
-899.8 0.00156953
-895.792 0.00157644
-895.792 0.00157644
-891.784 0.00158337
-891.784 0.00158337
-887.776 0.00159033
-887.776 0.00159033
-883.768 0.00159732
-883.768 0.00159732
-879.76 0.00160433
-879.76 0.00160433
-875.752 0.00161137
-875.752 0.00161137
-871.743 0.00161843
-871.743 0.00161843
-867.735 0.00162552
-867.735 0.00162552
-863.727 0.00163264
-863.727 0.00163264
-859.719 0.00163978
-859.719 0.00163978
-855.711 0.00164695
-855.711 0.00164695
-851.703 0.00165414
-851.703 0.00165414
-847.695 0.00166136
-847.695 0.00166136
-843.687 0.00166861
-843.687 0.00166861
-839.679 0.00167588
-839.679 0.00167588
-835.671 0.00168318
-835.671 0.00168318
-831.663 0.0016905
-831.663 0.0016905
-827.655 0.00169784
-827.655 0.00169784
-823.647 0.00170522
-823.647 0.00170522
-819.639 0.00171261
-819.639 0.00171261
-815.631 0.00172003
-815.631 0.00172003
-811.623 0.00172748
-811.623 0.00172748
-807.615 0.00173494
-807.615 0.00173494
-803.607 0.00174244
-803.607 0.00174244
-799.599 0.00174995
-799.599 0.00174995
-795.591 0.00175749
-795.591 0.00175749
-791.583 0.00176505
-791.583 0.00176505
-787.575 0.00177264
-787.575 0.00177264
-783.567 0.00178025
-783.567 0.00178025
-779.559 0.00178788
-779.559 0.00178788
-775.551 0.00179553
-775.551 0.00179553
-771.543 0.0018032
-771.543 0.0018032
-767.535 0.0018109
-767.535 0.0018109
-763.527 0.00181862
-763.527 0.00181862
-759.519 0.00182636
-759.519 0.00182636
-755.511 0.00183412
-755.511 0.00183412
-751.503 0.0018419
-751.503 0.0018419
-747.495 0.0018497
-747.495 0.0018497
-743.487 0.00185752
-743.487 0.00185752
-739.479 0.00186536
-739.479 0.00186536
-735.471 0.00187321
-735.471 0.00187321
-731.463 0.00188109
-731.463 0.00188109
-727.455 0.00188899
-727.455 0.00188899
-723.447 0.0018969
-723.447 0.0018969
-719.439 0.00190483
-719.439 0.00190483
-715.431 0.00191278
-715.431 0.00191278
-711.423 0.00192075
-711.423 0.00192075
-707.415 0.00192873
-707.415 0.00192873
-703.407 0.00193673
-703.407 0.00193673
-699.399 0.00194474
-699.399 0.00194474
-695.391 0.00195277
-695.391 0.00195277
-691.383 0.00196081
-691.383 0.00196081
-687.375 0.00196886
-687.375 0.00196886
-683.367 0.00197693
-683.367 0.00197693
-679.359 0.00198502
-679.359 0.00198502
-675.351 0.00199311
-675.351 0.00199311
-671.343 0.00200122
-671.343 0.00200122
-667.335 0.00200933
-667.335 0.00200933
-663.327 0.00201746
-663.327 0.00201746
-659.319 0.0020256
-659.319 0.0020256
-655.311 0.00203374
-655.311 0.00203374
-651.303 0.0020419
-651.303 0.0020419
-647.295 0.00205006
-647.295 0.00205006
-643.287 0.00205823
-643.287 0.00205823
-639.279 0.00206641
-639.279 0.00206641
-635.271 0.00207459
-635.271 0.00207459
-631.263 0.00208278
-631.263 0.00208278
-627.255 0.00209098
-627.255 0.00209098
-623.246 0.00209917
-623.246 0.00209917
-619.238 0.00210737
-619.238 0.00210737
-615.23 0.00211557
-615.23 0.00211557
-611.222 0.00212377
-611.222 0.00212377
-607.214 0.00213198
-607.214 0.00213198
-603.206 0.00214018
-603.206 0.00214018
-599.198 0.00214838
-599.198 0.00214838
-595.19 0.00215657
-595.19 0.00215657
-591.182 0.00216477
-591.182 0.00216477
-587.174 0.00217296
-587.174 0.00217296
-583.166 0.00218114
-583.166 0.00218114
-579.158 0.00218932
-579.158 0.00218932
-575.15 0.00219749
-575.15 0.00219749
-571.142 0.00220565
-571.142 0.00220565
-567.134 0.0022138
-567.134 0.0022138
-563.126 0.00222195
-563.126 0.00222195
-559.118 0.00223008
-559.118 0.00223008
-555.11 0.00223819
-555.11 0.00223819
-551.102 0.00224629
-551.102 0.00224629
-547.094 0.00225438
-547.094 0.00225438
-543.086 0.00226245
-543.086 0.00226245
-539.078 0.0022705
-539.078 0.0022705
-535.07 0.00227854
-535.07 0.00227854
-531.062 0.00228655
-531.062 0.00228655
-527.054 0.00229454
-527.054 0.00229454
-523.046 0.0023025
-523.046 0.0023025
-519.038 0.00231045
-519.038 0.00231045
-515.03 0.00231836
-515.03 0.00231836
-511.022 0.00232625
-511.022 0.00232625
-507.014 0.00233411
-507.014 0.00233411
-503.006 0.00234193
-503.006 0.00234193
-498.998 0.00234973
-498.998 0.00234973
-494.99 0.00235749
-494.99 0.00235749
-490.982 0.00236521
-490.982 0.00236521
-486.974 0.0023729
-486.974 0.0023729
-482.966 0.00238054
-482.966 0.00238054
-478.958 0.00238815
-478.958 0.00238815
-474.95 0.00239571
-474.95 0.00239571
-470.942 0.00240323
-470.942 0.00240323
-466.934 0.0024107
-466.934 0.0024107
-462.926 0.00241812
-462.926 0.00241812
-458.918 0.00242549
-458.918 0.00242549
-454.91 0.00243281
-454.91 0.00243281
-450.902 0.00244007
-450.902 0.00244007
-446.894 0.00244728
-446.894 0.00244728
-442.886 0.00245442
-442.886 0.00245442
-438.878 0.00246151
-438.878 0.00246151
-434.87 0.00246853
-434.87 0.00246853
-430.862 0.00247548
-430.862 0.00247548
-426.854 0.00248237
-426.854 0.00248237
-422.846 0.00248919
-422.846 0.00248919
-418.838 0.00249593
-418.838 0.00249593
-414.83 0.0025026
-414.83 0.0025026
-410.822 0.00250918
-410.822 0.00250918
-406.814 0.00251569
-406.814 0.00251569
-402.806 0.00252212
-402.806 0.00252212
-398.798 0.00252845
-398.798 0.00252845
-394.79 0.0025347
-394.79 0.0025347
-390.782 0.00254086
-390.782 0.00254086
-386.774 0.00254692
-386.774 0.00254692
-382.766 0.00255288
-382.766 0.00255288
-378.758 0.00255875
-378.758 0.00255875
-374.749 0.00256451
-374.749 0.00256451
-370.741 0.00257016
-370.741 0.00257016
-366.733 0.0025757
-366.733 0.0025757
-362.725 0.00258113
-362.725 0.00258113
-358.717 0.00258644
-358.717 0.00258644
-354.709 0.00259163
-354.709 0.00259163
-350.701 0.0025967
-350.701 0.0025967
-346.693 0.00260164
-346.693 0.00260164
-342.685 0.00260645
-342.685 0.00260645
-338.677 0.00261113
-338.677 0.00261113
-334.669 0.00261567
-334.669 0.00261567
-330.661 0.00262006
-330.661 0.00262006
-326.653 0.00262431
-326.653 0.00262431
-322.645 0.00262842
-322.645 0.00262842
-318.637 0.00263236
-318.637 0.00263236
-314.629 0.00263616
-314.629 0.00263616
-310.621 0.00263978
-310.621 0.00263978
-306.613 0.00264325
-306.613 0.00264325
-302.605 0.00264654
-302.605 0.00264654
-298.597 0.00264966
-298.597 0.00264966
-294.589 0.0026526
-294.589 0.0026526
-290.581 0.00265535
-290.581 0.00265535
-286.573 0.00265792
-286.573 0.00265792
-282.565 0.00266029
-282.565 0.00266029
-278.557 0.00266247
-278.557 0.00266247
-274.549 0.00266444
-274.549 0.00266444
-270.541 0.00266621
-270.541 0.00266621
-266.533 0.00266776
-266.533 0.00266776
-262.525 0.0026691
-262.525 0.0026691
-258.517 0.00267021
-258.517 0.00267021
-254.509 0.0026711
-254.509 0.0026711
-250.501 0.00267175
-250.501 0.00267175
-246.493 0.00267216
-246.493 0.00267216
-242.485 0.00267233
-242.485 0.00267233
-238.477 0.00267224
-238.477 0.00267224
-234.469 0.0026719
-234.469 0.0026719
-230.461 0.0026713
-230.461 0.0026713
-226.453 0.00267043
-226.453 0.00267043
-222.445 0.00266929
-222.445 0.00266929
-218.437 0.00266786
-218.437 0.00266786
-214.429 0.00266615
-214.429 0.00266615
-210.421 0.00266415
-210.421 0.00266415
-206.413 0.00266184
-206.413 0.00266184
-202.405 0.00265923
-202.405 0.00265923
-198.397 0.00265631
-198.397 0.00265631
-194.389 0.00265307
-194.389 0.00265307
-190.381 0.0026495
-190.381 0.0026495
-186.373 0.0026456
-186.373 0.0026456
-182.365 0.00264136
-182.365 0.00264136
-178.357 0.00263676
-178.357 0.00263676
-174.349 0.00263182
-174.349 0.00263182
-170.341 0.00262651
-170.341 0.00262651
-166.333 0.00262083
-166.333 0.00262083
-162.325 0.00261478
-162.325 0.00261478
-158.317 0.00260833
-158.317 0.00260833
-154.309 0.0026015
-154.309 0.0026015
-150.301 0.00259426
-150.301 0.00259426
-146.293 0.00258661
-146.293 0.00258661
-142.285 0.00257855
-142.285 0.00257855
-138.277 0.00257006
-138.277 0.00257006
-134.269 0.00256113
-134.269 0.00256113
-130.261 0.00255176
-130.261 0.00255176
-126.253 0.00254194
-126.253 0.00254194
-122.244 0.00253166
-122.244 0.00253166
-118.236 0.00252091
-118.236 0.00252091
-114.228 0.00250968
-114.228 0.00250968
-110.22 0.00249796
-110.22 0.00249796
-106.212 0.00248574
-106.212 0.00248574
-102.204 0.00247302
-102.204 0.00247302
-98.1964 0.00245978
-98.1964 0.00245978
-94.1884 0.00244602
-94.1884 0.00244602
-90.1804 0.00243172
-90.1804 0.00243172
-86.1723 0.00241687
-86.1723 0.00241687
-82.1643 0.00240147
-82.1643 0.00240147
-78.1563 0.00238551
-78.1563 0.00238551
-74.1483 0.00236896
-74.1483 0.00236896
-70.1403 0.00235184
-70.1403 0.00235184
-66.1323 0.00233411
-66.1323 0.00233411
-62.1242 0.00231578
-62.1242 0.00231578
-58.1162 0.00229683
-58.1162 0.00229683
-54.1082 0.00227726
-54.1082 0.00227726
-50.1002 0.00225704
-50.1002 0.00225704
-46.0922 0.00223617
-46.0922 0.00223617
-42.0842 0.00221465
-42.0842 0.00221465
-38.0762 0.00219245
-38.0762 0.00219245
-34.0681 0.00216957
-34.0681 0.00216957
-30.0601 0.00214599
-30.0601 0.00214599
-26.0521 0.0021217
-26.0521 0.0021217
-22.0441 0.0020967
-22.0441 0.0020967
-18.0361 0.00207097
-18.0361 0.00207097
-14.0281 0.0020445
-14.0281 0.0020445
-10.02 0.00201727
-10.02 0.00201727
-6.01202 0.00198928
-6.01202 0.00198928
-2.00401 0.00196052
-2.00401 0.00196052
2.00401 0.00193096
2.00401 0.00193096
6.01202 0.00190061
6.01202 0.00190061
10.02 0.00186944
10.02 0.00186944
14.0281 0.00183744
14.0281 0.00183744
18.0361 0.00180461
18.0361 0.00180461
22.0441 0.00177093
22.0441 0.00177093
26.0521 0.00173639
26.0521 0.00173639
30.0601 0.00170097
30.0601 0.00170097
34.0681 0.00166467
34.0681 0.00166467
38.0762 0.00162746
38.0762 0.00162746
42.0842 0.00158935
42.0842 0.00158935
46.0922 0.00155031
46.0922 0.00155031
50.1002 0.00151033
50.1002 0.00151033
54.1082 0.00146941
54.1082 0.00146941
58.1162 0.00142752
58.1162 0.00142752
62.1242 0.00138466
62.1242 0.00138466
66.1323 0.00134081
66.1323 0.00134081
70.1403 0.00129597
70.1403 0.00129597
74.1483 0.00125011
74.1483 0.00125011
78.1563 0.00120323
78.1563 0.00120323
82.1643 0.00115532
82.1643 0.00115532
86.1723 0.00110635
86.1723 0.00110635
90.1804 0.00105633
90.1804 0.00105633
94.1884 0.00100523
94.1884 0.00100523
98.1964 0.00095305
98.1964 0.00095305
102.204 0.000899773
102.204 0.000899773
106.212 0.000845389
106.212 0.000845389
110.22 0.000789885
110.22 0.000789885
114.228 0.000733251
114.228 0.000733251
118.236 0.000675474
118.236 0.000675474
122.244 0.000616545
122.244 0.000616545
126.253 0.000556451
126.253 0.000556451
130.261 0.000495182
130.261 0.000495182
134.269 0.000432727
134.269 0.000432727
138.277 0.000369077
138.277 0.000369077
142.285 0.000304221
142.285 0.000304221
146.293 0.000238149
146.293 0.000238149
150.301 0.000170852
150.301 0.000170852
154.309 0.00010232
154.309 0.00010232
158.317 3.25443e-05
158.317 3.25443e-05
162.325 -3.84836e-05
162.325 -3.84836e-05
166.333 -0.000110772
166.333 -0.000110772
170.341 -0.00018433
170.341 -0.00018433
174.349 -0.000259163
174.349 -0.000259163
178.357 -0.000335281
178.357 -0.000335281
182.365 -0.000412689
182.365 -0.000412689
186.373 -0.000491393
186.373 -0.000491393
190.381 -0.000571401
190.381 -0.000571401
194.389 -0.000652717
194.389 -0.000652717
198.397 -0.000735347
198.397 -0.000735347
202.405 -0.000819295
202.405 -0.000819295
206.413 -0.000904564
206.413 -0.000904564
210.421 -0.00099116
210.421 -0.00099116
214.429 -0.00107908
214.429 -0.00107908
218.437 -0.00116834
218.437 -0.00116834
222.445 -0.00125893
222.445 -0.00125893
226.453 -0.00135085
226.453 -0.00135085
230.461 -0.0014441
230.461 -0.0014441
234.469 -0.00153869
234.469 -0.00153869
238.477 -0.00163461
238.477 -0.00163461
242.485 -0.00173186
242.485 -0.00173186
246.493 -0.00183045
246.493 -0.00183045
250.501 -0.00193035
250.501 -0.00193035
254.509 -0.00203158
254.509 -0.00203158
258.517 -0.00213413
258.517 -0.00213413
262.525 -0.00223799
262.525 -0.00223799
266.533 -0.00234315
266.533 -0.00234315
270.541 -0.00244962
270.541 -0.00244962
274.549 -0.00255737
274.549 -0.00255737
278.557 -0.0026664
278.557 -0.0026664
282.565 -0.0027767
282.565 -0.0027767
286.573 -0.00288826
286.573 -0.00288826
290.581 -0.00300107
290.581 -0.00300107
294.589 -0.00311512
294.589 -0.00311512
298.597 -0.00323038
298.597 -0.00323038
302.605 -0.00334685
302.605 -0.00334685
306.613 -0.00346451
306.613 -0.00346451
310.621 -0.00358334
310.621 -0.00358334
314.629 -0.00370332
314.629 -0.00370332
318.637 -0.00382443
318.637 -0.00382443
322.645 -0.00394666
322.645 -0.00394666
326.653 -0.00406998
326.653 -0.00406998
330.661 -0.00419437
330.661 -0.00419437
334.669 -0.0043198
334.669 -0.0043198
338.677 -0.00444625
338.677 -0.00444625
342.685 -0.00457369
342.685 -0.00457369
346.693 -0.0047021
346.693 -0.0047021
350.701 -0.00483143
350.701 -0.00483143
354.709 -0.00496167
354.709 -0.00496167
358.717 -0.00509279
358.717 -0.00509279
362.725 -0.00522474
362.725 -0.00522474
366.733 -0.0053575
366.733 -0.0053575
370.741 -0.00549102
370.741 -0.00549102
374.749 -0.00562528
374.749 -0.00562528
378.758 -0.00576022
378.758 -0.00576022
382.766 -0.00589583
382.766 -0.00589583
386.774 -0.00603204
386.774 -0.00603204
390.782 -0.00616883
390.782 -0.00616883
394.79 -0.00630614
394.79 -0.00630614
398.798 -0.00644393
398.798 -0.00644393
402.806 -0.00658216
402.806 -0.00658216
406.814 -0.00672078
406.814 -0.00672078
410.822 -0.00685974
410.822 -0.00685974
414.83 -0.00699898
414.83 -0.00699898
418.838 -0.00713847
418.838 -0.00713847
422.846 -0.00727813
422.846 -0.00727813
426.854 -0.00741793
426.854 -0.00741793
430.862 -0.00755781
430.862 -0.00755781
434.87 -0.00769771
434.87 -0.00769771
438.878 -0.00783757
438.878 -0.00783757
442.886 -0.00797734
442.886 -0.00797734
446.894 -0.00811695
446.894 -0.00811695
450.902 -0.00825635
450.902 -0.00825635
454.91 -0.00839547
454.91 -0.00839547
458.918 -0.00853425
458.918 -0.00853425
462.926 -0.00867262
462.926 -0.00867262
466.934 -0.00881054
466.934 -0.00881054
470.942 -0.00894791
470.942 -0.00894791
474.95 -0.00908469
474.95 -0.00908469
478.958 -0.00922081
478.958 -0.00922081
482.966 -0.00935619
482.966 -0.00935619
486.974 -0.00949077
486.974 -0.00949077
490.982 -0.00962448
490.982 -0.00962448
494.99 -0.00975725
494.99 -0.00975725
498.998 -0.00988901
498.998 -0.00988901
503.006 -0.0100197
503.006 -0.0100197
507.014 -0.0101492
507.014 -0.0101492
511.022 -0.0102775
511.022 -0.0102775
515.03 -0.0104046
515.03 -0.0104046
519.038 -0.0105302
519.038 -0.0105302
523.046 -0.0106544
523.046 -0.0106544
527.054 -0.0107771
527.054 -0.0107771
531.062 -0.0108983
531.062 -0.0108983
535.07 -0.0110177
535.07 -0.0110177
539.078 -0.0111355
539.078 -0.0111355
543.086 -0.0112515
543.086 -0.0112515
547.094 -0.0113656
547.094 -0.0113656
551.102 -0.0114777
551.102 -0.0114777
555.11 -0.0115879
555.11 -0.0115879
559.118 -0.011696
559.118 -0.011696
563.126 -0.011802
563.126 -0.011802
567.134 -0.0119057
567.134 -0.0119057
571.142 -0.0120072
571.142 -0.0120072
575.15 -0.0121063
575.15 -0.0121063
579.158 -0.012203
579.158 -0.012203
583.166 -0.0122973
583.166 -0.0122973
587.174 -0.012389
587.174 -0.012389
591.182 -0.0124781
591.182 -0.0124781
595.19 -0.0125646
595.19 -0.0125646
599.198 -0.0126484
599.198 -0.0126484
603.206 -0.0127293
603.206 -0.0127293
607.214 -0.0128075
607.214 -0.0128075
611.222 -0.0128828
611.222 -0.0128828
615.23 -0.0129551
615.23 -0.0129551
619.238 -0.0130245
619.238 -0.0130245
623.246 -0.0130908
623.246 -0.0130908
627.255 -0.0131541
627.255 -0.0131541
631.263 -0.0132142
631.263 -0.0132142
635.271 -0.0132712
635.271 -0.0132712
639.279 -0.0133249
639.279 -0.0133249
643.287 -0.0133755
643.287 -0.0133755
647.295 -0.0134227
647.295 -0.0134227
651.303 -0.0134666
651.303 -0.0134666
655.311 -0.0135071
655.311 -0.0135071
659.319 -0.0135443
659.319 -0.0135443
663.327 -0.0135781
663.327 -0.0135781
667.335 -0.0136084
667.335 -0.0136084
671.343 -0.0136353
671.343 -0.0136353
675.351 -0.0136587
675.351 -0.0136587
679.359 -0.0136787
679.359 -0.0136787
683.367 -0.0136951
683.367 -0.0136951
687.375 -0.013708
687.375 -0.013708
691.383 -0.0137174
691.383 -0.0137174
695.391 -0.0137232
695.391 -0.0137232
699.399 -0.0137255
699.399 -0.0137255
703.407 -0.0137243
703.407 -0.0137243
707.415 -0.0137195
707.415 -0.0137195
711.423 -0.0137112
711.423 -0.0137112
715.431 -0.0136993
715.431 -0.0136993
719.439 -0.013684
719.439 -0.013684
723.447 -0.0136651
723.447 -0.0136651
727.455 -0.0136427
727.455 -0.0136427
731.463 -0.0136169
731.463 -0.0136169
735.471 -0.0135876
735.471 -0.0135876
739.479 -0.0135548
739.479 -0.0135548
743.487 -0.0135187
743.487 -0.0135187
747.495 -0.0134791
747.495 -0.0134791
751.503 -0.0134362
751.503 -0.0134362
755.511 -0.01339
755.511 -0.01339
759.519 -0.0133404
759.519 -0.0133404
763.527 -0.0132877
763.527 -0.0132877
767.535 -0.0132317
767.535 -0.0132317
771.543 -0.0131725
771.543 -0.0131725
775.551 -0.0131101
775.551 -0.0131101
779.559 -0.0130447
779.559 -0.0130447
783.567 -0.0129763
783.567 -0.0129763
787.575 -0.0129048
787.575 -0.0129048
791.583 -0.0128304
791.583 -0.0128304
795.591 -0.0127531
795.591 -0.0127531
799.599 -0.0126729
799.599 -0.0126729
803.607 -0.01259
803.607 -0.01259
807.615 -0.0125043
807.615 -0.0125043
811.623 -0.012416
811.623 -0.012416
815.631 -0.0123251
815.631 -0.0123251
819.639 -0.0122316
819.639 -0.0122316
823.647 -0.0121356
823.647 -0.0121356
827.655 -0.0120372
827.655 -0.0120372
831.663 -0.0119364
831.663 -0.0119364
835.671 -0.0118333
835.671 -0.0118333
839.679 -0.011728
839.679 -0.011728
843.687 -0.0116206
843.687 -0.0116206
847.695 -0.011511
847.695 -0.011511
851.703 -0.0113994
851.703 -0.0113994
855.711 -0.0112859
855.711 -0.0112859
859.719 -0.0111705
859.719 -0.0111705
863.727 -0.0110533
863.727 -0.0110533
867.735 -0.0109343
867.735 -0.0109343
871.743 -0.0108136
871.743 -0.0108136
875.752 -0.0106914
875.752 -0.0106914
879.76 -0.0105676
879.76 -0.0105676
883.768 -0.0104424
883.768 -0.0104424
887.776 -0.0103158
887.776 -0.0103158
891.784 -0.0101879
891.784 -0.0101879
895.792 -0.0100587
895.792 -0.0100587
899.8 -0.00992834
899.8 -0.00992834
903.808 -0.00979689
903.808 -0.00979689
907.816 -0.00966441
907.816 -0.00966441
911.824 -0.00953098
911.824 -0.00953098
915.832 -0.00939665
915.832 -0.00939665
919.84 -0.0092615
919.84 -0.0092615
923.848 -0.0091256
923.848 -0.0091256
927.856 -0.00898901
927.856 -0.00898901
931.864 -0.00885181
931.864 -0.00885181
935.872 -0.00871405
935.872 -0.00871405
939.88 -0.00857581
939.88 -0.00857581
943.888 -0.00843714
943.888 -0.00843714
947.896 -0.00829811
947.896 -0.00829811
951.904 -0.00815879
951.904 -0.00815879
955.912 -0.00801924
955.912 -0.00801924
959.92 -0.00787951
959.92 -0.00787951
963.928 -0.00773968
963.928 -0.00773968
967.936 -0.00759978
967.936 -0.00759978
971.944 -0.00745989
971.944 -0.00745989
975.952 -0.00732006
975.952 -0.00732006
979.96 -0.00718035
979.96 -0.00718035
983.968 -0.0070408
983.968 -0.0070408
987.976 -0.00690148
987.976 -0.00690148
991.984 -0.00676243
991.984 -0.00676243
995.992 -0.00662371
995.992 -0.00662371
1000 -0.00648536
1000 -0.00648536
