-1000 0.000750131
-1000 0.000750131
-995.992 0.00075438
-995.992 0.00075438
-991.984 0.000758633
-991.984 0.000758633
-987.976 0.000762888
-987.976 0.000762888
-983.968 0.000767144
-983.968 0.000767144
-979.96 0.000771401
-979.96 0.000771401
-975.952 0.000775657
-975.952 0.000775657
-971.944 0.000779912
-971.944 0.000779912
-967.936 0.000784165
-967.936 0.000784165
-963.928 0.000788415
-963.928 0.000788415
-959.92 0.000792659
-959.92 0.000792659
-955.912 0.000796899
-955.912 0.000796899
-951.904 0.000801131
-951.904 0.000801131
-947.896 0.000805356
-947.896 0.000805356
-943.888 0.000809571
-943.888 0.000809571
-939.88 0.000813777
-939.88 0.000813777
-935.872 0.00081797
-935.872 0.00081797
-931.864 0.00082215
-931.864 0.00082215
-927.856 0.000826316
-927.856 0.000826316
-923.848 0.000830466
-923.848 0.000830466
-919.84 0.000834599
-919.84 0.000834599
-915.832 0.000838713
-915.832 0.000838713
-911.824 0.000842806
-911.824 0.000842806
-907.816 0.000846877
-907.816 0.000846877
-903.808 0.000850924
-903.808 0.000850924
-899.8 0.000854946
-899.8 0.000854946
-895.792 0.00085894
-895.792 0.00085894
-891.784 0.000862905
-891.784 0.000862905
-887.776 0.000866839
-887.776 0.000866839
-883.768 0.00087074
-883.768 0.00087074
-879.76 0.000874605
-879.76 0.000874605
-875.752 0.000878434
-875.752 0.000878434
-871.743 0.000882223
-871.743 0.000882223
-867.735 0.000885971
-867.735 0.000885971
-863.727 0.000889674
-863.727 0.000889674
-859.719 0.000893332
-859.719 0.000893332
-855.711 0.00089694
-855.711 0.00089694
-851.703 0.000900498
-851.703 0.000900498
-847.695 0.000904002
-847.695 0.000904002
-843.687 0.000907449
-843.687 0.000907449
-839.679 0.000910838
-839.679 0.000910838
-835.671 0.000914164
-835.671 0.000914164
-831.663 0.000917426
-831.663 0.000917426
-827.655 0.00092062
-827.655 0.00092062
-823.647 0.000923744
-823.647 0.000923744
-819.639 0.000926793
-819.639 0.000926793
-815.631 0.000929766
-815.631 0.000929766
-811.623 0.000932658
-811.623 0.000932658
-807.615 0.000935466
-807.615 0.000935466
-803.607 0.000938187
-803.607 0.000938187
-799.599 0.000940817
-799.599 0.000940817
-795.591 0.000943353
-795.591 0.000943353
-791.583 0.00094579
-791.583 0.00094579
-787.575 0.000948126
-787.575 0.000948126
-783.567 0.000950355
-783.567 0.000950355
-779.559 0.000952474
-779.559 0.000952474
-775.551 0.000954478
-775.551 0.000954478
-771.543 0.000956364
-771.543 0.000956364
-767.535 0.000958127
-767.535 0.000958127
-763.527 0.000959762
-763.527 0.000959762
-759.519 0.000961265
-759.519 0.000961265
-755.511 0.00096263
-755.511 0.00096263
-751.503 0.000963854
-751.503 0.000963854
-747.495 0.000964931
-747.495 0.000964931
-743.487 0.000965857
-743.487 0.000965857
-739.479 0.000966624
-739.479 0.000966624
-735.471 0.00096723
-735.471 0.00096723
-731.463 0.000967667
-731.463 0.000967667
-727.455 0.000967931
-727.455 0.000967931
-723.447 0.000968015
-723.447 0.000968015
-719.439 0.000967914
-719.439 0.000967914
-715.431 0.000967621
-715.431 0.000967621
-711.423 0.000967131
-711.423 0.000967131
-707.415 0.000966437
-707.415 0.000966437
-703.407 0.000965533
-703.407 0.000965533
-699.399 0.000964412
-699.399 0.000964412
-695.391 0.000963068
-695.391 0.000963068
-691.383 0.000961493
-691.383 0.000961493
-687.375 0.000959681
-687.375 0.000959681
-683.367 0.000957625
-683.367 0.000957625
-679.359 0.000955316
-679.359 0.000955316
-675.351 0.000952748
-675.351 0.000952748
-671.343 0.000949914
-671.343 0.000949914
-667.335 0.000946804
-667.335 0.000946804
-663.327 0.000943412
-663.327 0.000943412
-659.319 0.000939729
-659.319 0.000939729
-655.311 0.000935748
-655.311 0.000935748
-651.303 0.000931459
-651.303 0.000931459
-647.295 0.000926855
-647.295 0.000926855
-643.287 0.000921926
-643.287 0.000921926
-639.279 0.000916664
-639.279 0.000916664
-635.271 0.000911059
-635.271 0.000911059
-631.263 0.000905104
-631.263 0.000905104
-627.255 0.000898788
-627.255 0.000898788
-623.246 0.000892102
-623.246 0.000892102
-619.238 0.000885036
-619.238 0.000885036
-615.23 0.000877581
-615.23 0.000877581
-611.222 0.000869727
-611.222 0.000869727
-607.214 0.000861463
-607.214 0.000861463
-603.206 0.000852781
-603.206 0.000852781
-599.198 0.000843669
-599.198 0.000843669
-595.19 0.000834117
-595.19 0.000834117
-591.182 0.000824115
-591.182 0.000824115
-587.174 0.000813652
-587.174 0.000813652
-583.166 0.000802716
-583.166 0.000802716
-579.158 0.000791299
-579.158 0.000791299
-575.15 0.000779387
-575.15 0.000779387
-571.142 0.000766971
-571.142 0.000766971
-567.134 0.000754039
-567.134 0.000754039
-563.126 0.00074058
-563.126 0.00074058
-559.118 0.000726582
-559.118 0.000726582
-555.11 0.000712034
-555.11 0.000712034
-551.102 0.000696925
-551.102 0.000696925
-547.094 0.000681243
-547.094 0.000681243
-543.086 0.000664977
-543.086 0.000664977
-539.078 0.000648114
-539.078 0.000648114
-535.07 0.000630644
-535.07 0.000630644
-531.062 0.000612554
-531.062 0.000612554
-527.054 0.000593833
-527.054 0.000593833
-523.046 0.000574469
-523.046 0.000574469
-519.038 0.000554451
-519.038 0.000554451
-515.03 0.000533767
-515.03 0.000533767
-511.022 0.000512406
-511.022 0.000512406
-507.014 0.000490355
-507.014 0.000490355
-503.006 0.000467605
-503.006 0.000467605
-498.998 0.000444143
-498.998 0.000444143
-494.99 0.000419958
-494.99 0.000419958
-490.982 0.00039504
-490.982 0.00039504
-486.974 0.000369377
-486.974 0.000369377
-482.966 0.000342959
-482.966 0.000342959
-478.958 0.000315775
-478.958 0.000315775
-474.95 0.000287816
-474.95 0.000287816
-470.942 0.000259071
-470.942 0.000259071
-466.934 0.00022953
-466.934 0.00022953
-462.926 0.000199184
-462.926 0.000199184
-458.918 0.000168025
-458.918 0.000168025
-454.91 0.000136042
-454.91 0.000136042
-450.902 0.000103229
-450.902 0.000103229
-446.894 6.95759e-05
-446.894 6.95759e-05
-442.886 3.50766e-05
-442.886 3.50766e-05
-438.878 -2.765e-07
-438.878 -2.765e-07
-434.87 -3.64898e-05
-434.87 -3.64898e-05
-430.862 -7.35695e-05
-430.862 -7.35695e-05
-426.854 -0.000111521
-426.854 -0.000111521
-422.846 -0.000150349
-422.846 -0.000150349
-418.838 -0.000190059
-418.838 -0.000190059
-414.83 -0.000230653
-414.83 -0.000230653
-410.822 -0.000272135
-410.822 -0.000272135
-406.814 -0.000314507
-406.814 -0.000314507
-402.806 -0.00035777
-402.806 -0.00035777
-398.798 -0.000401925
-398.798 -0.000401925
-394.79 -0.000446972
-394.79 -0.000446972
-390.782 -0.00049291
-390.782 -0.00049291
-386.774 -0.000539737
-386.774 -0.000539737
-382.766 -0.00058745
-382.766 -0.00058745
-378.758 -0.000636046
-378.758 -0.000636046
-374.749 -0.000685519
-374.749 -0.000685519
-370.741 -0.000735864
-370.741 -0.000735864
-366.733 -0.000787073
-366.733 -0.000787073
-362.725 -0.000839139
-362.725 -0.000839139
-358.717 -0.000892053
-358.717 -0.000892053
-354.709 -0.000945803
-354.709 -0.000945803
-350.701 -0.00100038
-350.701 -0.00100038
-346.693 -0.00105577
-346.693 -0.00105577
-342.685 -0.00111195
-342.685 -0.00111195
-338.677 -0.00116892
-338.677 -0.00116892
-334.669 -0.00122666
-334.669 -0.00122666
-330.661 -0.00128514
-330.661 -0.00128514
-326.653 -0.00134435
-326.653 -0.00134435
-322.645 -0.00140427
-322.645 -0.00140427
-318.637 -0.00146487
-318.637 -0.00146487
-314.629 -0.00152613
-314.629 -0.00152613
-310.621 -0.00158803
-310.621 -0.00158803
-306.613 -0.00165053
-306.613 -0.00165053
-302.605 -0.00171361
-302.605 -0.00171361
-298.597 -0.00177725
-298.597 -0.00177725
-294.589 -0.0018414
-294.589 -0.0018414
-290.581 -0.00190604
-290.581 -0.00190604
-286.573 -0.00197112
-286.573 -0.00197112
-282.565 -0.00203662
-282.565 -0.00203662
-278.557 -0.0021025
-278.557 -0.0021025
-274.549 -0.00216871
-274.549 -0.00216871
-270.541 -0.00223522
-270.541 -0.00223522
-266.533 -0.00230199
-266.533 -0.00230199
-262.525 -0.00236896
-262.525 -0.00236896
-258.517 -0.0024361
-258.517 -0.0024361
-254.509 -0.00250336
-254.509 -0.00250336
-250.501 -0.00257068
-250.501 -0.00257068
-246.493 -0.00263803
-246.493 -0.00263803
-242.485 -0.00270535
-242.485 -0.00270535
-238.477 -0.00277259
-238.477 -0.00277259
-234.469 -0.00283969
-234.469 -0.00283969
-230.461 -0.0029066
-230.461 -0.0029066
-226.453 -0.00297327
-226.453 -0.00297327
-222.445 -0.00303963
-222.445 -0.00303963
-218.437 -0.00310564
-218.437 -0.00310564
-214.429 -0.00317123
-214.429 -0.00317123
-210.421 -0.00323634
-210.421 -0.00323634
-206.413 -0.00330092
-206.413 -0.00330092
-202.405 -0.0033649
-202.405 -0.0033649
-198.397 -0.00342822
-198.397 -0.00342822
-194.389 -0.00349083
-194.389 -0.00349083
-190.381 -0.00355265
-190.381 -0.00355265
-186.373 -0.00361363
-186.373 -0.00361363
-182.365 -0.0036737
-182.365 -0.0036737
-178.357 -0.0037328
-178.357 -0.0037328
-174.349 -0.00379088
-174.349 -0.00379088
-170.341 -0.00384786
-170.341 -0.00384786
-166.333 -0.00390368
-166.333 -0.00390368
-162.325 -0.0039583
-162.325 -0.0039583
-158.317 -0.00401163
-158.317 -0.00401163
-154.309 -0.00406363
-154.309 -0.00406363
-150.301 -0.00411424
-150.301 -0.00411424
-146.293 -0.00416339
-146.293 -0.00416339
-142.285 -0.00421103
-142.285 -0.00421103
-138.277 -0.0042571
-138.277 -0.0042571
-134.269 -0.00430155
-134.269 -0.00430155
-130.261 -0.00434432
-130.261 -0.00434432
-126.253 -0.00438537
-126.253 -0.00438537
-122.244 -0.00442464
-122.244 -0.00442464
-118.236 -0.00446208
-118.236 -0.00446208
-114.228 -0.00449765
-114.228 -0.00449765
-110.22 -0.00453131
-110.22 -0.00453131
-106.212 -0.004563
-106.212 -0.004563
-102.204 -0.00459269
-102.204 -0.00459269
-98.1964 -0.00462035
-98.1964 -0.00462035
-94.1884 -0.00464593
-94.1884 -0.00464593
-90.1804 -0.00466941
-90.1804 -0.00466941
-86.1723 -0.00469075
-86.1723 -0.00469075
-82.1643 -0.00470993
-82.1643 -0.00470993
-78.1563 -0.00472692
-78.1563 -0.00472692
-74.1483 -0.00474169
-74.1483 -0.00474169
-70.1403 -0.00475424
-70.1403 -0.00475424
-66.1323 -0.00476453
-66.1323 -0.00476453
-62.1242 -0.00477257
-62.1242 -0.00477257
-58.1162 -0.00477833
-58.1162 -0.00477833
-54.1082 -0.00478182
-54.1082 -0.00478182
-50.1002 -0.00478302
-50.1002 -0.00478302
-46.0922 -0.00478193
-46.0922 -0.00478193
-42.0842 -0.00477856
-42.0842 -0.00477856
-38.0762 -0.00477291
-38.0762 -0.00477291
-34.0681 -0.00476499
-34.0681 -0.00476499
-30.0601 -0.00475481
-30.0601 -0.00475481
-26.0521 -0.00474237
-26.0521 -0.00474237
-22.0441 -0.00472771
-22.0441 -0.00472771
-18.0361 -0.00471083
-18.0361 -0.00471083
-14.0281 -0.00469176
-14.0281 -0.00469176
-10.02 -0.00467053
-10.02 -0.00467053
-6.01202 -0.00464716
-6.01202 -0.00464716
-2.00401 -0.00462168
-2.00401 -0.00462168
2.00401 -0.00459413
2.00401 -0.00459413
6.01202 -0.00456453
6.01202 -0.00456453
10.02 -0.00453294
10.02 -0.00453294
14.0281 -0.00449938
14.0281 -0.00449938
18.0361 -0.0044639
18.0361 -0.0044639
22.0441 -0.00442655
22.0441 -0.00442655
26.0521 -0.00438737
26.0521 -0.00438737
30.0601 -0.00434641
30.0601 -0.00434641
34.0681 -0.00430373
34.0681 -0.00430373
38.0762 -0.00425936
38.0762 -0.00425936
42.0842 -0.00421337
42.0842 -0.00421337
46.0922 -0.0041658
46.0922 -0.0041658
50.1002 -0.00411673
50.1002 -0.00411673
54.1082 -0.0040662
54.1082 -0.0040662
58.1162 -0.00401426
58.1162 -0.00401426
62.1242 -0.00396099
62.1242 -0.00396099
66.1323 -0.00390644
66.1323 -0.00390644
70.1403 -0.00385068
70.1403 -0.00385068
74.1483 -0.00379375
74.1483 -0.00379375
78.1563 -0.00373573
78.1563 -0.00373573
82.1643 -0.00367668
82.1643 -0.00367668
86.1723 -0.00361665
86.1723 -0.00361665
90.1804 -0.00355572
90.1804 -0.00355572
94.1884 -0.00349394
94.1884 -0.00349394
98.1964 -0.00343137
98.1964 -0.00343137
102.204 -0.00336808
102.204 -0.00336808
106.212 -0.00330413
106.212 -0.00330413
110.22 -0.00323959
110.22 -0.00323959
114.228 -0.0031745
114.228 -0.0031745
118.236 -0.00310893
118.236 -0.00310893
122.244 -0.00304294
122.244 -0.00304294
126.253 -0.00297659
126.253 -0.00297659
130.261 -0.00290994
130.261 -0.00290994
134.269 -0.00284304
134.269 -0.00284304
138.277 -0.00277595
138.277 -0.00277595
142.285 -0.00270872
142.285 -0.00270872
146.293 -0.0026414
146.293 -0.0026414
150.301 -0.00257405
150.301 -0.00257405
154.309 -0.00250672
154.309 -0.00250672
158.317 -0.00243946
158.317 -0.00243946
162.325 -0.00237231
162.325 -0.00237231
166.333 -0.00230533
166.333 -0.00230533
170.341 -0.00223856
170.341 -0.00223856
174.349 -0.00217203
174.349 -0.00217203
178.357 -0.0021058
178.357 -0.0021058
182.365 -0.00203991
182.365 -0.00203991
186.373 -0.00197439
186.373 -0.00197439
190.381 -0.00190928
190.381 -0.00190928
194.389 -0.00184462
194.389 -0.00184462
198.397 -0.00178044
198.397 -0.00178044
202.405 -0.00171678
202.405 -0.00171678
206.413 -0.00165367
206.413 -0.00165367
210.421 -0.00159114
210.421 -0.00159114
214.429 -0.00152921
214.429 -0.00152921
218.437 -0.00146791
218.437 -0.00146791
222.445 -0.00140728
222.445 -0.00140728
226.453 -0.00134733
226.453 -0.00134733
230.461 -0.00128808
230.461 -0.00128808
234.469 -0.00122956
234.469 -0.00122956
238.477 -0.00117179
238.477 -0.00117179
242.485 -0.00111478
242.485 -0.00111478
246.493 -0.00105856
246.493 -0.00105856
250.501 -0.00100313
250.501 -0.00100313
254.509 -0.000948512
254.509 -0.000948512
258.517 -0.000894721
258.517 -0.000894721
262.525 -0.000841765
262.525 -0.000841765
266.533 -0.000789656
266.533 -0.000789656
270.541 -0.000738404
270.541 -0.000738404
274.549 -0.000688016
274.549 -0.000688016
278.557 -0.000638499
278.557 -0.000638499
282.565 -0.000589859
282.565 -0.000589859
286.573 -0.000542102
286.573 -0.000542102
290.581 -0.00049523
290.581 -0.00049523
294.589 -0.000449248
294.589 -0.000449248
298.597 -0.000404156
298.597 -0.000404156
302.605 -0.000359956
302.605 -0.000359956
306.613 -0.000316649
306.613 -0.000316649
310.621 -0.000274232
310.621 -0.000274232
314.629 -0.000232706
314.629 -0.000232706
318.637 -0.000192068
318.637 -0.000192068
322.645 -0.000152314
322.645 -0.000152314
326.653 -0.000113442
326.653 -0.000113442
330.661 -7.54464e-05
330.661 -7.54464e-05
334.669 -3.83232e-05
334.669 -3.83232e-05
338.677 -2.06668e-06
338.677 -2.06668e-06
342.685 3.33292e-05
342.685 3.33292e-05
346.693 6.78711e-05
346.693 6.78711e-05
350.701 0.000101566
350.701 0.000101566
354.709 0.000134421
354.709 0.000134421
358.717 0.000166445
358.717 0.000166445
362.725 0.000197646
362.725 0.000197646
366.733 0.000228032
366.733 0.000228032
370.741 0.000257613
370.741 0.000257613
374.749 0.000286397
374.749 0.000286397
378.758 0.000314396
378.758 0.000314396
382.766 0.000341618
382.766 0.000341618
386.774 0.000368074
386.774 0.000368074
390.782 0.000393774
390.782 0.000393774
394.79 0.00041873
394.79 0.00041873
398.798 0.000442951
398.798 0.000442951
402.806 0.000466449
402.806 0.000466449
406.814 0.000489235
406.814 0.000489235
410.822 0.00051132
410.822 0.00051132
414.83 0.000532715
414.83 0.000532715
418.838 0.000553433
418.838 0.000553433
422.846 0.000573484
422.846 0.000573484
426.854 0.00059288
426.854 0.00059288
430.862 0.000611633
430.862 0.000611633
434.87 0.000629754
434.87 0.000629754
438.878 0.000647255
438.878 0.000647255
442.886 0.000664148
442.886 0.000664148
446.894 0.000680444
446.894 0.000680444
450.902 0.000696155
450.902 0.000696155
454.91 0.000711292
454.91 0.000711292
458.918 0.000725868
458.918 0.000725868
462.926 0.000739893
462.926 0.000739893
466.934 0.000753379
466.934 0.000753379
470.942 0.000766337
470.942 0.000766337
474.95 0.000778778
474.95 0.000778778
478.958 0.000790715
478.958 0.000790715
482.966 0.000802157
482.966 0.000802157
486.974 0.000813116
486.974 0.000813116
490.982 0.000823603
490.982 0.000823603
494.99 0.000833628
494.99 0.000833628
498.998 0.000843202
498.998 0.000843202
503.006 0.000852336
503.006 0.000852336
507.014 0.000861039
507.014 0.000861039
511.022 0.000869323
511.022 0.000869323
515.03 0.000877198
515.03 0.000877198
519.038 0.000884672
519.038 0.000884672
523.046 0.000891757
523.046 0.000891757
527.054 0.000898462
527.054 0.000898462
531.062 0.000904797
531.062 0.000904797
535.07 0.00091077
535.07 0.00091077
539.078 0.000916392
539.078 0.000916392
543.086 0.000921671
543.086 0.000921671
547.094 0.000926616
547.094 0.000926616
551.102 0.000931237
551.102 0.000931237
555.11 0.000935541
555.11 0.000935541
559.118 0.000939538
559.118 0.000939538
563.126 0.000943235
563.126 0.000943235
567.134 0.000946641
567.134 0.000946641
571.142 0.000949765
571.142 0.000949765
575.15 0.000952613
575.15 0.000952613
579.158 0.000955194
579.158 0.000955194
583.166 0.000957515
583.166 0.000957515
587.174 0.000959584
587.174 0.000959584
591.182 0.000961409
591.182 0.000961409
595.19 0.000962995
595.19 0.000962995
599.198 0.000964351
599.198 0.000964351
603.206 0.000965482
603.206 0.000965482
607.214 0.000966397
607.214 0.000966397
611.222 0.000967101
611.222 0.000967101
615.23 0.000967601
615.23 0.000967601
619.238 0.000967904
619.238 0.000967904
623.246 0.000968014
623.246 0.000968014
627.255 0.000967939
627.255 0.000967939
631.263 0.000967684
631.263 0.000967684
635.271 0.000967256
635.271 0.000967256
639.279 0.000966659
639.279 0.000966659
643.287 0.000965899
643.287 0.000965899
647.295 0.000964981
647.295 0.000964981
651.303 0.000963912
651.303 0.000963912
655.311 0.000962695
655.311 0.000962695
659.319 0.000961336
659.319 0.000961336
663.327 0.00095984
663.327 0.00095984
667.335 0.000958212
667.335 0.000958212
671.343 0.000956455
671.343 0.000956455
675.351 0.000954575
675.351 0.000954575
679.359 0.000952577
679.359 0.000952577
683.367 0.000950463
683.367 0.000950463
687.375 0.00094824
687.375 0.00094824
691.383 0.00094591
691.383 0.00094591
695.391 0.000943477
695.391 0.000943477
699.399 0.000940946
699.399 0.000940946
703.407 0.000938321
703.407 0.000938321
707.415 0.000935604
707.415 0.000935604
711.423 0.0009328
711.423 0.0009328
715.431 0.000929912
715.431 0.000929912
719.439 0.000926944
719.439 0.000926944
723.447 0.000923898
723.447 0.000923898
727.455 0.000920778
727.455 0.000920778
731.463 0.000917587
731.463 0.000917587
735.471 0.000914329
735.471 0.000914329
739.479 0.000911005
739.479 0.000911005
743.487 0.00090762
743.487 0.00090762
747.495 0.000904175
747.495 0.000904175
751.503 0.000900674
751.503 0.000900674
755.511 0.000897119
755.511 0.000897119
759.519 0.000893513
759.519 0.000893513
763.527 0.000889858
763.527 0.000889858
767.535 0.000886157
767.535 0.000886157
771.543 0.000882411
771.543 0.000882411
775.551 0.000878624
775.551 0.000878624
779.559 0.000874798
779.559 0.000874798
783.567 0.000870934
783.567 0.000870934
787.575 0.000867035
787.575 0.000867035
791.583 0.000863102
791.583 0.000863102
795.591 0.000859139
795.591 0.000859139
799.599 0.000855146
799.599 0.000855146
803.607 0.000851126
803.607 0.000851126
807.615 0.00084708
807.615 0.00084708
811.623 0.00084301
811.623 0.00084301
815.631 0.000838918
815.631 0.000838918
819.639 0.000834805
819.639 0.000834805
823.647 0.000830673
823.647 0.000830673
827.655 0.000826524
827.655 0.000826524
831.663 0.000822359
831.663 0.000822359
835.671 0.000818179
835.671 0.000818179
839.679 0.000813986
839.679 0.000813986
843.687 0.000809782
843.687 0.000809782
847.695 0.000805567
847.695 0.000805567
851.703 0.000801343
851.703 0.000801343
855.711 0.00079711
855.711 0.00079711
859.719 0.000792871
859.719 0.000792871
863.727 0.000788627
863.727 0.000788627
867.735 0.000784378
867.735 0.000784378
871.743 0.000780125
871.743 0.000780125
875.752 0.00077587
875.752 0.00077587
879.76 0.000771614
879.76 0.000771614
883.768 0.000767357
883.768 0.000767357
887.776 0.000763101
887.776 0.000763101
891.784 0.000758846
891.784 0.000758846
895.792 0.000754593
895.792 0.000754593
899.8 0.000750343
899.8 0.000750343
903.808 0.000746097
903.808 0.000746097
907.816 0.000741856
907.816 0.000741856
911.824 0.000737621
911.824 0.000737621
915.832 0.000733391
915.832 0.000733391
919.84 0.000729169
919.84 0.000729169
923.848 0.000724954
923.848 0.000724954
927.856 0.000720747
927.856 0.000720747
931.864 0.000716549
931.864 0.000716549
935.872 0.00071236
935.872 0.00071236
939.88 0.000708182
939.88 0.000708182
943.888 0.000704014
943.888 0.000704014
947.896 0.000699857
947.896 0.000699857
951.904 0.000695711
951.904 0.000695711
955.912 0.000691578
955.912 0.000691578
959.92 0.000687457
959.92 0.000687457
963.928 0.000683349
963.928 0.000683349
967.936 0.000679255
967.936 0.000679255
971.944 0.000675174
971.944 0.000675174
975.952 0.000671108
975.952 0.000671108
979.96 0.000667056
979.96 0.000667056
983.968 0.00066302
983.968 0.00066302
987.976 0.000658998
987.976 0.000658998
991.984 0.000654993
991.984 0.000654993
995.992 0.000651003
995.992 0.000651003
1000 0.000647029
1000 0.000647029
