-1000 0.00122298
-1000 0.00122298
-995.992 0.00122666
-995.992 0.00122666
-991.984 0.00123031
-991.984 0.00123031
-987.976 0.00123393
-987.976 0.00123393
-983.968 0.00123752
-983.968 0.00123752
-979.96 0.00124108
-979.96 0.00124108
-975.952 0.00124461
-975.952 0.00124461
-971.944 0.0012481
-971.944 0.0012481
-967.936 0.00125156
-967.936 0.00125156
-963.928 0.00125498
-963.928 0.00125498
-959.92 0.00125837
-959.92 0.00125837
-955.912 0.00126171
-955.912 0.00126171
-951.904 0.00126502
-951.904 0.00126502
-947.896 0.00126829
-947.896 0.00126829
-943.888 0.00127151
-943.888 0.00127151
-939.88 0.00127469
-939.88 0.00127469
-935.872 0.00127782
-935.872 0.00127782
-931.864 0.0012809
-931.864 0.0012809
-927.856 0.00128394
-927.856 0.00128394
-923.848 0.00128693
-923.848 0.00128693
-919.84 0.00128987
-919.84 0.00128987
-915.832 0.00129275
-915.832 0.00129275
-911.824 0.00129558
-911.824 0.00129558
-907.816 0.00129835
-907.816 0.00129835
-903.808 0.00130106
-903.808 0.00130106
-899.8 0.00130372
-899.8 0.00130372
-895.792 0.00130631
-895.792 0.00130631
-891.784 0.00130884
-891.784 0.00130884
-887.776 0.0013113
-887.776 0.0013113
-883.768 0.0013137
-883.768 0.0013137
-879.76 0.00131603
-879.76 0.00131603
-875.752 0.00131829
-875.752 0.00131829
-871.743 0.00132048
-871.743 0.00132048
-867.735 0.00132259
-867.735 0.00132259
-863.727 0.00132463
-863.727 0.00132463
-859.719 0.00132659
-859.719 0.00132659
-855.711 0.00132846
-855.711 0.00132846
-851.703 0.00133026
-851.703 0.00133026
-847.695 0.00133197
-847.695 0.00133197
-843.687 0.00133359
-843.687 0.00133359
-839.679 0.00133513
-839.679 0.00133513
-835.671 0.00133657
-835.671 0.00133657
-831.663 0.00133792
-831.663 0.00133792
-827.655 0.00133917
-827.655 0.00133917
-823.647 0.00134033
-823.647 0.00134033
-819.639 0.00134138
-819.639 0.00134138
-815.631 0.00134233
-815.631 0.00134233
-811.623 0.00134318
-811.623 0.00134318
-807.615 0.00134391
-807.615 0.00134391
-803.607 0.00134454
-803.607 0.00134454
-799.599 0.00134505
-799.599 0.00134505
-795.591 0.00134544
-795.591 0.00134544
-791.583 0.00134572
-791.583 0.00134572
-787.575 0.00134587
-787.575 0.00134587
-783.567 0.0013459
-783.567 0.0013459
-779.559 0.0013458
-779.559 0.0013458
-775.551 0.00134557
-775.551 0.00134557
-771.543 0.0013452
-771.543 0.0013452
-767.535 0.0013447
-767.535 0.0013447
-763.527 0.00134406
-763.527 0.00134406
-759.519 0.00134327
-759.519 0.00134327
-755.511 0.00134234
-755.511 0.00134234
-751.503 0.00134126
-751.503 0.00134126
-747.495 0.00134003
-747.495 0.00134003
-743.487 0.00133864
-743.487 0.00133864
-739.479 0.00133709
-739.479 0.00133709
-735.471 0.00133537
-735.471 0.00133537
-731.463 0.00133349
-731.463 0.00133349
-727.455 0.00133144
-727.455 0.00133144
-723.447 0.00132922
-723.447 0.00132922
-719.439 0.00132681
-719.439 0.00132681
-715.431 0.00132423
-715.431 0.00132423
-711.423 0.00132146
-711.423 0.00132146
-707.415 0.0013185
-707.415 0.0013185
-703.407 0.00131535
-703.407 0.00131535
-699.399 0.001312
-699.399 0.001312
-695.391 0.00130845
-695.391 0.00130845
-691.383 0.0013047
-691.383 0.0013047
-687.375 0.00130073
-687.375 0.00130073
-683.367 0.00129655
-683.367 0.00129655
-679.359 0.00129216
-679.359 0.00129216
-675.351 0.00128754
-675.351 0.00128754
-671.343 0.00128269
-671.343 0.00128269
-667.335 0.00127762
-667.335 0.00127762
-663.327 0.0012723
-663.327 0.0012723
-659.319 0.00126675
-659.319 0.00126675
-655.311 0.00126095
-655.311 0.00126095
-651.303 0.00125491
-651.303 0.00125491
-647.295 0.0012486
-647.295 0.0012486
-643.287 0.00124204
-643.287 0.00124204
-639.279 0.00123522
-639.279 0.00123522
-635.271 0.00122812
-635.271 0.00122812
-631.263 0.00122075
-631.263 0.00122075
-627.255 0.00121311
-627.255 0.00121311
-623.246 0.00120517
-623.246 0.00120517
-619.238 0.00119695
-619.238 0.00119695
-615.23 0.00118843
-615.23 0.00118843
-611.222 0.00117962
-611.222 0.00117962
-607.214 0.0011705
-607.214 0.0011705
-603.206 0.00116106
-603.206 0.00116106
-599.198 0.00115131
-599.198 0.00115131
-595.19 0.00114124
-595.19 0.00114124
-591.182 0.00113084
-591.182 0.00113084
-587.174 0.00112011
-587.174 0.00112011
-583.166 0.00110904
-583.166 0.00110904
-579.158 0.00109762
-579.158 0.00109762
-575.15 0.00108585
-575.15 0.00108585
-571.142 0.00107373
-571.142 0.00107373
-567.134 0.00106124
-567.134 0.00106124
-563.126 0.00104839
-563.126 0.00104839
-559.118 0.00103516
-559.118 0.00103516
-555.11 0.00102155
-555.11 0.00102155
-551.102 0.00100756
-551.102 0.00100756
-547.094 0.000993171
-547.094 0.000993171
-543.086 0.000978384
-543.086 0.000978384
-539.078 0.000963193
-539.078 0.000963193
-535.07 0.00094759
-535.07 0.00094759
-531.062 0.00093157
-531.062 0.00093157
-527.054 0.000915126
-527.054 0.000915126
-523.046 0.000898251
-523.046 0.000898251
-519.038 0.00088094
-519.038 0.00088094
-515.03 0.000863186
-515.03 0.000863186
-511.022 0.000844982
-511.022 0.000844982
-507.014 0.000826322
-507.014 0.000826322
-503.006 0.0008072
-503.006 0.0008072
-498.998 0.000787609
-498.998 0.000787609
-494.99 0.000767542
-494.99 0.000767542
-490.982 0.000746994
-490.982 0.000746994
-486.974 0.000725956
-486.974 0.000725956
-482.966 0.000704424
-482.966 0.000704424
-478.958 0.00068239
-478.958 0.00068239
-474.95 0.000659849
-474.95 0.000659849
-470.942 0.000636792
-470.942 0.000636792
-466.934 0.000613215
-466.934 0.000613215
-462.926 0.00058911
-462.926 0.00058911
-458.918 0.000564471
-458.918 0.000564471
-454.91 0.000539292
-454.91 0.000539292
-450.902 0.000513566
-450.902 0.000513566
-446.894 0.000487287
-446.894 0.000487287
-442.886 0.000460449
-442.886 0.000460449
-438.878 0.000433046
-438.878 0.000433046
-434.87 0.00040507
-434.87 0.00040507
-430.862 0.000376517
-430.862 0.000376517
-426.854 0.00034738
-426.854 0.00034738
-422.846 0.000317652
-422.846 0.000317652
-418.838 0.00028733
-418.838 0.00028733
-414.83 0.000256405
-414.83 0.000256405
-410.822 0.000224873
-410.822 0.000224873
-406.814 0.000192729
-406.814 0.000192729
-402.806 0.000159966
-402.806 0.000159966
-398.798 0.000126579
-398.798 0.000126579
-394.79 9.25634e-05
-394.79 9.25634e-05
-390.782 5.79135e-05
-390.782 5.79135e-05
-386.774 2.26246e-05
-386.774 2.26246e-05
-382.766 -1.33083e-05
-382.766 -1.33083e-05
-378.758 -4.98897e-05
-378.758 -4.98897e-05
-374.749 -8.71242e-05
-374.749 -8.71242e-05
-370.741 -0.000125016
-370.741 -0.000125016
-366.733 -0.00016357
-366.733 -0.00016357
-362.725 -0.000202788
-362.725 -0.000202788
-358.717 -0.000242677
-358.717 -0.000242677
-354.709 -0.000283237
-354.709 -0.000283237
-350.701 -0.000324474
-350.701 -0.000324474
-346.693 -0.00036639
-346.693 -0.00036639
-342.685 -0.000408987
-342.685 -0.000408987
-338.677 -0.000452269
-338.677 -0.000452269
-334.669 -0.000496238
-334.669 -0.000496238
-330.661 -0.000540895
-330.661 -0.000540895
-326.653 -0.000586242
-326.653 -0.000586242
-322.645 -0.000632281
-322.645 -0.000632281
-318.637 -0.000679013
-318.637 -0.000679013
-314.629 -0.000726438
-314.629 -0.000726438
-310.621 -0.000774558
-310.621 -0.000774558
-306.613 -0.000823371
-306.613 -0.000823371
-302.605 -0.000872877
-302.605 -0.000872877
-298.597 -0.000923077
-298.597 -0.000923077
-294.589 -0.000973969
-294.589 -0.000973969
-290.581 -0.00102555
-290.581 -0.00102555
-286.573 -0.00107782
-286.573 -0.00107782
-282.565 -0.00113078
-282.565 -0.00113078
-278.557 -0.00118442
-278.557 -0.00118442
-274.549 -0.00123874
-274.549 -0.00123874
-270.541 -0.00129373
-270.541 -0.00129373
-266.533 -0.0013494
-266.533 -0.0013494
-262.525 -0.00140574
-262.525 -0.00140574
-258.517 -0.00146274
-258.517 -0.00146274
-254.509 -0.00152039
-254.509 -0.00152039
-250.501 -0.0015787
-250.501 -0.0015787
-246.493 -0.00163765
-246.493 -0.00163765
-242.485 -0.00169724
-242.485 -0.00169724
-238.477 -0.00175745
-238.477 -0.00175745
-234.469 -0.00181829
-234.469 -0.00181829
-230.461 -0.00187973
-230.461 -0.00187973
-226.453 -0.00194178
-226.453 -0.00194178
-222.445 -0.00200442
-222.445 -0.00200442
-218.437 -0.00206764
-218.437 -0.00206764
-214.429 -0.00213143
-214.429 -0.00213143
-210.421 -0.00219577
-210.421 -0.00219577
-206.413 -0.00226066
-206.413 -0.00226066
-202.405 -0.00232608
-202.405 -0.00232608
-198.397 -0.00239201
-198.397 -0.00239201
-194.389 -0.00245845
-194.389 -0.00245845
-190.381 -0.00252537
-190.381 -0.00252537
-186.373 -0.00259276
-186.373 -0.00259276
-182.365 -0.00266061
-182.365 -0.00266061
-178.357 -0.00272888
-178.357 -0.00272888
-174.349 -0.00279758
-174.349 -0.00279758
-170.341 -0.00286667
-170.341 -0.00286667
-166.333 -0.00293614
-166.333 -0.00293614
-162.325 -0.00300597
-162.325 -0.00300597
-158.317 -0.00307613
-158.317 -0.00307613
-154.309 -0.00314661
-154.309 -0.00314661
-150.301 -0.00321738
-150.301 -0.00321738
-146.293 -0.00328842
-146.293 -0.00328842
-142.285 -0.0033597
-142.285 -0.0033597
-138.277 -0.0034312
-138.277 -0.0034312
-134.269 -0.00350289
-134.269 -0.00350289
-130.261 -0.00357475
-130.261 -0.00357475
-126.253 -0.00364675
-126.253 -0.00364675
-122.244 -0.00371886
-122.244 -0.00371886
-118.236 -0.00379105
-118.236 -0.00379105
-114.228 -0.0038633
-114.228 -0.0038633
-110.22 -0.00393558
-110.22 -0.00393558
-106.212 -0.00400785
-106.212 -0.00400785
-102.204 -0.00408008
-102.204 -0.00408008
-98.1964 -0.00415224
-98.1964 -0.00415224
-94.1884 -0.00422431
-94.1884 -0.00422431
-90.1804 -0.00429624
-90.1804 -0.00429624
-86.1723 -0.004368
-86.1723 -0.004368
-82.1643 -0.00443956
-82.1643 -0.00443956
-78.1563 -0.00451089
-78.1563 -0.00451089
-74.1483 -0.00458195
-74.1483 -0.00458195
-70.1403 -0.0046527
-70.1403 -0.0046527
-66.1323 -0.00472311
-66.1323 -0.00472311
-62.1242 -0.00479314
-62.1242 -0.00479314
-58.1162 -0.00486276
-58.1162 -0.00486276
-54.1082 -0.00493192
-54.1082 -0.00493192
-50.1002 -0.00500059
-50.1002 -0.00500059
-46.0922 -0.00506874
-46.0922 -0.00506874
-42.0842 -0.00513632
-42.0842 -0.00513632
-38.0762 -0.0052033
-38.0762 -0.0052033
-34.0681 -0.00526963
-34.0681 -0.00526963
-30.0601 -0.00533528
-30.0601 -0.00533528
-26.0521 -0.00540021
-26.0521 -0.00540021
-22.0441 -0.00546438
-22.0441 -0.00546438
-18.0361 -0.00552775
-18.0361 -0.00552775
-14.0281 -0.00559029
-14.0281 -0.00559029
-10.02 -0.00565195
-10.02 -0.00565195
-6.01202 -0.00571269
-6.01202 -0.00571269
-2.00401 -0.00577248
-2.00401 -0.00577248
2.00401 -0.00583128
2.00401 -0.00583128
6.01202 -0.00588905
6.01202 -0.00588905
10.02 -0.00594575
10.02 -0.00594575
14.0281 -0.00600134
14.0281 -0.00600134
18.0361 -0.00605579
18.0361 -0.00605579
22.0441 -0.00610906
22.0441 -0.00610906
26.0521 -0.00616111
26.0521 -0.00616111
30.0601 -0.0062119
30.0601 -0.0062119
34.0681 -0.00626141
34.0681 -0.00626141
38.0762 -0.0063096
38.0762 -0.0063096
42.0842 -0.00635642
42.0842 -0.00635642
46.0922 -0.00640186
46.0922 -0.00640186
50.1002 -0.00644587
50.1002 -0.00644587
54.1082 -0.00648842
54.1082 -0.00648842
58.1162 -0.00652949
58.1162 -0.00652949
62.1242 -0.00656904
62.1242 -0.00656904
66.1323 -0.00660705
66.1323 -0.00660705
70.1403 -0.00664348
70.1403 -0.00664348
74.1483 -0.0066783
74.1483 -0.0066783
78.1563 -0.0067115
78.1563 -0.0067115
82.1643 -0.00674305
82.1643 -0.00674305
86.1723 -0.00677291
86.1723 -0.00677291
90.1804 -0.00680108
90.1804 -0.00680108
94.1884 -0.00682752
94.1884 -0.00682752
98.1964 -0.00685223
98.1964 -0.00685223
102.204 -0.00687517
102.204 -0.00687517
106.212 -0.00689633
106.212 -0.00689633
110.22 -0.00691569
110.22 -0.00691569
114.228 -0.00693324
114.228 -0.00693324
118.236 -0.00694897
118.236 -0.00694897
122.244 -0.00696286
122.244 -0.00696286
126.253 -0.0069749
126.253 -0.0069749
130.261 -0.00698508
130.261 -0.00698508
134.269 -0.0069934
134.269 -0.0069934
138.277 -0.00699984
138.277 -0.00699984
142.285 -0.00700441
142.285 -0.00700441
146.293 -0.00700709
146.293 -0.00700709
150.301 -0.00700789
150.301 -0.00700789
154.309 -0.00700681
154.309 -0.00700681
158.317 -0.00700384
158.317 -0.00700384
162.325 -0.00699899
162.325 -0.00699899
166.333 -0.00699227
166.333 -0.00699227
170.341 -0.00698367
170.341 -0.00698367
174.349 -0.00697321
174.349 -0.00697321
178.357 -0.00696089
178.357 -0.00696089
182.365 -0.00694673
182.365 -0.00694673
186.373 -0.00693072
186.373 -0.00693072
190.381 -0.0069129
190.381 -0.0069129
194.389 -0.00689327
194.389 -0.00689327
198.397 -0.00687184
198.397 -0.00687184
202.405 -0.00684863
202.405 -0.00684863
206.413 -0.00682367
206.413 -0.00682367
210.421 -0.00679696
210.421 -0.00679696
214.429 -0.00676854
214.429 -0.00676854
218.437 -0.00673842
218.437 -0.00673842
222.445 -0.00670663
222.445 -0.00670663
226.453 -0.00667318
226.453 -0.00667318
230.461 -0.00663811
230.461 -0.00663811
234.469 -0.00660145
234.469 -0.00660145
238.477 -0.00656321
238.477 -0.00656321
242.485 -0.00652343
242.485 -0.00652343
246.493 -0.00648213
246.493 -0.00648213
250.501 -0.00643936
250.501 -0.00643936
254.509 -0.00639513
254.509 -0.00639513
258.517 -0.00634949
258.517 -0.00634949
262.525 -0.00630245
262.525 -0.00630245
266.533 -0.00625407
266.533 -0.00625407
270.541 -0.00620436
270.541 -0.00620436
274.549 -0.00615338
274.549 -0.00615338
278.557 -0.00610114
278.557 -0.00610114
282.565 -0.0060477
282.565 -0.0060477
286.573 -0.00599307
286.573 -0.00599307
290.581 -0.00593731
290.581 -0.00593731
294.589 -0.00588045
294.589 -0.00588045
298.597 -0.00582253
298.597 -0.00582253
302.605 -0.00576358
302.605 -0.00576358
306.613 -0.00570364
306.613 -0.00570364
310.621 -0.00564276
310.621 -0.00564276
314.629 -0.00558096
314.629 -0.00558096
318.637 -0.0055183
318.637 -0.0055183
322.645 -0.00545481
322.645 -0.00545481
326.653 -0.00539052
326.653 -0.00539052
330.661 -0.00532548
330.661 -0.00532548
334.669 -0.00525972
334.669 -0.00525972
338.677 -0.00519329
338.677 -0.00519329
342.685 -0.00512622
342.685 -0.00512622
346.693 -0.00505855
346.693 -0.00505855
350.701 -0.00499033
350.701 -0.00499033
354.709 -0.00492158
354.709 -0.00492158
358.717 -0.00485234
358.717 -0.00485234
362.725 -0.00478266
362.725 -0.00478266
366.733 -0.00471257
366.733 -0.00471257
370.741 -0.00464211
370.741 -0.00464211
374.749 -0.00457131
374.749 -0.00457131
378.758 -0.00450021
378.758 -0.00450021
382.766 -0.00442884
382.766 -0.00442884
386.774 -0.00435725
386.774 -0.00435725
390.782 -0.00428546
390.782 -0.00428546
394.79 -0.00421351
394.79 -0.00421351
398.798 -0.00414142
398.798 -0.00414142
402.806 -0.00406925
402.806 -0.00406925
406.814 -0.00399701
406.814 -0.00399701
410.822 -0.00392473
410.822 -0.00392473
414.83 -0.00385246
414.83 -0.00385246
418.838 -0.00378022
418.838 -0.00378022
422.846 -0.00370803
422.846 -0.00370803
426.854 -0.00363594
426.854 -0.00363594
430.862 -0.00356396
430.862 -0.00356396
434.87 -0.00349212
434.87 -0.00349212
438.878 -0.00342046
438.878 -0.00342046
442.886 -0.00334899
442.886 -0.00334899
446.894 -0.00327774
446.894 -0.00327774
450.902 -0.00320675
450.902 -0.00320675
454.91 -0.00313602
454.91 -0.00313602
458.918 -0.00306559
458.918 -0.00306559
462.926 -0.00299547
462.926 -0.00299547
466.934 -0.0029257
466.934 -0.0029257
470.942 -0.00285628
470.942 -0.00285628
474.95 -0.00278725
474.95 -0.00278725
478.958 -0.00271862
478.958 -0.00271862
482.966 -0.0026504
482.966 -0.0026504
486.974 -0.00258262
486.974 -0.00258262
490.982 -0.0025153
490.982 -0.0025153
494.99 -0.00244845
494.99 -0.00244845
498.998 -0.00238209
498.998 -0.00238209
503.006 -0.00231623
503.006 -0.00231623
507.014 -0.00225089
507.014 -0.00225089
511.022 -0.00218609
511.022 -0.00218609
515.03 -0.00212182
515.03 -0.00212182
519.038 -0.00205812
519.038 -0.00205812
523.046 -0.00199499
523.046 -0.00199499
527.054 -0.00193244
527.054 -0.00193244
531.062 -0.00187048
531.062 -0.00187048
535.07 -0.00180912
535.07 -0.00180912
539.078 -0.00174838
539.078 -0.00174838
543.086 -0.00168826
543.086 -0.00168826
547.094 -0.00162877
547.094 -0.00162877
551.102 -0.00156991
551.102 -0.00156991
555.11 -0.0015117
555.11 -0.0015117
559.118 -0.00145415
559.118 -0.00145415
563.126 -0.00139725
563.126 -0.00139725
567.134 -0.00134101
567.134 -0.00134101
571.142 -0.00128544
571.142 -0.00128544
575.15 -0.00123055
575.15 -0.00123055
579.158 -0.00117633
579.158 -0.00117633
583.166 -0.00112279
583.166 -0.00112279
587.174 -0.00106994
587.174 -0.00106994
591.182 -0.00101777
591.182 -0.00101777
595.19 -0.000966291
595.19 -0.000966291
599.198 -0.000915503
599.198 -0.000915503
603.206 -0.000865407
603.206 -0.000865407
607.214 -0.000816004
607.214 -0.000816004
611.222 -0.000767295
611.222 -0.000767295
615.23 -0.00071928
615.23 -0.00071928
619.238 -0.000671959
619.238 -0.000671959
623.246 -0.000625331
623.246 -0.000625331
627.255 -0.000579396
627.255 -0.000579396
631.263 -0.000534152
631.263 -0.000534152
635.271 -0.000489598
635.271 -0.000489598
639.279 -0.000445733
639.279 -0.000445733
643.287 -0.000402554
643.287 -0.000402554
647.295 -0.000360059
647.295 -0.000360059
651.303 -0.000318245
651.303 -0.000318245
655.311 -0.00027711
655.311 -0.00027711
659.319 -0.00023665
659.319 -0.00023665
663.327 -0.000196863
663.327 -0.000196863
667.335 -0.000157744
667.335 -0.000157744
671.343 -0.00011929
671.343 -0.00011929
675.351 -8.14973e-05
675.351 -8.14973e-05
679.359 -4.4361e-05
679.359 -4.4361e-05
683.367 -7.87714e-06
683.367 -7.87714e-06
687.375 2.79588e-05
687.375 2.79588e-05
691.383 6.31516e-05
691.383 6.31516e-05
695.391 9.7706e-05
695.391 9.7706e-05
699.399 0.000131627
699.399 0.000131627
703.407 0.00016492
703.407 0.00016492
707.415 0.00019759
707.415 0.00019759
711.423 0.000229642
711.423 0.000229642
715.431 0.000261082
715.431 0.000261082
719.439 0.000291916
719.439 0.000291916
723.447 0.000322149
723.447 0.000322149
727.455 0.000351788
727.455 0.000351788
731.463 0.000380837
731.463 0.000380837
735.471 0.000409303
735.471 0.000409303
739.479 0.000437192
739.479 0.000437192
743.487 0.000464511
743.487 0.000464511
747.495 0.000491265
747.495 0.000491265
751.503 0.00051746
751.503 0.00051746
755.511 0.000543104
755.511 0.000543104
759.519 0.000568201
759.519 0.000568201
763.527 0.00059276
763.527 0.00059276
767.535 0.000616785
767.535 0.000616785
771.543 0.000640284
771.543 0.000640284
775.551 0.000663262
775.551 0.000663262
779.559 0.000685728
779.559 0.000685728
783.567 0.000707686
783.567 0.000707686
787.575 0.000729143
787.575 0.000729143
791.583 0.000750107
791.583 0.000750107
795.591 0.000770583
795.591 0.000770583
799.599 0.000790578
799.599 0.000790578
803.607 0.000810098
803.607 0.000810098
807.615 0.000829151
807.615 0.000829151
811.623 0.000847742
811.623 0.000847742
815.631 0.000865878
815.631 0.000865878
819.639 0.000883565
819.639 0.000883565
823.647 0.00090081
823.647 0.00090081
827.655 0.00091762
827.655 0.00091762
831.663 0.000934
831.663 0.000934
835.671 0.000949957
835.671 0.000949957
839.679 0.000965498
839.679 0.000965498
843.687 0.000980628
843.687 0.000980628
847.695 0.000995354
847.695 0.000995354
851.703 0.00100968
851.703 0.00100968
855.711 0.00102362
855.711 0.00102362
859.719 0.00103717
859.719 0.00103717
863.727 0.00105034
863.727 0.00105034
867.735 0.00106314
867.735 0.00106314
871.743 0.00107557
871.743 0.00107557
875.752 0.00108764
875.752 0.00108764
879.76 0.00109935
879.76 0.00109935
883.768 0.00111072
883.768 0.00111072
887.776 0.00112174
887.776 0.00112174
891.784 0.00113242
891.784 0.00113242
895.792 0.00114277
895.792 0.00114277
899.8 0.00115279
899.8 0.00115279
903.808 0.0011625
903.808 0.0011625
907.816 0.00117188
907.816 0.00117188
911.824 0.00118096
911.824 0.00118096
915.832 0.00118973
915.832 0.00118973
919.84 0.0011982
919.84 0.0011982
923.848 0.00120638
923.848 0.00120638
927.856 0.00121427
927.856 0.00121427
931.864 0.00122188
931.864 0.00122188
935.872 0.0012292
935.872 0.0012292
939.88 0.00123626
939.88 0.00123626
943.888 0.00124304
943.888 0.00124304
947.896 0.00124957
947.896 0.00124957
951.904 0.00125583
951.904 0.00125583
955.912 0.00126184
955.912 0.00126184
959.92 0.0012676
959.92 0.0012676
963.928 0.00127312
963.928 0.00127312
967.936 0.00127839
967.936 0.00127839
971.944 0.00128343
971.944 0.00128343
975.952 0.00128825
975.952 0.00128825
979.96 0.00129283
979.96 0.00129283
983.968 0.00129719
983.968 0.00129719
987.976 0.00130134
987.976 0.00130134
991.984 0.00130527
991.984 0.00130527
995.992 0.001309
995.992 0.001309
1000 0.00131252
1000 0.00131252
