-1000 0.000921604
-1000 0.000921604
-995.992 0.00092552
-995.992 0.00092552
-991.984 0.000929447
-991.984 0.000929447
-987.976 0.000933384
-987.976 0.000933384
-983.968 0.000937331
-983.968 0.000937331
-979.96 0.000941287
-979.96 0.000941287
-975.952 0.000945253
-975.952 0.000945253
-971.944 0.000949229
-971.944 0.000949229
-967.936 0.000953213
-967.936 0.000953213
-963.928 0.000957207
-963.928 0.000957207
-959.92 0.000961209
-959.92 0.000961209
-955.912 0.00096522
-955.912 0.00096522
-951.904 0.00096924
-951.904 0.00096924
-947.896 0.000973267
-947.896 0.000973267
-943.888 0.000977302
-943.888 0.000977302
-939.88 0.000981345
-939.88 0.000981345
-935.872 0.000985396
-935.872 0.000985396
-931.864 0.000989453
-931.864 0.000989453
-927.856 0.000993517
-927.856 0.000993517
-923.848 0.000997588
-923.848 0.000997588
-919.84 0.00100167
-919.84 0.00100167
-915.832 0.00100575
-915.832 0.00100575
-911.824 0.00100984
-911.824 0.00100984
-907.816 0.00101393
-907.816 0.00101393
-903.808 0.00101803
-903.808 0.00101803
-899.8 0.00102214
-899.8 0.00102214
-895.792 0.00102625
-895.792 0.00102625
-891.784 0.00103036
-891.784 0.00103036
-887.776 0.00103448
-887.776 0.00103448
-883.768 0.0010386
-883.768 0.0010386
-879.76 0.00104272
-879.76 0.00104272
-875.752 0.00104685
-875.752 0.00104685
-871.743 0.00105098
-871.743 0.00105098
-867.735 0.00105511
-867.735 0.00105511
-863.727 0.00105924
-863.727 0.00105924
-859.719 0.00106337
-859.719 0.00106337
-855.711 0.00106751
-855.711 0.00106751
-851.703 0.00107164
-851.703 0.00107164
-847.695 0.00107578
-847.695 0.00107578
-843.687 0.00107991
-843.687 0.00107991
-839.679 0.00108405
-839.679 0.00108405
-835.671 0.00108818
-835.671 0.00108818
-831.663 0.00109231
-831.663 0.00109231
-827.655 0.00109644
-827.655 0.00109644
-823.647 0.00110056
-823.647 0.00110056
-819.639 0.00110468
-819.639 0.00110468
-815.631 0.0011088
-815.631 0.0011088
-811.623 0.00111291
-811.623 0.00111291
-807.615 0.00111702
-807.615 0.00111702
-803.607 0.00112112
-803.607 0.00112112
-799.599 0.00112521
-799.599 0.00112521
-795.591 0.0011293
-795.591 0.0011293
-791.583 0.00113338
-791.583 0.00113338
-787.575 0.00113746
-787.575 0.00113746
-783.567 0.00114152
-783.567 0.00114152
-779.559 0.00114557
-779.559 0.00114557
-775.551 0.00114962
-775.551 0.00114962
-771.543 0.00115365
-771.543 0.00115365
-767.535 0.00115768
-767.535 0.00115768
-763.527 0.00116169
-763.527 0.00116169
-759.519 0.00116568
-759.519 0.00116568
-755.511 0.00116967
-755.511 0.00116967
-751.503 0.00117363
-751.503 0.00117363
-747.495 0.00117759
-747.495 0.00117759
-743.487 0.00118153
-743.487 0.00118153
-739.479 0.00118545
-739.479 0.00118545
-735.471 0.00118935
-735.471 0.00118935
-731.463 0.00119323
-731.463 0.00119323
-727.455 0.0011971
-727.455 0.0011971
-723.447 0.00120094
-723.447 0.00120094
-719.439 0.00120477
-719.439 0.00120477
-715.431 0.00120857
-715.431 0.00120857
-711.423 0.00121235
-711.423 0.00121235
-707.415 0.0012161
-707.415 0.0012161
-703.407 0.00121983
-703.407 0.00121983
-699.399 0.00122353
-699.399 0.00122353
-695.391 0.0012272
-695.391 0.0012272
-691.383 0.00123085
-691.383 0.00123085
-687.375 0.00123447
-687.375 0.00123447
-683.367 0.00123806
-683.367 0.00123806
-679.359 0.00124161
-679.359 0.00124161
-675.351 0.00124513
-675.351 0.00124513
-671.343 0.00124862
-671.343 0.00124862
-667.335 0.00125208
-667.335 0.00125208
-663.327 0.00125549
-663.327 0.00125549
-659.319 0.00125887
-659.319 0.00125887
-655.311 0.00126221
-655.311 0.00126221
-651.303 0.00126551
-651.303 0.00126551
-647.295 0.00126877
-647.295 0.00126877
-643.287 0.00127199
-643.287 0.00127199
-639.279 0.00127516
-639.279 0.00127516
-635.271 0.00127828
-635.271 0.00127828
-631.263 0.00128136
-631.263 0.00128136
-627.255 0.00128439
-627.255 0.00128439
-623.246 0.00128737
-623.246 0.00128737
-619.238 0.0012903
-619.238 0.0012903
-615.23 0.00129318
-615.23 0.00129318
-611.222 0.001296
-611.222 0.001296
-607.214 0.00129876
-607.214 0.00129876
-603.206 0.00130146
-603.206 0.00130146
-599.198 0.00130411
-599.198 0.00130411
-595.19 0.00130669
-595.19 0.00130669
-591.182 0.00130921
-591.182 0.00130921
-587.174 0.00131167
-587.174 0.00131167
-583.166 0.00131406
-583.166 0.00131406
-579.158 0.00131638
-579.158 0.00131638
-575.15 0.00131862
-575.15 0.00131862
-571.142 0.0013208
-571.142 0.0013208
-567.134 0.0013229
-567.134 0.0013229
-563.126 0.00132493
-563.126 0.00132493
-559.118 0.00132687
-559.118 0.00132687
-555.11 0.00132874
-555.11 0.00132874
-551.102 0.00133052
-551.102 0.00133052
-547.094 0.00133222
-547.094 0.00133222
-543.086 0.00133383
-543.086 0.00133383
-539.078 0.00133535
-539.078 0.00133535
-535.07 0.00133678
-535.07 0.00133678
-531.062 0.00133811
-531.062 0.00133811
-527.054 0.00133935
-527.054 0.00133935
-523.046 0.00134049
-523.046 0.00134049
-519.038 0.00134153
-519.038 0.00134153
-515.03 0.00134247
-515.03 0.00134247
-511.022 0.00134329
-511.022 0.00134329
-507.014 0.00134401
-507.014 0.00134401
-503.006 0.00134462
-503.006 0.00134462
-498.998 0.00134511
-498.998 0.00134511
-494.99 0.00134549
-494.99 0.00134549
-490.982 0.00134575
-490.982 0.00134575
-486.974 0.00134588
-486.974 0.00134588
-482.966 0.00134589
-482.966 0.00134589
-478.958 0.00134577
-478.958 0.00134577
-474.95 0.00134552
-474.95 0.00134552
-470.942 0.00134513
-470.942 0.00134513
-466.934 0.00134461
-466.934 0.00134461
-462.926 0.00134395
-462.926 0.00134395
-458.918 0.00134314
-458.918 0.00134314
-454.91 0.00134219
-454.91 0.00134219
-450.902 0.00134109
-450.902 0.00134109
-446.894 0.00133983
-446.894 0.00133983
-442.886 0.00133841
-442.886 0.00133841
-438.878 0.00133684
-438.878 0.00133684
-434.87 0.0013351
-434.87 0.0013351
-430.862 0.0013332
-430.862 0.0013332
-426.854 0.00133112
-426.854 0.00133112
-422.846 0.00132887
-422.846 0.00132887
-418.838 0.00132644
-418.838 0.00132644
-414.83 0.00132383
-414.83 0.00132383
-410.822 0.00132103
-410.822 0.00132103
-406.814 0.00131804
-406.814 0.00131804
-402.806 0.00131486
-402.806 0.00131486
-398.798 0.00131148
-398.798 0.00131148
-394.79 0.0013079
-394.79 0.0013079
-390.782 0.00130412
-390.782 0.00130412
-386.774 0.00130012
-386.774 0.00130012
-382.766 0.00129591
-382.766 0.00129591
-378.758 0.00129148
-378.758 0.00129148
-374.749 0.00128683
-374.749 0.00128683
-370.741 0.00128195
-370.741 0.00128195
-366.733 0.00127683
-366.733 0.00127683
-362.725 0.00127149
-362.725 0.00127149
-358.717 0.0012659
-358.717 0.0012659
-354.709 0.00126006
-354.709 0.00126006
-350.701 0.00125398
-350.701 0.00125398
-346.693 0.00124764
-346.693 0.00124764
-342.685 0.00124104
-342.685 0.00124104
-338.677 0.00123417
-338.677 0.00123417
-334.669 0.00122703
-334.669 0.00122703
-330.661 0.00121962
-330.661 0.00121962
-326.653 0.00121193
-326.653 0.00121193
-322.645 0.00120396
-322.645 0.00120396
-318.637 0.00119569
-318.637 0.00119569
-314.629 0.00118713
-314.629 0.00118713
-310.621 0.00117827
-310.621 0.00117827
-306.613 0.0011691
-306.613 0.0011691
-302.605 0.00115962
-302.605 0.00115962
-298.597 0.00114982
-298.597 0.00114982
-294.589 0.0011397
-294.589 0.0011397
-290.581 0.00112925
-290.581 0.00112925
-286.573 0.00111847
-286.573 0.00111847
-282.565 0.00110735
-282.565 0.00110735
-278.557 0.00109588
-278.557 0.00109588
-274.549 0.00108406
-274.549 0.00108406
-270.541 0.00107188
-270.541 0.00107188
-266.533 0.00105934
-266.533 0.00105934
-262.525 0.00104643
-262.525 0.00104643
-258.517 0.00103315
-258.517 0.00103315
-254.509 0.00101948
-254.509 0.00101948
-250.501 0.00100543
-250.501 0.00100543
-246.493 0.000990979
-246.493 0.000990979
-242.485 0.000976132
-242.485 0.000976132
-238.477 0.000960879
-238.477 0.000960879
-234.469 0.000945214
-234.469 0.000945214
-230.461 0.000929131
-230.461 0.000929131
-226.453 0.000912622
-226.453 0.000912622
-222.445 0.000895683
-222.445 0.000895683
-218.437 0.000878306
-218.437 0.000878306
-214.429 0.000860484
-214.429 0.000860484
-210.421 0.000842212
-210.421 0.000842212
-206.413 0.000823484
-206.413 0.000823484
-202.405 0.000804292
-202.405 0.000804292
-198.397 0.000784629
-198.397 0.000784629
-194.389 0.000764491
-194.389 0.000764491
-190.381 0.000743869
-190.381 0.000743869
-186.373 0.000722758
-186.373 0.000722758
-182.365 0.000701151
-182.365 0.000701151
-178.357 0.000679042
-178.357 0.000679042
-174.349 0.000656423
-174.349 0.000656423
-170.341 0.000633289
-170.341 0.000633289
-166.333 0.000609633
-166.333 0.000609633
-162.325 0.000585448
-162.325 0.000585448
-158.317 0.000560729
-158.317 0.000560729
-154.309 0.000535468
-154.309 0.000535468
-150.301 0.00050966
-150.301 0.00050966
-146.293 0.000483297
-146.293 0.000483297
-142.285 0.000456375
-142.285 0.000456375
-138.277 0.000428886
-138.277 0.000428886
-134.269 0.000400824
-134.269 0.000400824
-130.261 0.000372184
-130.261 0.000372184
-126.253 0.000342958
-126.253 0.000342958
-122.244 0.000313142
-122.244 0.000313142
-118.236 0.000282729
-118.236 0.000282729
-114.228 0.000251714
-114.228 0.000251714
-110.22 0.000220091
-110.22 0.000220091
-106.212 0.000187854
-106.212 0.000187854
-102.204 0.000154998
-102.204 0.000154998
-98.1964 0.000121517
-98.1964 0.000121517
-94.1884 8.74064e-05
-94.1884 8.74064e-05
-90.1804 5.2661e-05
-90.1804 5.2661e-05
-86.1723 1.72758e-05
-86.1723 1.72758e-05
-82.1643 -1.87541e-05
-82.1643 -1.87541e-05
-78.1563 -5.54332e-05
-78.1563 -5.54332e-05
-74.1483 -9.2766e-05
-74.1483 -9.2766e-05
-70.1403 -0.000130757
-70.1403 -0.000130757
-66.1323 -0.00016941
-66.1323 -0.00016941
-62.1242 -0.000208729
-62.1242 -0.000208729
-58.1162 -0.000248718
-58.1162 -0.000248718
-54.1082 -0.00028938
-54.1082 -0.00028938
-50.1002 -0.000330718
-50.1002 -0.000330718
-46.0922 -0.000372736
-46.0922 -0.000372736
-42.0842 -0.000415436
-42.0842 -0.000415436
-38.0762 -0.000458821
-38.0762 -0.000458821
-34.0681 -0.000502892
-34.0681 -0.000502892
-30.0601 -0.000547653
-30.0601 -0.000547653
-26.0521 -0.000593104
-26.0521 -0.000593104
-22.0441 -0.000639247
-22.0441 -0.000639247
-18.0361 -0.000686083
-18.0361 -0.000686083
-14.0281 -0.000733612
-14.0281 -0.000733612
-10.02 -0.000781835
-10.02 -0.000781835
-6.01202 -0.000830752
-6.01202 -0.000830752
-2.00401 -0.000880363
-2.00401 -0.000880363
2.00401 -0.000930667
2.00401 -0.000930667
6.01202 -0.000981662
6.01202 -0.000981662
10.02 -0.00103335
10.02 -0.00103335
14.0281 -0.00108572
14.0281 -0.00108572
18.0361 -0.00113878
18.0361 -0.00113878
22.0441 -0.00119252
22.0441 -0.00119252
26.0521 -0.00124694
26.0521 -0.00124694
30.0601 -0.00130204
30.0601 -0.00130204
34.0681 -0.00135781
34.0681 -0.00135781
38.0762 -0.00141425
38.0762 -0.00141425
42.0842 -0.00147134
42.0842 -0.00147134
46.0922 -0.0015291
46.0922 -0.0015291
50.1002 -0.0015875
50.1002 -0.0015875
54.1082 -0.00164655
54.1082 -0.00164655
58.1162 -0.00170623
58.1162 -0.00170623
62.1242 -0.00176654
62.1242 -0.00176654
66.1323 -0.00182747
66.1323 -0.00182747
70.1403 -0.001889
70.1403 -0.001889
74.1483 -0.00195114
74.1483 -0.00195114
78.1563 -0.00201387
78.1563 -0.00201387
82.1643 -0.00207717
82.1643 -0.00207717
86.1723 -0.00214104
86.1723 -0.00214104
90.1804 -0.00220547
90.1804 -0.00220547
94.1884 -0.00227044
94.1884 -0.00227044
98.1964 -0.00233594
98.1964 -0.00233594
102.204 -0.00240195
102.204 -0.00240195
106.212 -0.00246846
106.212 -0.00246846
110.22 -0.00253545
110.22 -0.00253545
114.228 -0.00260291
114.228 -0.00260291
118.236 -0.00267082
118.236 -0.00267082
122.244 -0.00273916
122.244 -0.00273916
126.253 -0.00280792
126.253 -0.00280792
130.261 -0.00287707
130.261 -0.00287707
134.269 -0.00294659
134.269 -0.00294659
138.277 -0.00301647
138.277 -0.00301647
142.285 -0.00308669
142.285 -0.00308669
146.293 -0.00315721
146.293 -0.00315721
150.301 -0.00322802
150.301 -0.00322802
154.309 -0.00329909
154.309 -0.00329909
158.317 -0.00337041
158.317 -0.00337041
162.325 -0.00344194
162.325 -0.00344194
166.333 -0.00351366
166.333 -0.00351366
170.341 -0.00358554
170.341 -0.00358554
174.349 -0.00365756
174.349 -0.00365756
178.357 -0.00372968
178.357 -0.00372968
182.365 -0.00380189
182.365 -0.00380189
186.373 -0.00387414
186.373 -0.00387414
190.381 -0.00394642
190.381 -0.00394642
194.389 -0.00401868
194.389 -0.00401868
198.397 -0.00409091
198.397 -0.00409091
202.405 -0.00416306
202.405 -0.00416306
206.413 -0.00423511
206.413 -0.00423511
210.421 -0.00430701
210.421 -0.00430701
214.429 -0.00437875
214.429 -0.00437875
218.437 -0.00445028
218.437 -0.00445028
222.445 -0.00452157
222.445 -0.00452157
226.453 -0.00459258
226.453 -0.00459258
230.461 -0.00466329
230.461 -0.00466329
234.469 -0.00473364
234.469 -0.00473364
238.477 -0.00480361
238.477 -0.00480361
242.485 -0.00487316
242.485 -0.00487316
246.493 -0.00494225
246.493 -0.00494225
250.501 -0.00501085
250.501 -0.00501085
254.509 -0.00507891
254.509 -0.00507891
258.517 -0.00514641
258.517 -0.00514641
262.525 -0.00521329
262.525 -0.00521329
266.533 -0.00527952
266.533 -0.00527952
270.541 -0.00534507
270.541 -0.00534507
274.549 -0.00540989
274.549 -0.00540989
278.557 -0.00547394
278.557 -0.00547394
282.565 -0.00553719
282.565 -0.00553719
286.573 -0.0055996
286.573 -0.0055996
290.581 -0.00566112
290.581 -0.00566112
294.589 -0.00572172
294.589 -0.00572172
298.597 -0.00578137
298.597 -0.00578137
302.605 -0.00584001
302.605 -0.00584001
306.613 -0.00589762
306.613 -0.00589762
310.621 -0.00595416
310.621 -0.00595416
314.629 -0.00600958
314.629 -0.00600958
318.637 -0.00606385
318.637 -0.00606385
322.645 -0.00611694
322.645 -0.00611694
326.653 -0.00616881
326.653 -0.00616881
330.661 -0.00621941
330.661 -0.00621941
334.669 -0.00626872
334.669 -0.00626872
338.677 -0.00631671
338.677 -0.00631671
342.685 -0.00636333
342.685 -0.00636333
346.693 -0.00640855
346.693 -0.00640855
350.701 -0.00645235
350.701 -0.00645235
354.709 -0.00649468
354.709 -0.00649468
358.717 -0.00653552
358.717 -0.00653552
362.725 -0.00657484
362.725 -0.00657484
366.733 -0.00661261
366.733 -0.00661261
370.741 -0.0066488
370.741 -0.0066488
374.749 -0.00668339
374.749 -0.00668339
378.758 -0.00671634
378.758 -0.00671634
382.766 -0.00674763
382.766 -0.00674763
386.774 -0.00677725
386.774 -0.00677725
390.782 -0.00680516
390.782 -0.00680516
394.79 -0.00683134
394.79 -0.00683134
398.798 -0.00685578
398.798 -0.00685578
402.806 -0.00687845
402.806 -0.00687845
406.814 -0.00689934
406.814 -0.00689934
410.822 -0.00691844
410.822 -0.00691844
414.83 -0.00693572
414.83 -0.00693572
418.838 -0.00695117
418.838 -0.00695117
422.846 -0.00696478
422.846 -0.00696478
426.854 -0.00697654
426.854 -0.00697654
430.862 -0.00698645
430.862 -0.00698645
434.87 -0.00699448
434.87 -0.00699448
438.878 -0.00700065
438.878 -0.00700065
442.886 -0.00700493
442.886 -0.00700493
446.894 -0.00700733
446.894 -0.00700733
450.902 -0.00700785
450.902 -0.00700785
454.91 -0.00700648
454.91 -0.00700648
458.918 -0.00700323
458.918 -0.00700323
462.926 -0.0069981
462.926 -0.0069981
466.934 -0.0069911
466.934 -0.0069911
470.942 -0.00698222
470.942 -0.00698222
474.95 -0.00697148
474.95 -0.00697148
478.958 -0.00695888
478.958 -0.00695888
482.966 -0.00694444
482.966 -0.00694444
486.974 -0.00692817
486.974 -0.00692817
490.982 -0.00691007
490.982 -0.00691007
494.99 -0.00689017
494.99 -0.00689017
498.998 -0.00686847
498.998 -0.00686847
503.006 -0.006845
503.006 -0.006845
507.014 -0.00681977
507.014 -0.00681977
511.022 -0.00679281
511.022 -0.00679281
515.03 -0.00676413
515.03 -0.00676413
519.038 -0.00673376
519.038 -0.00673376
523.046 -0.00670172
523.046 -0.00670172
527.054 -0.00666803
527.054 -0.00666803
531.062 -0.00663272
531.062 -0.00663272
535.07 -0.00659581
535.07 -0.00659581
539.078 -0.00655734
539.078 -0.00655734
543.086 -0.00651733
543.086 -0.00651733
547.094 -0.00647581
547.094 -0.00647581
551.102 -0.00643282
551.102 -0.00643282
555.11 -0.00638837
555.11 -0.00638837
559.118 -0.00634252
559.118 -0.00634252
563.126 -0.00629528
563.126 -0.00629528
567.134 -0.0062467
567.134 -0.0062467
571.142 -0.0061968
571.142 -0.0061968
575.15 -0.00614562
575.15 -0.00614562
579.158 -0.0060932
579.158 -0.0060932
583.166 -0.00603958
583.166 -0.00603958
587.174 -0.00598478
587.174 -0.00598478
591.182 -0.00592885
591.182 -0.00592885
595.19 -0.00587183
595.19 -0.00587183
599.198 -0.00581375
599.198 -0.00581375
603.206 -0.00575465
603.206 -0.00575465
607.214 -0.00569457
607.214 -0.00569457
611.222 -0.00563355
611.222 -0.00563355
615.23 -0.00557162
615.23 -0.00557162
619.238 -0.00550883
619.238 -0.00550883
623.246 -0.00544521
623.246 -0.00544521
627.255 -0.00538081
627.255 -0.00538081
631.263 -0.00531566
631.263 -0.00531566
635.271 -0.0052498
635.271 -0.0052498
639.279 -0.00518327
639.279 -0.00518327
643.287 -0.00511611
643.287 -0.00511611
647.295 -0.00504835
647.295 -0.00504835
651.303 -0.00498005
651.303 -0.00498005
655.311 -0.00491122
655.311 -0.00491122
659.319 -0.00484192
659.319 -0.00484192
663.327 -0.00477217
663.327 -0.00477217
667.335 -0.00470203
667.335 -0.00470203
671.343 -0.00463151
671.343 -0.00463151
675.351 -0.00456066
675.351 -0.00456066
679.359 -0.00448952
679.359 -0.00448952
683.367 -0.00441812
683.367 -0.00441812
687.375 -0.00434649
687.375 -0.00434649
691.383 -0.00427467
691.383 -0.00427467
695.391 -0.0042027
695.391 -0.0042027
699.399 -0.0041306
699.399 -0.0041306
703.407 -0.00405841
703.407 -0.00405841
707.415 -0.00398617
707.415 -0.00398617
711.423 -0.00391389
711.423 -0.00391389
715.431 -0.00384162
715.431 -0.00384162
719.439 -0.00376939
719.439 -0.00376939
723.447 -0.00369721
723.447 -0.00369721
727.455 -0.00362513
727.455 -0.00362513
731.463 -0.00355317
731.463 -0.00355317
735.471 -0.00348136
735.471 -0.00348136
739.479 -0.00340972
739.479 -0.00340972
743.487 -0.00333829
743.487 -0.00333829
747.495 -0.00326708
747.495 -0.00326708
751.503 -0.00319612
751.503 -0.00319612
755.511 -0.00312544
755.511 -0.00312544
759.519 -0.00305505
759.519 -0.00305505
763.527 -0.00298499
763.527 -0.00298499
767.535 -0.00291526
767.535 -0.00291526
771.543 -0.0028459
771.543 -0.0028459
775.551 -0.00277693
775.551 -0.00277693
779.559 -0.00270836
779.559 -0.00270836
783.567 -0.00264021
783.567 -0.00264021
787.575 -0.0025725
787.575 -0.0025725
791.583 -0.00250524
791.583 -0.00250524
795.591 -0.00243847
795.591 -0.00243847
799.599 -0.00237218
799.599 -0.00237218
803.607 -0.0023064
803.607 -0.0023064
807.615 -0.00224114
807.615 -0.00224114
811.623 -0.00217641
811.623 -0.00217641
815.631 -0.00211223
815.631 -0.00211223
819.639 -0.00204861
819.639 -0.00204861
823.647 -0.00198557
823.647 -0.00198557
827.655 -0.0019231
827.655 -0.0019231
831.663 -0.00186124
831.663 -0.00186124
835.671 -0.00179997
835.671 -0.00179997
839.679 -0.00173932
839.679 -0.00173932
843.687 -0.00167929
843.687 -0.00167929
847.695 -0.0016199
847.695 -0.0016199
851.703 -0.00156114
851.703 -0.00156114
855.711 -0.00150303
855.711 -0.00150303
859.719 -0.00144557
859.719 -0.00144557
863.727 -0.00138877
863.727 -0.00138877
867.735 -0.00133263
867.735 -0.00133263
871.743 -0.00127716
871.743 -0.00127716
875.752 -0.00122237
875.752 -0.00122237
879.76 -0.00116825
879.76 -0.00116825
883.768 -0.00111482
883.768 -0.00111482
887.776 -0.00106207
887.776 -0.00106207
891.784 -0.00101
891.784 -0.00101
895.792 -0.000958629
895.792 -0.000958629
899.8 -0.000907945
899.8 -0.000907945
903.808 -0.000857953
903.808 -0.000857953
907.816 -0.000808654
907.816 -0.000808654
911.824 -0.000760049
911.824 -0.000760049
915.832 -0.000712138
915.832 -0.000712138
919.84 -0.000664921
919.84 -0.000664921
923.848 -0.000618397
923.848 -0.000618397
927.856 -0.000572565
927.856 -0.000572565
931.864 -0.000527425
931.864 -0.000527425
935.872 -0.000482975
935.872 -0.000482975
939.88 -0.000439213
939.88 -0.000439213
943.888 -0.000396136
943.888 -0.000396136
947.896 -0.000353744
947.896 -0.000353744
951.904 -0.000312032
951.904 -0.000312032
955.912 -0.000270998
955.912 -0.000270998
959.92 -0.00023064
959.92 -0.00023064
963.928 -0.000190953
963.928 -0.000190953
967.936 -0.000151934
967.936 -0.000151934
971.944 -0.000113579
971.944 -0.000113579
975.952 -7.58851e-05
975.952 -7.58851e-05
979.96 -3.88469e-05
979.96 -3.88469e-05
983.968 -2.46055e-06
983.968 -2.46055e-06
987.976 3.32786e-05
987.976 3.32786e-05
991.984 6.83753e-05
991.984 6.83753e-05
995.992 0.000102834
995.992 0.000102834
1000 0.000136661
1000 0.000136661
