-1000 0.000845526
-1000 0.000845526
-995.992 0.000836063
-995.992 0.000836063
-991.984 0.000826152
-991.984 0.000826152
-987.976 0.000815782
-987.976 0.000815782
-983.968 0.000804942
-983.968 0.000804942
-979.96 0.000793621
-979.96 0.000793621
-975.952 0.000781809
-975.952 0.000781809
-971.944 0.000769495
-971.944 0.000769495
-967.936 0.000756667
-967.936 0.000756667
-963.928 0.000743314
-963.928 0.000743314
-959.92 0.000729425
-959.92 0.000729425
-955.912 0.000714988
-955.912 0.000714988
-951.904 0.000699992
-951.904 0.000699992
-947.896 0.000684426
-947.896 0.000684426
-943.888 0.000668277
-943.888 0.000668277
-939.88 0.000651535
-939.88 0.000651535
-935.872 0.000634187
-935.872 0.000634187
-931.864 0.000616222
-931.864 0.000616222
-927.856 0.000597628
-927.856 0.000597628
-923.848 0.000578394
-923.848 0.000578394
-919.84 0.000558508
-919.84 0.000558508
-915.832 0.000537958
-915.832 0.000537958
-911.824 0.000516733
-911.824 0.000516733
-907.816 0.000494821
-907.816 0.000494821
-903.808 0.000472212
-903.808 0.000472212
-899.8 0.000448893
-899.8 0.000448893
-895.792 0.000424853
-895.792 0.000424853
-891.784 0.000400083
-891.784 0.000400083
-887.776 0.00037457
-887.776 0.00037457
-883.768 0.000348303
-883.768 0.000348303
-879.76 0.000321274
-879.76 0.000321274
-875.752 0.00029347
-875.752 0.00029347
-871.743 0.000264883
-871.743 0.000264883
-867.735 0.000235502
-867.735 0.000235502
-863.727 0.000205318
-863.727 0.000205318
-859.719 0.000174322
-859.719 0.000174322
-855.711 0.000142505
-855.711 0.000142505
-851.703 0.000109858
-851.703 0.000109858
-847.695 7.63739e-05
-847.695 7.63739e-05
-843.687 4.20445e-05
-843.687 4.20445e-05
-839.679 6.86273e-06
-839.679 6.86273e-06
-835.671 -2.91781e-05
-835.671 -2.91781e-05
-831.663 -6.6084e-05
-831.663 -6.6084e-05
-827.655 -0.000103861
-827.655 -0.000103861
-823.647 -0.000142513
-823.647 -0.000142513
-819.639 -0.000182046
-819.639 -0.000182046
-815.631 -0.000222463
-815.631 -0.000222463
-811.623 -0.000263767
-811.623 -0.000263767
-807.615 -0.000305961
-807.615 -0.000305961
-803.607 -0.000349046
-803.607 -0.000349046
-799.599 -0.000393022
-799.599 -0.000393022
-795.591 -0.000437891
-795.591 -0.000437891
-791.583 -0.000483651
-791.583 -0.000483651
-787.575 -0.000530301
-787.575 -0.000530301
-783.567 -0.000577837
-783.567 -0.000577837
-779.559 -0.000626257
-779.559 -0.000626257
-775.551 -0.000675555
-775.551 -0.000675555
-771.543 -0.000725726
-771.543 -0.000725726
-767.535 -0.000776763
-767.535 -0.000776763
-763.527 -0.000828658
-763.527 -0.000828658
-759.519 -0.000881403
-759.519 -0.000881403
-755.511 -0.000934987
-755.511 -0.000934987
-751.503 -0.000989398
-751.503 -0.000989398
-747.495 -0.00104462
-747.495 -0.00104462
-743.487 -0.00110065
-743.487 -0.00110065
-739.479 -0.00115747
-739.479 -0.00115747
-735.471 -0.00121505
-735.471 -0.00121505
-731.463 -0.00127338
-731.463 -0.00127338
-727.455 -0.00133245
-727.455 -0.00133245
-723.447 -0.00139223
-723.447 -0.00139223
-719.439 -0.00145269
-719.439 -0.00145269
-715.431 -0.00151382
-715.431 -0.00151382
-711.423 -0.0015756
-711.423 -0.0015756
-707.415 -0.00163798
-707.415 -0.00163798
-703.407 -0.00170095
-703.407 -0.00170095
-699.399 -0.00176448
-699.399 -0.00176448
-695.391 -0.00182853
-695.391 -0.00182853
-691.383 -0.00189307
-691.383 -0.00189307
-687.375 -0.00195807
-687.375 -0.00195807
-683.367 -0.00202349
-683.367 -0.00202349
-679.359 -0.0020893
-679.359 -0.0020893
-675.351 -0.00215545
-675.351 -0.00215545
-671.343 -0.0022219
-671.343 -0.0022219
-667.335 -0.00228862
-667.335 -0.00228862
-663.327 -0.00235555
-663.327 -0.00235555
-659.319 -0.00242266
-659.319 -0.00242266
-655.311 -0.0024899
-655.311 -0.0024899
-651.303 -0.00255722
-651.303 -0.00255722
-647.295 -0.00262456
-647.295 -0.00262456
-643.287 -0.00269189
-643.287 -0.00269189
-639.279 -0.00275915
-639.279 -0.00275915
-635.271 -0.00282628
-635.271 -0.00282628
-631.263 -0.00289324
-631.263 -0.00289324
-627.255 -0.00295996
-627.255 -0.00295996
-623.246 -0.00302639
-623.246 -0.00302639
-619.238 -0.00309247
-619.238 -0.00309247
-615.23 -0.00315815
-615.23 -0.00315815
-611.222 -0.00322336
-611.222 -0.00322336
-607.214 -0.00328805
-607.214 -0.00328805
-603.206 -0.00335216
-603.206 -0.00335216
-599.198 -0.00341561
-599.198 -0.00341561
-595.19 -0.00347837
-595.19 -0.00347837
-591.182 -0.00354035
-591.182 -0.00354035
-587.174 -0.0036015
-587.174 -0.0036015
-583.166 -0.00366176
-583.166 -0.00366176
-579.158 -0.00372106
-579.158 -0.00372106
-575.15 -0.00377935
-575.15 -0.00377935
-571.142 -0.00383655
-571.142 -0.00383655
-567.134 -0.00389261
-567.134 -0.00389261
-563.126 -0.00394747
-563.126 -0.00394747
-559.118 -0.00400107
-559.118 -0.00400107
-555.11 -0.00405334
-555.11 -0.00405334
-551.102 -0.00410423
-551.102 -0.00410423
-547.094 -0.00415368
-547.094 -0.00415368
-543.086 -0.00420162
-543.086 -0.00420162
-539.078 -0.00424801
-539.078 -0.00424801
-535.07 -0.00429279
-535.07 -0.00429279
-531.062 -0.0043359
-531.062 -0.0043359
-527.054 -0.0043773
-527.054 -0.0043773
-523.046 -0.00441693
-523.046 -0.00441693
-519.038 -0.00445474
-519.038 -0.00445474
-515.03 -0.00449069
-515.03 -0.00449069
-511.022 -0.00452473
-511.022 -0.00452473
-507.014 -0.00455682
-507.014 -0.00455682
-503.006 -0.00458692
-503.006 -0.00458692
-498.998 -0.00461498
-498.998 -0.00461498
-494.99 -0.00464099
-494.99 -0.00464099
-490.982 -0.00466489
-490.982 -0.00466489
-486.974 -0.00468666
-486.974 -0.00468666
-482.966 -0.00470627
-482.966 -0.00470627
-478.958 -0.0047237
-478.958 -0.0047237
-474.95 -0.00473892
-474.95 -0.00473892
-470.942 -0.00475191
-470.942 -0.00475191
-466.934 -0.00476266
-466.934 -0.00476266
-462.926 -0.00477114
-462.926 -0.00477114
-458.918 -0.00477736
-458.918 -0.00477736
-454.91 -0.0047813
-454.91 -0.0047813
-450.902 -0.00478296
-450.902 -0.00478296
-446.894 -0.00478233
-446.894 -0.00478233
-442.886 -0.00477942
-442.886 -0.00477942
-438.878 -0.00477422
-438.878 -0.00477422
-434.87 -0.00476676
-434.87 -0.00476676
-430.862 -0.00475702
-430.862 -0.00475702
-426.854 -0.00474504
-426.854 -0.00474504
-422.846 -0.00473082
-422.846 -0.00473082
-418.838 -0.00471438
-418.838 -0.00471438
-414.83 -0.00469575
-414.83 -0.00469575
-410.822 -0.00467495
-410.822 -0.00467495
-406.814 -0.004652
-406.814 -0.004652
-402.806 -0.00462694
-402.806 -0.00462694
-398.798 -0.0045998
-398.798 -0.0045998
-394.79 -0.00457061
-394.79 -0.00457061
-390.782 -0.00453941
-390.782 -0.00453941
-386.774 -0.00450625
-386.774 -0.00450625
-382.766 -0.00447115
-382.766 -0.00447115
-378.758 -0.00443417
-378.758 -0.00443417
-374.749 -0.00439535
-374.749 -0.00439535
-370.741 -0.00435475
-370.741 -0.00435475
-366.733 -0.0043124
-366.733 -0.0043124
-362.725 -0.00426836
-362.725 -0.00426836
-358.717 -0.00422269
-358.717 -0.00422269
-354.709 -0.00417544
-354.709 -0.00417544
-350.701 -0.00412666
-350.701 -0.00412666
-346.693 -0.00407642
-346.693 -0.00407642
-342.685 -0.00402476
-342.685 -0.00402476
-338.677 -0.00397175
-338.677 -0.00397175
-334.669 -0.00391745
-334.669 -0.00391745
-330.661 -0.00386192
-330.661 -0.00386192
-326.653 -0.00380523
-326.653 -0.00380523
-322.645 -0.00374742
-322.645 -0.00374742
-318.637 -0.00368857
-318.637 -0.00368857
-314.629 -0.00362873
-314.629 -0.00362873
-310.621 -0.00356797
-310.621 -0.00356797
-306.613 -0.00350636
-306.613 -0.00350636
-302.605 -0.00344394
-302.605 -0.00344394
-298.597 -0.0033808
-298.597 -0.0033808
-294.589 -0.00331697
-294.589 -0.00331697
-290.581 -0.00325254
-290.581 -0.00325254
-286.573 -0.00318756
-286.573 -0.00318756
-282.565 -0.00312208
-282.565 -0.00312208
-278.557 -0.00305617
-278.557 -0.00305617
-274.549 -0.00298989
-274.549 -0.00298989
-270.541 -0.00292329
-270.541 -0.00292329
-266.533 -0.00285644
-266.533 -0.00285644
-262.525 -0.00278938
-262.525 -0.00278938
-258.517 -0.00272217
-258.517 -0.00272217
-254.509 -0.00265487
-254.509 -0.00265487
-250.501 -0.00258752
-250.501 -0.00258752
-246.493 -0.00252018
-246.493 -0.00252018
-242.485 -0.00245291
-242.485 -0.00245291
-238.477 -0.00238573
-238.477 -0.00238573
-234.469 -0.00231871
-234.469 -0.00231871
-230.461 -0.00225189
-230.461 -0.00225189
-226.453 -0.00218532
-226.453 -0.00218532
-222.445 -0.00211902
-222.445 -0.00211902
-218.437 -0.00205306
-218.437 -0.00205306
-214.429 -0.00198746
-214.429 -0.00198746
-210.421 -0.00192227
-210.421 -0.00192227
-206.413 -0.00185751
-206.413 -0.00185751
-202.405 -0.00179324
-202.405 -0.00179324
-198.397 -0.00172947
-198.397 -0.00172947
-194.389 -0.00166625
-194.389 -0.00166625
-190.381 -0.0016036
-190.381 -0.0016036
-186.373 -0.00154154
-186.373 -0.00154154
-182.365 -0.00148012
-182.365 -0.00148012
-178.357 -0.00141935
-178.357 -0.00141935
-174.349 -0.00135926
-174.349 -0.00135926
-170.341 -0.00129987
-170.341 -0.00129987
-166.333 -0.00124121
-166.333 -0.00124121
-162.325 -0.00118328
-162.325 -0.00118328
-158.317 -0.00112612
-158.317 -0.00112612
-154.309 -0.00106974
-154.309 -0.00106974
-150.301 -0.00101415
-150.301 -0.00101415
-146.293 -0.00095937
-146.293 -0.00095937
-142.285 -0.000905412
-142.285 -0.000905412
-138.277 -0.000852289
-138.277 -0.000852289
-134.269 -0.00080001
-134.269 -0.00080001
-130.261 -0.000748586
-130.261 -0.000748586
-126.253 -0.000698024
-126.253 -0.000698024
-122.244 -0.000648332
-122.244 -0.000648332
-118.236 -0.000599517
-118.236 -0.000599517
-114.228 -0.000551583
-114.228 -0.000551583
-110.22 -0.000504534
-110.22 -0.000504534
-106.212 -0.000458373
-106.212 -0.000458373
-102.204 -0.000413103
-102.204 -0.000413103
-98.1964 -0.000368725
-98.1964 -0.000368725
-94.1884 -0.000325239
-94.1884 -0.000325239
-90.1804 -0.000282644
-90.1804 -0.000282644
-86.1723 -0.00024094
-86.1723 -0.00024094
-82.1643 -0.000200124
-82.1643 -0.000200124
-78.1563 -0.000160194
-78.1563 -0.000160194
-74.1483 -0.000121146
-74.1483 -0.000121146
-70.1403 -8.29755e-05
-70.1403 -8.29755e-05
-66.1323 -4.56783e-05
-66.1323 -4.56783e-05
-62.1242 -9.24894e-06
-62.1242 -9.24894e-06
-58.1162 2.63186e-05
-58.1162 2.63186e-05
-54.1082 6.10307e-05
-54.1082 6.10307e-05
-50.1002 9.48944e-05
-50.1002 9.48944e-05
-46.0922 0.000127917
-46.0922 0.000127917
-42.0842 0.000160107
-42.0842 0.000160107
-38.0762 0.000191471
-38.0762 0.000191471
-34.0681 0.000222019
-34.0681 0.000222019
-30.0601 0.000251761
-30.0601 0.000251761
-26.0521 0.000280704
-26.0521 0.000280704
-22.0441 0.000308859
-22.0441 0.000308859
-18.0361 0.000336235
-18.0361 0.000336235
-14.0281 0.000362844
-14.0281 0.000362844
-10.02 0.000388694
-10.02 0.000388694
-6.01202 0.000413798
-6.01202 0.000413798
-2.00401 0.000438165
-2.00401 0.000438165
2.00401 0.000461807
2.00401 0.000461807
6.01202 0.000484734
6.01202 0.000484734
10.02 0.000506958
10.02 0.000506958
14.0281 0.000528491
14.0281 0.000528491
18.0361 0.000549343
18.0361 0.000549343
22.0441 0.000569526
22.0441 0.000569526
26.0521 0.000589052
26.0521 0.000589052
30.0601 0.000607933
30.0601 0.000607933
34.0681 0.00062618
34.0681 0.00062618
38.0762 0.000643804
38.0762 0.000643804
42.0842 0.000660817
42.0842 0.000660817
46.0922 0.000677232
46.0922 0.000677232
50.1002 0.000693059
50.1002 0.000693059
54.1082 0.00070831
54.1082 0.00070831
58.1162 0.000722997
58.1162 0.000722997
62.1242 0.000737131
62.1242 0.000737131
66.1323 0.000750724
66.1323 0.000750724
70.1403 0.000763787
70.1403 0.000763787
74.1483 0.000776331
74.1483 0.000776331
78.1563 0.000788367
78.1563 0.000788367
82.1643 0.000799908
82.1643 0.000799908
86.1723 0.000810962
86.1723 0.000810962
90.1804 0.000821543
90.1804 0.000821543
94.1884 0.000831659
94.1884 0.000831659
98.1964 0.000841323
98.1964 0.000841323
102.204 0.000850544
102.204 0.000850544
106.212 0.000859332
106.212 0.000859332
110.22 0.0008677
110.22 0.0008677
114.228 0.000875655
114.228 0.000875655
118.236 0.000883209
118.236 0.000883209
122.244 0.000890371
122.244 0.000890371
126.253 0.000897151
126.253 0.000897151
130.261 0.000903559
130.261 0.000903559
134.269 0.000909604
134.269 0.000909604
138.277 0.000915295
138.277 0.000915295
142.285 0.000920642
142.285 0.000920642
146.293 0.000925653
146.293 0.000925653
150.301 0.000930338
150.301 0.000930338
154.309 0.000934705
154.309 0.000934705
158.317 0.000938762
158.317 0.000938762
162.325 0.000942519
162.325 0.000942519
166.333 0.000945983
166.333 0.000945983
170.341 0.000949162
170.341 0.000949162
174.349 0.000952065
174.349 0.000952065
178.357 0.000954699
178.357 0.000954699
182.365 0.000957071
182.365 0.000957071
186.373 0.00095919
186.373 0.00095919
190.381 0.000961063
190.381 0.000961063
194.389 0.000962696
194.389 0.000962696
198.397 0.000964098
198.397 0.000964098
202.405 0.000965274
202.405 0.000965274
206.413 0.000966231
206.413 0.000966231
210.421 0.000966977
210.421 0.000966977
214.429 0.000967517
214.429 0.000967517
218.437 0.000967859
218.437 0.000967859
222.445 0.000968007
222.445 0.000968007
226.453 0.000967969
226.453 0.000967969
230.461 0.000967749
230.461 0.000967749
234.469 0.000967355
234.469 0.000967355
238.477 0.000966791
238.477 0.000966791
242.485 0.000966063
242.485 0.000966063
246.493 0.000965177
246.493 0.000965177
250.501 0.000964138
250.501 0.000964138
254.509 0.00096295
254.509 0.00096295
258.517 0.000961619
258.517 0.000961619
262.525 0.00096015
262.525 0.00096015
266.533 0.000958548
266.533 0.000958548
270.541 0.000956816
270.541 0.000956816
274.549 0.000954961
274.549 0.000954961
278.557 0.000952986
278.557 0.000952986
282.565 0.000950895
282.565 0.000950895
286.573 0.000948693
286.573 0.000948693
290.581 0.000946384
290.581 0.000946384
294.589 0.000943972
294.589 0.000943972
298.597 0.00094146
298.597 0.00094146
302.605 0.000938853
302.605 0.000938853
306.613 0.000936155
306.613 0.000936155
310.621 0.000933368
310.621 0.000933368
314.629 0.000930496
314.629 0.000930496
318.637 0.000927544
318.637 0.000927544
322.645 0.000924513
322.645 0.000924513
326.653 0.000921408
326.653 0.000921408
330.661 0.000918231
330.661 0.000918231
334.669 0.000914986
334.669 0.000914986
338.677 0.000911675
338.677 0.000911675
342.685 0.000908302
342.685 0.000908302
346.693 0.000904869
346.693 0.000904869
350.701 0.000901379
350.701 0.000901379
354.709 0.000897835
354.709 0.000897835
358.717 0.000894238
358.717 0.000894238
362.725 0.000890593
362.725 0.000890593
366.733 0.000886901
366.733 0.000886901
370.741 0.000883164
370.741 0.000883164
374.749 0.000879385
374.749 0.000879385
378.758 0.000875566
378.758 0.000875566
382.766 0.00087171
382.766 0.00087171
386.774 0.000867817
386.774 0.000867817
390.782 0.000863891
390.782 0.000863891
394.79 0.000859934
394.79 0.000859934
398.798 0.000855947
398.798 0.000855947
402.806 0.000851932
402.806 0.000851932
406.814 0.000847891
406.814 0.000847891
410.822 0.000843826
410.822 0.000843826
414.83 0.000839738
414.83 0.000839738
418.838 0.000835629
418.838 0.000835629
422.846 0.000831501
422.846 0.000831501
426.854 0.000827355
426.854 0.000827355
430.862 0.000823193
430.862 0.000823193
434.87 0.000819016
434.87 0.000819016
438.878 0.000814826
438.878 0.000814826
442.886 0.000810624
442.886 0.000810624
446.894 0.000806411
446.894 0.000806411
450.902 0.000802188
450.902 0.000802188
454.91 0.000797957
454.91 0.000797957
458.918 0.00079372
458.918 0.00079372
462.926 0.000789476
462.926 0.000789476
466.934 0.000785228
466.934 0.000785228
470.942 0.000780976
470.942 0.000780976
474.95 0.000776721
474.95 0.000776721
478.958 0.000772465
478.958 0.000772465
482.966 0.000768208
482.966 0.000768208
486.974 0.000763952
486.974 0.000763952
490.982 0.000759696
490.982 0.000759696
494.99 0.000755443
494.99 0.000755443
498.998 0.000751193
498.998 0.000751193
503.006 0.000746946
503.006 0.000746946
507.014 0.000742704
507.014 0.000742704
511.022 0.000738468
511.022 0.000738468
515.03 0.000734237
515.03 0.000734237
519.038 0.000730013
519.038 0.000730013
523.046 0.000725796
523.046 0.000725796
527.054 0.000721588
527.054 0.000721588
531.062 0.000717388
531.062 0.000717388
535.07 0.000713197
535.07 0.000713197
539.078 0.000709017
539.078 0.000709017
543.086 0.000704846
543.086 0.000704846
547.094 0.000700687
547.094 0.000700687
551.102 0.000696539
551.102 0.000696539
555.11 0.000692404
555.11 0.000692404
559.118 0.00068828
559.118 0.00068828
563.126 0.00068417
563.126 0.00068417
567.134 0.000680073
567.134 0.000680073
571.142 0.000675989
571.142 0.000675989
575.15 0.00067192
575.15 0.00067192
579.158 0.000667866
579.158 0.000667866
583.166 0.000663826
583.166 0.000663826
587.174 0.000659801
587.174 0.000659801
591.182 0.000655792
591.182 0.000655792
595.19 0.0006518
595.19 0.0006518
599.198 0.000647823
599.198 0.000647823
603.206 0.000643862
603.206 0.000643862
607.214 0.000639919
607.214 0.000639919
611.222 0.000635993
611.222 0.000635993
615.23 0.000632083
615.23 0.000632083
619.238 0.000628192
619.238 0.000628192
623.246 0.000624318
623.246 0.000624318
627.255 0.000620462
627.255 0.000620462
631.263 0.000616624
631.263 0.000616624
635.271 0.000612805
635.271 0.000612805
639.279 0.000609004
639.279 0.000609004
643.287 0.000605222
643.287 0.000605222
647.295 0.000601458
647.295 0.000601458
651.303 0.000597714
651.303 0.000597714
655.311 0.000593989
655.311 0.000593989
659.319 0.000590283
659.319 0.000590283
663.327 0.000586596
663.327 0.000586596
667.335 0.000582929
667.335 0.000582929
671.343 0.000579281
671.343 0.000579281
675.351 0.000575653
675.351 0.000575653
679.359 0.000572045
679.359 0.000572045
683.367 0.000568457
683.367 0.000568457
687.375 0.000564888
687.375 0.000564888
691.383 0.00056134
691.383 0.00056134
695.391 0.000557812
695.391 0.000557812
699.399 0.000554303
699.399 0.000554303
703.407 0.000550815
703.407 0.000550815
707.415 0.000547347
707.415 0.000547347
711.423 0.000543899
711.423 0.000543899
715.431 0.000540472
715.431 0.000540472
719.439 0.000537064
719.439 0.000537064
723.447 0.000533677
723.447 0.000533677
727.455 0.00053031
727.455 0.00053031
731.463 0.000526964
731.463 0.000526964
735.471 0.000523637
735.471 0.000523637
739.479 0.000520331
739.479 0.000520331
743.487 0.000517045
743.487 0.000517045
747.495 0.00051378
747.495 0.00051378
751.503 0.000510534
751.503 0.000510534
755.511 0.000507309
755.511 0.000507309
759.519 0.000504104
759.519 0.000504104
763.527 0.000500919
763.527 0.000500919
767.535 0.000497754
767.535 0.000497754
771.543 0.000494609
771.543 0.000494609
775.551 0.000491484
775.551 0.000491484
779.559 0.00048838
779.559 0.00048838
783.567 0.000485295
783.567 0.000485295
787.575 0.00048223
787.575 0.00048223
791.583 0.000479185
791.583 0.000479185
795.591 0.000476159
795.591 0.000476159
799.599 0.000473153
799.599 0.000473153
803.607 0.000470167
803.607 0.000470167
807.615 0.000467201
807.615 0.000467201
811.623 0.000464254
811.623 0.000464254
815.631 0.000461326
815.631 0.000461326
819.639 0.000458418
819.639 0.000458418
823.647 0.000455529
823.647 0.000455529
827.655 0.00045266
827.655 0.00045266
831.663 0.000449809
831.663 0.000449809
835.671 0.000446978
835.671 0.000446978
839.679 0.000444166
839.679 0.000444166
843.687 0.000441372
843.687 0.000441372
847.695 0.000438598
847.695 0.000438598
851.703 0.000435842
851.703 0.000435842
855.711 0.000433105
855.711 0.000433105
859.719 0.000430386
859.719 0.000430386
863.727 0.000427686
863.727 0.000427686
867.735 0.000425005
867.735 0.000425005
871.743 0.000422341
871.743 0.000422341
875.752 0.000419696
875.752 0.000419696
879.76 0.000417069
879.76 0.000417069
883.768 0.000414461
883.768 0.000414461
887.776 0.00041187
887.776 0.00041187
891.784 0.000409296
891.784 0.000409296
895.792 0.000406741
895.792 0.000406741
899.8 0.000404203
899.8 0.000404203
903.808 0.000401683
903.808 0.000401683
907.816 0.000399181
907.816 0.000399181
911.824 0.000396696
911.824 0.000396696
915.832 0.000394228
915.832 0.000394228
919.84 0.000391777
919.84 0.000391777
923.848 0.000389343
923.848 0.000389343
927.856 0.000386926
927.856 0.000386926
931.864 0.000384527
931.864 0.000384527
935.872 0.000382144
935.872 0.000382144
939.88 0.000379777
939.88 0.000379777
943.888 0.000377427
943.888 0.000377427
947.896 0.000375094
947.896 0.000375094
951.904 0.000372777
951.904 0.000372777
955.912 0.000370477
955.912 0.000370477
959.92 0.000368192
959.92 0.000368192
963.928 0.000365924
963.928 0.000365924
967.936 0.000363671
967.936 0.000363671
971.944 0.000361435
971.944 0.000361435
975.952 0.000359214
975.952 0.000359214
979.96 0.000357009
979.96 0.000357009
983.968 0.000354819
983.968 0.000354819
987.976 0.000352645
987.976 0.000352645
991.984 0.000350486
991.984 0.000350486
995.992 0.000348343
995.992 0.000348343
1000 0.000346215
1000 0.000346215
