-1000 -0.00399577
-1000 -0.00399577
-995.992 -0.00425207
-995.992 -0.00425207
-991.984 -0.00451108
-991.984 -0.00451108
-987.976 -0.00477277
-987.976 -0.00477277
-983.968 -0.0050371
-983.968 -0.0050371
-979.96 -0.00530405
-979.96 -0.00530405
-975.952 -0.00557358
-975.952 -0.00557358
-971.944 -0.00584566
-971.944 -0.00584566
-967.936 -0.00612024
-967.936 -0.00612024
-963.928 -0.00639728
-963.928 -0.00639728
-959.92 -0.00667675
-959.92 -0.00667675
-955.912 -0.0069586
-955.912 -0.0069586
-951.904 -0.00724278
-951.904 -0.00724278
-947.896 -0.00752925
-947.896 -0.00752925
-943.888 -0.00781796
-943.888 -0.00781796
-939.88 -0.00810885
-939.88 -0.00810885
-935.872 -0.00840188
-935.872 -0.00840188
-931.864 -0.008697
-931.864 -0.008697
-927.856 -0.00899414
-927.856 -0.00899414
-923.848 -0.00929325
-923.848 -0.00929325
-919.84 -0.00959426
-919.84 -0.00959426
-915.832 -0.00989713
-915.832 -0.00989713
-911.824 -0.0102018
-911.824 -0.0102018
-907.816 -0.0105082
-907.816 -0.0105082
-903.808 -0.0108162
-903.808 -0.0108162
-899.8 -0.0111258
-899.8 -0.0111258
-895.792 -0.011437
-895.792 -0.011437
-891.784 -0.0117496
-891.784 -0.0117496
-887.776 -0.0120635
-887.776 -0.0120635
-883.768 -0.0123788
-883.768 -0.0123788
-879.76 -0.0126953
-879.76 -0.0126953
-875.752 -0.013013
-875.752 -0.013013
-871.743 -0.0133317
-871.743 -0.0133317
-867.735 -0.0136515
-867.735 -0.0136515
-863.727 -0.0139721
-863.727 -0.0139721
-859.719 -0.0142936
-859.719 -0.0142936
-855.711 -0.0146159
-855.711 -0.0146159
-851.703 -0.0149388
-851.703 -0.0149388
-847.695 -0.0152623
-847.695 -0.0152623
-843.687 -0.0155864
-843.687 -0.0155864
-839.679 -0.0159108
-839.679 -0.0159108
-835.671 -0.0162356
-835.671 -0.0162356
-831.663 -0.0165606
-831.663 -0.0165606
-827.655 -0.0168858
-827.655 -0.0168858
-823.647 -0.017211
-823.647 -0.017211
-819.639 -0.0175362
-819.639 -0.0175362
-815.631 -0.0178613
-815.631 -0.0178613
-811.623 -0.0181862
-811.623 -0.0181862
-807.615 -0.0185108
-807.615 -0.0185108
-803.607 -0.018835
-803.607 -0.018835
-799.599 -0.0191587
-799.599 -0.0191587
-795.591 -0.0194818
-795.591 -0.0194818
-791.583 -0.0198043
-791.583 -0.0198043
-787.575 -0.020126
-787.575 -0.020126
-783.567 -0.0204469
-783.567 -0.0204469
-779.559 -0.0207668
-779.559 -0.0207668
-775.551 -0.0210856
-775.551 -0.0210856
-771.543 -0.0214034
-771.543 -0.0214034
-767.535 -0.0217199
-767.535 -0.0217199
-763.527 -0.022035
-763.527 -0.022035
-759.519 -0.0223488
-759.519 -0.0223488
-755.511 -0.0226611
-755.511 -0.0226611
-751.503 -0.0229717
-751.503 -0.0229717
-747.495 -0.0232807
-747.495 -0.0232807
-743.487 -0.0235879
-743.487 -0.0235879
-739.479 -0.0238932
-739.479 -0.0238932
-735.471 -0.0241965
-735.471 -0.0241965
-731.463 -0.0244978
-731.463 -0.0244978
-727.455 -0.024797
-727.455 -0.024797
-723.447 -0.0250939
-723.447 -0.0250939
-719.439 -0.0253885
-719.439 -0.0253885
-715.431 -0.0256807
-715.431 -0.0256807
-711.423 -0.0259704
-711.423 -0.0259704
-707.415 -0.0262575
-707.415 -0.0262575
-703.407 -0.026542
-703.407 -0.026542
-699.399 -0.0268238
-699.399 -0.0268238
-695.391 -0.0271027
-695.391 -0.0271027
-691.383 -0.0273787
-691.383 -0.0273787
-687.375 -0.0276517
-687.375 -0.0276517
-683.367 -0.0279217
-683.367 -0.0279217
-679.359 -0.0281885
-679.359 -0.0281885
-675.351 -0.0284521
-675.351 -0.0284521
-671.343 -0.0287124
-671.343 -0.0287124
-667.335 -0.0289694
-667.335 -0.0289694
-663.327 -0.0292229
-663.327 -0.0292229
-659.319 -0.0294729
-659.319 -0.0294729
-655.311 -0.0297194
-655.311 -0.0297194
-651.303 -0.0299622
-651.303 -0.0299622
-647.295 -0.0302012
-647.295 -0.0302012
-643.287 -0.0304365
-643.287 -0.0304365
-639.279 -0.030668
-639.279 -0.030668
-635.271 -0.0308955
-635.271 -0.0308955
-631.263 -0.0311191
-631.263 -0.0311191
-627.255 -0.0313387
-627.255 -0.0313387
-623.246 -0.0315541
-623.246 -0.0315541
-619.238 -0.0317654
-619.238 -0.0317654
-615.23 -0.0319726
-615.23 -0.0319726
-611.222 -0.0321754
-611.222 -0.0321754
-607.214 -0.032374
-607.214 -0.032374
-603.206 -0.0325682
-603.206 -0.0325682
-599.198 -0.0327579
-599.198 -0.0327579
-595.19 -0.0329433
-595.19 -0.0329433
-591.182 -0.0331241
-591.182 -0.0331241
-587.174 -0.0333003
-587.174 -0.0333003
-583.166 -0.033472
-583.166 -0.033472
-579.158 -0.033639
-579.158 -0.033639
-575.15 -0.0338014
-575.15 -0.0338014
-571.142 -0.033959
-571.142 -0.033959
-567.134 -0.0341119
-567.134 -0.0341119
-563.126 -0.0342599
-563.126 -0.0342599
-559.118 -0.0344032
-559.118 -0.0344032
-555.11 -0.0345415
-555.11 -0.0345415
-551.102 -0.034675
-551.102 -0.034675
-547.094 -0.0348035
-547.094 -0.0348035
-543.086 -0.0349271
-543.086 -0.0349271
-539.078 -0.0350456
-539.078 -0.0350456
-535.07 -0.0351592
-535.07 -0.0351592
-531.062 -0.0352676
-531.062 -0.0352676
-527.054 -0.0353711
-527.054 -0.0353711
-523.046 -0.0354694
-523.046 -0.0354694
-519.038 -0.0355626
-519.038 -0.0355626
-515.03 -0.0356506
-515.03 -0.0356506
-511.022 -0.0357335
-511.022 -0.0357335
-507.014 -0.0358112
-507.014 -0.0358112
-503.006 -0.0358837
-503.006 -0.0358837
-498.998 -0.035951
-498.998 -0.035951
-494.99 -0.0360131
-494.99 -0.0360131
-490.982 -0.0360699
-490.982 -0.0360699
-486.974 -0.0361215
-486.974 -0.0361215
-482.966 -0.0361677
-482.966 -0.0361677
-478.958 -0.0362088
-478.958 -0.0362088
-474.95 -0.0362445
-474.95 -0.0362445
-470.942 -0.0362749
-470.942 -0.0362749
-466.934 -0.0363
-466.934 -0.0363
-462.926 -0.0363198
-462.926 -0.0363198
-458.918 -0.0363343
-458.918 -0.0363343
-454.91 -0.0363435
-454.91 -0.0363435
-450.902 -0.0363473
-450.902 -0.0363473
-446.894 -0.0363459
-446.894 -0.0363459
-442.886 -0.0363391
-442.886 -0.0363391
-438.878 -0.036327
-438.878 -0.036327
-434.87 -0.0363096
-434.87 -0.0363096
-430.862 -0.0362869
-430.862 -0.0362869
-426.854 -0.0362588
-426.854 -0.0362588
-422.846 -0.0362255
-422.846 -0.0362255
-418.838 -0.0361869
-418.838 -0.0361869
-414.83 -0.0361429
-414.83 -0.0361429
-410.822 -0.0360938
-410.822 -0.0360938
-406.814 -0.0360393
-406.814 -0.0360393
-402.806 -0.0359796
-402.806 -0.0359796
-398.798 -0.0359147
-398.798 -0.0359147
-394.79 -0.0358445
-394.79 -0.0358445
-390.782 -0.0357691
-390.782 -0.0357691
-386.774 -0.0356886
-386.774 -0.0356886
-382.766 -0.0356028
-382.766 -0.0356028
-378.758 -0.035512
-378.758 -0.035512
-374.749 -0.0354159
-374.749 -0.0354159
-370.741 -0.0353148
-370.741 -0.0353148
-366.733 -0.0352086
-366.733 -0.0352086
-362.725 -0.0350973
-362.725 -0.0350973
-358.717 -0.034981
-358.717 -0.034981
-354.709 -0.0348597
-354.709 -0.0348597
-350.701 -0.0347334
-350.701 -0.0347334
-346.693 -0.0346022
-346.693 -0.0346022
-342.685 -0.034466
-342.685 -0.034466
-338.677 -0.034325
-338.677 -0.034325
-334.669 -0.0341791
-334.669 -0.0341791
-330.661 -0.0340284
-330.661 -0.0340284
-326.653 -0.0338729
-326.653 -0.0338729
-322.645 -0.0337127
-322.645 -0.0337127
-318.637 -0.0335478
-318.637 -0.0335478
-314.629 -0.0333782
-314.629 -0.0333782
-310.621 -0.033204
-310.621 -0.033204
-306.613 -0.0330252
-306.613 -0.0330252
-302.605 -0.0328419
-302.605 -0.0328419
-298.597 -0.0326541
-298.597 -0.0326541
-294.589 -0.0324619
-294.589 -0.0324619
-290.581 -0.0322653
-290.581 -0.0322653
-286.573 -0.0320644
-286.573 -0.0320644
-282.565 -0.0318592
-282.565 -0.0318592
-278.557 -0.0316497
-278.557 -0.0316497
-274.549 -0.0314361
-274.549 -0.0314361
-270.541 -0.0312184
-270.541 -0.0312184
-266.533 -0.0309966
-266.533 -0.0309966
-262.525 -0.0307709
-262.525 -0.0307709
-258.517 -0.0305412
-258.517 -0.0305412
-254.509 -0.0303076
-254.509 -0.0303076
-250.501 -0.0300702
-250.501 -0.0300702
-246.493 -0.0298291
-246.493 -0.0298291
-242.485 -0.0295843
-242.485 -0.0295843
-238.477 -0.0293359
-238.477 -0.0293359
-234.469 -0.0290839
-234.469 -0.0290839
-230.461 -0.0288285
-230.461 -0.0288285
-226.453 -0.0285697
-226.453 -0.0285697
-222.445 -0.0283075
-222.445 -0.0283075
-218.437 -0.0280421
-218.437 -0.0280421
-214.429 -0.0277736
-214.429 -0.0277736
-210.421 -0.0275019
-210.421 -0.0275019
-206.413 -0.0272272
-206.413 -0.0272272
-202.405 -0.0269496
-202.405 -0.0269496
-198.397 -0.0266691
-198.397 -0.0266691
-194.389 -0.0263859
-194.389 -0.0263859
-190.381 -0.0260999
-190.381 -0.0260999
-186.373 -0.0258114
-186.373 -0.0258114
-182.365 -0.0255203
-182.365 -0.0255203
-178.357 -0.0252267
-178.357 -0.0252267
-174.349 -0.0249309
-174.349 -0.0249309
-170.341 -0.0246327
-170.341 -0.0246327
-166.333 -0.0243324
-166.333 -0.0243324
-162.325 -0.0240299
-162.325 -0.0240299
-158.317 -0.0237255
-158.317 -0.0237255
-154.309 -0.0234191
-154.309 -0.0234191
-150.301 -0.023111
-150.301 -0.023111
-146.293 -0.0228011
-146.293 -0.0228011
-142.285 -0.0224895
-142.285 -0.0224895
-138.277 -0.0221764
-138.277 -0.0221764
-134.269 -0.0218619
-134.269 -0.0218619
-130.261 -0.021546
-130.261 -0.021546
-126.253 -0.0212288
-126.253 -0.0212288
-122.244 -0.0209104
-122.244 -0.0209104
-118.236 -0.020591
-118.236 -0.020591
-114.228 -0.0202705
-114.228 -0.0202705
-110.22 -0.0199492
-110.22 -0.0199492
-106.212 -0.019627
-106.212 -0.019627
-102.204 -0.0193042
-102.204 -0.0193042
-98.1964 -0.0189807
-98.1964 -0.0189807
-94.1884 -0.0186567
-94.1884 -0.0186567
-90.1804 -0.0183323
-90.1804 -0.0183323
-86.1723 -0.0180075
-86.1723 -0.0180075
-82.1643 -0.0176825
-82.1643 -0.0176825
-78.1563 -0.0173574
-78.1563 -0.0173574
-74.1483 -0.0170321
-74.1483 -0.0170321
-70.1403 -0.0167069
-70.1403 -0.0167069
-66.1323 -0.0163818
-66.1323 -0.0163818
-62.1242 -0.0160569
-62.1242 -0.0160569
-58.1162 -0.0157323
-58.1162 -0.0157323
-54.1082 -0.0154081
-54.1082 -0.0154081
-50.1002 -0.0150843
-50.1002 -0.0150843
-46.0922 -0.0147611
-46.0922 -0.0147611
-42.0842 -0.0144385
-42.0842 -0.0144385
-38.0762 -0.0141167
-38.0762 -0.0141167
-34.0681 -0.0137956
-34.0681 -0.0137956
-30.0601 -0.0134755
-30.0601 -0.0134755
-26.0521 -0.0131563
-26.0521 -0.0131563
-22.0441 -0.0128381
-22.0441 -0.0128381
-18.0361 -0.0125211
-18.0361 -0.0125211
-14.0281 -0.0122052
-14.0281 -0.0122052
-10.02 -0.0118907
-10.02 -0.0118907
-6.01202 -0.0115774
-6.01202 -0.0115774
-2.00401 -0.0112656
-2.00401 -0.0112656
2.00401 -0.0109553
2.00401 -0.0109553
6.01202 -0.0106466
6.01202 -0.0106466
10.02 -0.0103394
10.02 -0.0103394
14.0281 -0.010034
14.0281 -0.010034
18.0361 -0.00973033
18.0361 -0.00973033
22.0441 -0.00942847
22.0441 -0.00942847
26.0521 -0.0091285
26.0521 -0.0091285
30.0601 -0.00883046
30.0601 -0.00883046
34.0681 -0.00853443
34.0681 -0.00853443
38.0762 -0.00824046
38.0762 -0.00824046
42.0842 -0.00794859
42.0842 -0.00794859
46.0922 -0.00765889
46.0922 -0.00765889
50.1002 -0.00737141
50.1002 -0.00737141
54.1082 -0.00708619
54.1082 -0.00708619
58.1162 -0.00680329
58.1162 -0.00680329
62.1242 -0.00652274
62.1242 -0.00652274
66.1323 -0.0062446
66.1323 -0.0062446
70.1403 -0.00596891
70.1403 -0.00596891
74.1483 -0.00569571
74.1483 -0.00569571
78.1563 -0.00542503
78.1563 -0.00542503
82.1643 -0.00515691
82.1643 -0.00515691
86.1723 -0.00489139
86.1723 -0.00489139
90.1804 -0.00462851
90.1804 -0.00462851
94.1884 -0.00436829
94.1884 -0.00436829
98.1964 -0.00411077
98.1964 -0.00411077
102.204 -0.00385597
102.204 -0.00385597
106.212 -0.00360392
106.212 -0.00360392
110.22 -0.00335465
110.22 -0.00335465
114.228 -0.00310818
114.228 -0.00310818
118.236 -0.00286453
118.236 -0.00286453
122.244 -0.00262372
122.244 -0.00262372
126.253 -0.00238577
126.253 -0.00238577
130.261 -0.00215071
130.261 -0.00215071
134.269 -0.00191853
134.269 -0.00191853
138.277 -0.00168926
138.277 -0.00168926
142.285 -0.00146291
142.285 -0.00146291
146.293 -0.00123949
146.293 -0.00123949
150.301 -0.00101901
150.301 -0.00101901
154.309 -0.000801485
154.309 -0.000801485
158.317 -0.000586909
158.317 -0.000586909
162.325 -0.000375293
162.325 -0.000375293
166.333 -0.000166641
166.333 -0.000166641
170.341 3.90451e-05
170.341 3.90451e-05
174.349 0.000241764
174.349 0.000241764
178.357 0.000441515
178.357 0.000441515
182.365 0.0006383
182.365 0.0006383
186.373 0.000832122
186.373 0.000832122
190.381 0.00102298
190.381 0.00102298
194.389 0.00121089
194.389 0.00121089
198.397 0.00139585
198.397 0.00139585
202.405 0.00157787
202.405 0.00157787
206.413 0.00175695
206.413 0.00175695
210.421 0.00193311
210.421 0.00193311
214.429 0.00210636
214.429 0.00210636
218.437 0.0022767
218.437 0.0022767
222.445 0.00244415
222.445 0.00244415
226.453 0.00260872
226.453 0.00260872
230.461 0.00277043
230.461 0.00277043
234.469 0.00292929
234.469 0.00292929
238.477 0.00308531
238.477 0.00308531
242.485 0.00323852
242.485 0.00323852
246.493 0.00338893
246.493 0.00338893
250.501 0.00353655
250.501 0.00353655
254.509 0.00368141
254.509 0.00368141
258.517 0.00382352
258.517 0.00382352
262.525 0.00396291
262.525 0.00396291
266.533 0.00409959
266.533 0.00409959
270.541 0.00423358
270.541 0.00423358
274.549 0.00436491
274.549 0.00436491
278.557 0.0044936
278.557 0.0044936
282.565 0.00461967
282.565 0.00461967
286.573 0.00474315
286.573 0.00474315
290.581 0.00486405
290.581 0.00486405
294.589 0.0049824
294.589 0.0049824
298.597 0.00509823
298.597 0.00509823
302.605 0.00521155
302.605 0.00521155
306.613 0.0053224
306.613 0.0053224
310.621 0.0054308
310.621 0.0054308
314.629 0.00553677
314.629 0.00553677
318.637 0.00564034
318.637 0.00564034
322.645 0.00574153
322.645 0.00574153
326.653 0.00584038
326.653 0.00584038
330.661 0.00593691
330.661 0.00593691
334.669 0.00603114
334.669 0.00603114
338.677 0.0061231
338.677 0.0061231
342.685 0.00621282
342.685 0.00621282
346.693 0.00630032
346.693 0.00630032
350.701 0.00638563
350.701 0.00638563
354.709 0.00646878
354.709 0.00646878
358.717 0.0065498
358.717 0.0065498
362.725 0.00662871
362.725 0.00662871
366.733 0.00670554
366.733 0.00670554
370.741 0.00678032
370.741 0.00678032
374.749 0.00685308
374.749 0.00685308
378.758 0.00692383
378.758 0.00692383
382.766 0.00699261
382.766 0.00699261
386.774 0.00705946
386.774 0.00705946
390.782 0.00712438
390.782 0.00712438
394.79 0.00718741
394.79 0.00718741
398.798 0.00724859
398.798 0.00724859
402.806 0.00730792
402.806 0.00730792
406.814 0.00736545
406.814 0.00736545
410.822 0.0074212
410.822 0.0074212
414.83 0.00747519
414.83 0.00747519
418.838 0.00752745
418.838 0.00752745
422.846 0.00757801
422.846 0.00757801
426.854 0.0076269
426.854 0.0076269
430.862 0.00767413
430.862 0.00767413
434.87 0.00771974
434.87 0.00771974
438.878 0.00776376
438.878 0.00776376
442.886 0.0078062
442.886 0.0078062
446.894 0.00784709
446.894 0.00784709
450.902 0.00788646
450.902 0.00788646
454.91 0.00792434
454.91 0.00792434
458.918 0.00796074
458.918 0.00796074
462.926 0.0079957
462.926 0.0079957
466.934 0.00802924
466.934 0.00802924
470.942 0.00806137
470.942 0.00806137
474.95 0.00809213
474.95 0.00809213
478.958 0.00812154
478.958 0.00812154
482.966 0.00814963
482.966 0.00814963
486.974 0.00817641
486.974 0.00817641
490.982 0.00820191
490.982 0.00820191
494.99 0.00822615
494.99 0.00822615
498.998 0.00824916
498.998 0.00824916
503.006 0.00827096
503.006 0.00827096
507.014 0.00829156
507.014 0.00829156
511.022 0.008311
511.022 0.008311
515.03 0.00832929
515.03 0.00832929
519.038 0.00834646
519.038 0.00834646
523.046 0.00836252
523.046 0.00836252
527.054 0.0083775
527.054 0.0083775
531.062 0.00839142
531.062 0.00839142
535.07 0.0084043
535.07 0.0084043
539.078 0.00841615
539.078 0.00841615
543.086 0.00842701
543.086 0.00842701
547.094 0.00843688
547.094 0.00843688
551.102 0.00844579
551.102 0.00844579
555.11 0.00845376
555.11 0.00845376
559.118 0.0084608
559.118 0.0084608
563.126 0.00846694
563.126 0.00846694
567.134 0.0084722
567.134 0.0084722
571.142 0.00847658
571.142 0.00847658
575.15 0.00848011
575.15 0.00848011
579.158 0.00848282
579.158 0.00848282
583.166 0.0084847
583.166 0.0084847
587.174 0.00848579
587.174 0.00848579
591.182 0.0084861
591.182 0.0084861
595.19 0.00848564
595.19 0.00848564
599.198 0.00848443
599.198 0.00848443
603.206 0.0084825
603.206 0.0084825
607.214 0.00847984
607.214 0.00847984
611.222 0.00847649
611.222 0.00847649
615.23 0.00847245
615.23 0.00847245
619.238 0.00846775
619.238 0.00846775
623.246 0.00846239
623.246 0.00846239
627.255 0.00845639
627.255 0.00845639
631.263 0.00844977
631.263 0.00844977
635.271 0.00844254
635.271 0.00844254
639.279 0.00843471
639.279 0.00843471
643.287 0.0084263
643.287 0.0084263
647.295 0.00841732
647.295 0.00841732
651.303 0.00840779
651.303 0.00840779
655.311 0.00839771
655.311 0.00839771
659.319 0.00838711
659.319 0.00838711
663.327 0.00837599
663.327 0.00837599
667.335 0.00836437
667.335 0.00836437
671.343 0.00835226
671.343 0.00835226
675.351 0.00833967
675.351 0.00833967
679.359 0.00832661
679.359 0.00832661
683.367 0.0083131
683.367 0.0083131
687.375 0.00829915
687.375 0.00829915
691.383 0.00828476
691.383 0.00828476
695.391 0.00826995
695.391 0.00826995
699.399 0.00825474
699.399 0.00825474
703.407 0.00823912
703.407 0.00823912
707.415 0.00822312
707.415 0.00822312
711.423 0.00820674
711.423 0.00820674
715.431 0.00818999
715.431 0.00818999
719.439 0.00817289
719.439 0.00817289
723.447 0.00815544
723.447 0.00815544
727.455 0.00813765
727.455 0.00813765
731.463 0.00811953
731.463 0.00811953
735.471 0.00810109
735.471 0.00810109
739.479 0.00808234
739.479 0.00808234
743.487 0.0080633
743.487 0.0080633
747.495 0.00804396
747.495 0.00804396
751.503 0.00802434
751.503 0.00802434
755.511 0.00800444
755.511 0.00800444
759.519 0.00798428
759.519 0.00798428
763.527 0.00796386
763.527 0.00796386
767.535 0.00794319
767.535 0.00794319
771.543 0.00792228
771.543 0.00792228
775.551 0.00790113
775.551 0.00790113
779.559 0.00787976
779.559 0.00787976
783.567 0.00785817
783.567 0.00785817
787.575 0.00783636
787.575 0.00783636
791.583 0.00781435
791.583 0.00781435
795.591 0.00779215
795.591 0.00779215
799.599 0.00776975
799.599 0.00776975
803.607 0.00774717
803.607 0.00774717
807.615 0.00772441
807.615 0.00772441
811.623 0.00770148
811.623 0.00770148
815.631 0.00767838
815.631 0.00767838
819.639 0.00765513
819.639 0.00765513
823.647 0.00763172
823.647 0.00763172
827.655 0.00760817
827.655 0.00760817
831.663 0.00758448
831.663 0.00758448
835.671 0.00756065
835.671 0.00756065
839.679 0.0075367
839.679 0.0075367
843.687 0.00751262
843.687 0.00751262
847.695 0.00748842
847.695 0.00748842
851.703 0.00746411
851.703 0.00746411
855.711 0.00743969
855.711 0.00743969
859.719 0.00741517
859.719 0.00741517
863.727 0.00739055
863.727 0.00739055
867.735 0.00736584
867.735 0.00736584
871.743 0.00734104
871.743 0.00734104
875.752 0.00731616
875.752 0.00731616
879.76 0.0072912
879.76 0.0072912
883.768 0.00726616
883.768 0.00726616
887.776 0.00724105
887.776 0.00724105
891.784 0.00721588
891.784 0.00721588
895.792 0.00719065
895.792 0.00719065
899.8 0.00716536
899.8 0.00716536
903.808 0.00714001
903.808 0.00714001
907.816 0.00711462
907.816 0.00711462
911.824 0.00708918
911.824 0.00708918
915.832 0.00706369
915.832 0.00706369
919.84 0.00703817
919.84 0.00703817
923.848 0.00701261
923.848 0.00701261
927.856 0.00698703
927.856 0.00698703
931.864 0.00696141
931.864 0.00696141
935.872 0.00693577
935.872 0.00693577
939.88 0.00691011
939.88 0.00691011
943.888 0.00688443
943.888 0.00688443
947.896 0.00685873
947.896 0.00685873
951.904 0.00683302
951.904 0.00683302
955.912 0.00680731
955.912 0.00680731
959.92 0.00678158
959.92 0.00678158
963.928 0.00675585
963.928 0.00675585
967.936 0.00673013
967.936 0.00673013
971.944 0.0067044
971.944 0.0067044
975.952 0.00667868
975.952 0.00667868
979.96 0.00665296
979.96 0.00665296
983.968 0.00662726
983.968 0.00662726
987.976 0.00660157
987.976 0.00660157
991.984 0.00657589
991.984 0.00657589
995.992 0.00655023
995.992 0.00655023
1000 0.00652458
1000 0.00652458
