-1000 0.00264859
-1000 0.00264859
-995.992 0.00265159
-995.992 0.00265159
-991.984 0.00265441
-991.984 0.00265441
-987.976 0.00265704
-987.976 0.00265704
-983.968 0.00265948
-983.968 0.00265948
-979.96 0.00266173
-979.96 0.00266173
-975.952 0.00266378
-975.952 0.00266378
-971.944 0.00266562
-971.944 0.00266562
-967.936 0.00266724
-967.936 0.00266724
-963.928 0.00266866
-963.928 0.00266866
-959.92 0.00266985
-959.92 0.00266985
-955.912 0.00267081
-955.912 0.00267081
-951.904 0.00267155
-951.904 0.00267155
-947.896 0.00267204
-947.896 0.00267204
-943.888 0.0026723
-943.888 0.0026723
-939.88 0.0026723
-939.88 0.0026723
-935.872 0.00267205
-935.872 0.00267205
-931.864 0.00267154
-931.864 0.00267154
-927.856 0.00267077
-927.856 0.00267077
-923.848 0.00266972
-923.848 0.00266972
-919.84 0.00266839
-919.84 0.00266839
-915.832 0.00266678
-915.832 0.00266678
-911.824 0.00266488
-911.824 0.00266488
-907.816 0.00266268
-907.816 0.00266268
-903.808 0.00266018
-903.808 0.00266018
-899.8 0.00265737
-899.8 0.00265737
-895.792 0.00265424
-895.792 0.00265424
-891.784 0.00265079
-891.784 0.00265079
-887.776 0.002647
-887.776 0.002647
-883.768 0.00264288
-883.768 0.00264288
-879.76 0.00263841
-879.76 0.00263841
-875.752 0.00263359
-875.752 0.00263359
-871.743 0.00262841
-871.743 0.00262841
-867.735 0.00262286
-867.735 0.00262286
-863.727 0.00261694
-863.727 0.00261694
-859.719 0.00261063
-859.719 0.00261063
-855.711 0.00260394
-855.711 0.00260394
-851.703 0.00259684
-851.703 0.00259684
-847.695 0.00258934
-847.695 0.00258934
-843.687 0.00258142
-843.687 0.00258142
-839.679 0.00257308
-839.679 0.00257308
-835.671 0.00256431
-835.671 0.00256431
-831.663 0.00255509
-831.663 0.00255509
-827.655 0.00254543
-827.655 0.00254543
-823.647 0.00253531
-823.647 0.00253531
-819.639 0.00252472
-819.639 0.00252472
-815.631 0.00251366
-815.631 0.00251366
-811.623 0.00250212
-811.623 0.00250212
-807.615 0.00249008
-807.615 0.00249008
-803.607 0.00247753
-803.607 0.00247753
-799.599 0.00246447
-799.599 0.00246447
-795.591 0.0024509
-795.591 0.0024509
-791.583 0.00243678
-791.583 0.00243678
-787.575 0.00242213
-787.575 0.00242213
-783.567 0.00240693
-783.567 0.00240693
-779.559 0.00239116
-779.559 0.00239116
-775.551 0.00237482
-775.551 0.00237482
-771.543 0.0023579
-771.543 0.0023579
-767.535 0.00234038
-767.535 0.00234038
-763.527 0.00232227
-763.527 0.00232227
-759.519 0.00230354
-759.519 0.00230354
-755.511 0.00228418
-755.511 0.00228418
-751.503 0.00226419
-751.503 0.00226419
-747.495 0.00224355
-747.495 0.00224355
-743.487 0.00222226
-743.487 0.00222226
-739.479 0.0022003
-739.479 0.0022003
-735.471 0.00217765
-735.471 0.00217765
-731.463 0.00215432
-731.463 0.00215432
-727.455 0.00213028
-727.455 0.00213028
-723.447 0.00210554
-723.447 0.00210554
-719.439 0.00208006
-719.439 0.00208006
-715.431 0.00205385
-715.431 0.00205385
-711.423 0.00202689
-711.423 0.00202689
-707.415 0.00199917
-707.415 0.00199917
-703.407 0.00197067
-703.407 0.00197067
-699.399 0.0019414
-699.399 0.0019414
-695.391 0.00191132
-695.391 0.00191132
-691.383 0.00188044
-691.383 0.00188044
-687.375 0.00184873
-687.375 0.00184873
-683.367 0.0018162
-683.367 0.0018162
-679.359 0.00178282
-679.359 0.00178282
-675.351 0.00174858
-675.351 0.00174858
-671.343 0.00171347
-671.343 0.00171347
-667.335 0.00167747
-667.335 0.00167747
-663.327 0.00164059
-663.327 0.00164059
-659.319 0.00160279
-659.319 0.00160279
-655.311 0.00156408
-655.311 0.00156408
-651.303 0.00152443
-651.303 0.00152443
-647.295 0.00148384
-647.295 0.00148384
-643.287 0.00144229
-643.287 0.00144229
-639.279 0.00139977
-639.279 0.00139977
-635.271 0.00135627
-635.271 0.00135627
-631.263 0.00131178
-631.263 0.00131178
-627.255 0.00126628
-627.255 0.00126628
-623.246 0.00121976
-623.246 0.00121976
-619.238 0.00117221
-619.238 0.00117221
-615.23 0.00112361
-615.23 0.00112361
-611.222 0.00107396
-611.222 0.00107396
-607.214 0.00102324
-607.214 0.00102324
-603.206 0.000971437
-603.206 0.000971437
-599.198 0.000918546
-599.198 0.000918546
-595.19 0.00086455
-595.19 0.00086455
-591.182 0.00080944
-591.182 0.00080944
-587.174 0.000753202
-587.174 0.000753202
-583.166 0.000695827
-583.166 0.000695827
-579.158 0.000637302
-579.158 0.000637302
-575.15 0.000577617
-575.15 0.000577617
-571.142 0.00051676
-571.142 0.00051676
-567.134 0.000454722
-567.134 0.000454722
-563.126 0.000391491
-563.126 0.000391491
-559.118 0.000327058
-559.118 0.000327058
-555.11 0.000261413
-555.11 0.000261413
-551.102 0.000194546
-551.102 0.000194546
-547.094 0.000126447
-547.094 0.000126447
-543.086 5.71078e-05
-543.086 5.71078e-05
-539.078 -1.34808e-05
-539.078 -1.34808e-05
-535.07 -8.53273e-05
-535.07 -8.53273e-05
-531.062 -0.00015844
-531.062 -0.00015844
-527.054 -0.000232826
-527.054 -0.000232826
-523.046 -0.000308493
-523.046 -0.000308493
-519.038 -0.000385449
-519.038 -0.000385449
-515.03 -0.000463699
-515.03 -0.000463699
-511.022 -0.00054325
-511.022 -0.00054325
-507.014 -0.000624107
-507.014 -0.000624107
-503.006 -0.000706277
-503.006 -0.000706277
-498.998 -0.000789763
-498.998 -0.000789763
-494.99 -0.000874569
-494.99 -0.000874569
-490.982 -0.0009607
-490.982 -0.0009607
-486.974 -0.00104816
-486.974 -0.00104816
-482.966 -0.00113695
-482.966 -0.00113695
-478.958 -0.00122707
-478.958 -0.00122707
-474.95 -0.00131852
-474.95 -0.00131852
-470.942 -0.00141131
-470.942 -0.00141131
-466.934 -0.00150543
-466.934 -0.00150543
-462.926 -0.00160089
-462.926 -0.00160089
-458.918 -0.00169767
-458.918 -0.00169767
-454.91 -0.00179579
-454.91 -0.00179579
-450.902 -0.00189524
-450.902 -0.00189524
-446.894 -0.001996
-446.894 -0.001996
-442.886 -0.00209809
-442.886 -0.00209809
-438.878 -0.00220149
-438.878 -0.00220149
-434.87 -0.0023062
-434.87 -0.0023062
-430.862 -0.00241221
-430.862 -0.00241221
-426.854 -0.00251951
-426.854 -0.00251951
-422.846 -0.00262809
-422.846 -0.00262809
-418.838 -0.00273795
-418.838 -0.00273795
-414.83 -0.00284907
-414.83 -0.00284907
-410.822 -0.00296145
-410.822 -0.00296145
-406.814 -0.00307506
-406.814 -0.00307506
-402.806 -0.0031899
-402.806 -0.0031899
-398.798 -0.00330595
-398.798 -0.00330595
-394.79 -0.00342319
-394.79 -0.00342319
-390.782 -0.00354161
-390.782 -0.00354161
-386.774 -0.00366119
-386.774 -0.00366119
-382.766 -0.00378192
-382.766 -0.00378192
-378.758 -0.00390376
-378.758 -0.00390376
-374.749 -0.0040267
-374.749 -0.0040267
-370.741 -0.00415071
-370.741 -0.00415071
-366.733 -0.00427578
-366.733 -0.00427578
-362.725 -0.00440188
-362.725 -0.00440188
-358.717 -0.00452898
-358.717 -0.00452898
-354.709 -0.00465705
-354.709 -0.00465705
-350.701 -0.00478606
-350.701 -0.00478606
-346.693 -0.00491599
-346.693 -0.00491599
-342.685 -0.0050468
-342.685 -0.0050468
-338.677 -0.00517846
-338.677 -0.00517846
-334.669 -0.00531094
-334.669 -0.00531094
-330.661 -0.0054442
-330.661 -0.0054442
-326.653 -0.00557821
-326.653 -0.00557821
-322.645 -0.00571292
-322.645 -0.00571292
-318.637 -0.00584829
-318.637 -0.00584829
-314.629 -0.0059843
-314.629 -0.0059843
-310.621 -0.00612089
-310.621 -0.00612089
-306.613 -0.00625802
-306.613 -0.00625802
-302.605 -0.00639565
-302.605 -0.00639565
-298.597 -0.00653374
-298.597 -0.00653374
-294.589 -0.00667222
-294.589 -0.00667222
-290.581 -0.00681107
-290.581 -0.00681107
-286.573 -0.00695022
-286.573 -0.00695022
-282.565 -0.00708962
-282.565 -0.00708962
-278.557 -0.00722923
-278.557 -0.00722923
-274.549 -0.00736899
-274.549 -0.00736899
-270.541 -0.00750885
-270.541 -0.00750885
-266.533 -0.00764875
-266.533 -0.00764875
-262.525 -0.00778863
-262.525 -0.00778863
-258.517 -0.00792843
-258.517 -0.00792843
-254.509 -0.00806811
-254.509 -0.00806811
-250.501 -0.00820759
-250.501 -0.00820759
-246.493 -0.00834681
-246.493 -0.00834681
-242.485 -0.00848572
-242.485 -0.00848572
-238.477 -0.00862424
-238.477 -0.00862424
-234.469 -0.00876232
-234.469 -0.00876232
-230.461 -0.0088999
-230.461 -0.0088999
-226.453 -0.00903689
-226.453 -0.00903689
-222.445 -0.00917325
-222.445 -0.00917325
-218.437 -0.00930889
-218.437 -0.00930889
-214.429 -0.00944376
-214.429 -0.00944376
-210.421 -0.00957779
-210.421 -0.00957779
-206.413 -0.00971089
-206.413 -0.00971089
-202.405 -0.00984302
-202.405 -0.00984302
-198.397 -0.00997408
-198.397 -0.00997408
-194.389 -0.010104
-194.389 -0.010104
-190.381 -0.0102328
-190.381 -0.0102328
-186.373 -0.0103602
-186.373 -0.0103602
-182.365 -0.0104864
-182.365 -0.0104864
-178.357 -0.0106111
-178.357 -0.0106111
-174.349 -0.0107344
-174.349 -0.0107344
-170.341 -0.0108561
-170.341 -0.0108561
-166.333 -0.0109761
-166.333 -0.0109761
-162.325 -0.0110945
-162.325 -0.0110945
-158.317 -0.0112111
-158.317 -0.0112111
-154.309 -0.0113259
-154.309 -0.0113259
-150.301 -0.0114387
-150.301 -0.0114387
-146.293 -0.0115496
-146.293 -0.0115496
-142.285 -0.0116584
-142.285 -0.0116584
-138.277 -0.0117651
-138.277 -0.0117651
-134.269 -0.0118696
-134.269 -0.0118696
-130.261 -0.0119719
-130.261 -0.0119719
-126.253 -0.0120719
-126.253 -0.0120719
-122.244 -0.0121694
-122.244 -0.0121694
-118.236 -0.0122646
-118.236 -0.0122646
-114.228 -0.0123572
-114.228 -0.0123572
-110.22 -0.0124472
-110.22 -0.0124472
-106.212 -0.0125346
-106.212 -0.0125346
-102.204 -0.0126194
-102.204 -0.0126194
-98.1964 -0.0127013
-98.1964 -0.0127013
-94.1884 -0.0127805
-94.1884 -0.0127805
-90.1804 -0.0128568
-90.1804 -0.0128568
-86.1723 -0.0129302
-86.1723 -0.0129302
-82.1643 -0.0130006
-82.1643 -0.0130006
-78.1563 -0.013068
-78.1563 -0.013068
-74.1483 -0.0131323
-74.1483 -0.0131323
-70.1403 -0.0131935
-70.1403 -0.0131935
-66.1323 -0.0132516
-66.1323 -0.0132516
-62.1242 -0.0133065
-62.1242 -0.0133065
-58.1162 -0.0133581
-58.1162 -0.0133581
-54.1082 -0.0134065
-54.1082 -0.0134065
-50.1002 -0.0134516
-50.1002 -0.0134516
-46.0922 -0.0134933
-46.0922 -0.0134933
-42.0842 -0.0135317
-42.0842 -0.0135317
-38.0762 -0.0135667
-38.0762 -0.0135667
-34.0681 -0.0135982
-34.0681 -0.0135982
-30.0601 -0.0136263
-30.0601 -0.0136263
-26.0521 -0.0136509
-26.0521 -0.0136509
-22.0441 -0.0136721
-22.0441 -0.0136721
-18.0361 -0.0136897
-18.0361 -0.0136897
-14.0281 -0.0137039
-14.0281 -0.0137039
-10.02 -0.0137145
-10.02 -0.0137145
-6.01202 -0.0137216
-6.01202 -0.0137216
-2.00401 -0.0137251
-2.00401 -0.0137251
2.00401 -0.0137251
2.00401 -0.0137251
6.01202 -0.0137216
6.01202 -0.0137216
10.02 -0.0137145
10.02 -0.0137145
14.0281 -0.0137039
14.0281 -0.0137039
18.0361 -0.0136897
18.0361 -0.0136897
22.0441 -0.0136721
22.0441 -0.0136721
26.0521 -0.0136509
26.0521 -0.0136509
30.0601 -0.0136263
30.0601 -0.0136263
34.0681 -0.0135982
34.0681 -0.0135982
38.0762 -0.0135667
38.0762 -0.0135667
42.0842 -0.0135317
42.0842 -0.0135317
46.0922 -0.0134933
46.0922 -0.0134933
50.1002 -0.0134516
50.1002 -0.0134516
54.1082 -0.0134065
54.1082 -0.0134065
58.1162 -0.0133581
58.1162 -0.0133581
62.1242 -0.0133065
62.1242 -0.0133065
66.1323 -0.0132516
66.1323 -0.0132516
70.1403 -0.0131935
70.1403 -0.0131935
74.1483 -0.0131323
74.1483 -0.0131323
78.1563 -0.013068
78.1563 -0.013068
82.1643 -0.0130006
82.1643 -0.0130006
86.1723 -0.0129302
86.1723 -0.0129302
90.1804 -0.0128568
90.1804 -0.0128568
94.1884 -0.0127805
94.1884 -0.0127805
98.1964 -0.0127013
98.1964 -0.0127013
102.204 -0.0126194
102.204 -0.0126194
106.212 -0.0125346
106.212 -0.0125346
110.22 -0.0124472
110.22 -0.0124472
114.228 -0.0123572
114.228 -0.0123572
118.236 -0.0122646
118.236 -0.0122646
122.244 -0.0121694
122.244 -0.0121694
126.253 -0.0120719
126.253 -0.0120719
130.261 -0.0119719
130.261 -0.0119719
134.269 -0.0118696
134.269 -0.0118696
138.277 -0.0117651
138.277 -0.0117651
142.285 -0.0116584
142.285 -0.0116584
146.293 -0.0115496
146.293 -0.0115496
150.301 -0.0114387
150.301 -0.0114387
154.309 -0.0113259
154.309 -0.0113259
158.317 -0.0112111
158.317 -0.0112111
162.325 -0.0110945
162.325 -0.0110945
166.333 -0.0109761
166.333 -0.0109761
170.341 -0.0108561
170.341 -0.0108561
174.349 -0.0107344
174.349 -0.0107344
178.357 -0.0106111
178.357 -0.0106111
182.365 -0.0104864
182.365 -0.0104864
186.373 -0.0103602
186.373 -0.0103602
190.381 -0.0102328
190.381 -0.0102328
194.389 -0.010104
194.389 -0.010104
198.397 -0.00997408
198.397 -0.00997408
202.405 -0.00984302
202.405 -0.00984302
206.413 -0.00971089
206.413 -0.00971089
210.421 -0.00957779
210.421 -0.00957779
214.429 -0.00944376
214.429 -0.00944376
218.437 -0.00930889
218.437 -0.00930889
222.445 -0.00917325
222.445 -0.00917325
226.453 -0.00903689
226.453 -0.00903689
230.461 -0.0088999
230.461 -0.0088999
234.469 -0.00876232
234.469 -0.00876232
238.477 -0.00862424
238.477 -0.00862424
242.485 -0.00848572
242.485 -0.00848572
246.493 -0.00834681
246.493 -0.00834681
250.501 -0.00820759
250.501 -0.00820759
254.509 -0.00806811
254.509 -0.00806811
258.517 -0.00792843
258.517 -0.00792843
262.525 -0.00778863
262.525 -0.00778863
266.533 -0.00764875
266.533 -0.00764875
270.541 -0.00750885
270.541 -0.00750885
274.549 -0.00736899
274.549 -0.00736899
278.557 -0.00722923
278.557 -0.00722923
282.565 -0.00708962
282.565 -0.00708962
286.573 -0.00695022
286.573 -0.00695022
290.581 -0.00681107
290.581 -0.00681107
294.589 -0.00667222
294.589 -0.00667222
298.597 -0.00653374
298.597 -0.00653374
302.605 -0.00639565
302.605 -0.00639565
306.613 -0.00625802
306.613 -0.00625802
310.621 -0.00612089
310.621 -0.00612089
314.629 -0.0059843
314.629 -0.0059843
318.637 -0.00584829
318.637 -0.00584829
322.645 -0.00571292
322.645 -0.00571292
326.653 -0.00557821
326.653 -0.00557821
330.661 -0.0054442
330.661 -0.0054442
334.669 -0.00531094
334.669 -0.00531094
338.677 -0.00517846
338.677 -0.00517846
342.685 -0.0050468
342.685 -0.0050468
346.693 -0.00491599
346.693 -0.00491599
350.701 -0.00478606
350.701 -0.00478606
354.709 -0.00465705
354.709 -0.00465705
358.717 -0.00452898
358.717 -0.00452898
362.725 -0.00440188
362.725 -0.00440188
366.733 -0.00427578
366.733 -0.00427578
370.741 -0.00415071
370.741 -0.00415071
374.749 -0.0040267
374.749 -0.0040267
378.758 -0.00390376
378.758 -0.00390376
382.766 -0.00378192
382.766 -0.00378192
386.774 -0.00366119
386.774 -0.00366119
390.782 -0.00354161
390.782 -0.00354161
394.79 -0.00342319
394.79 -0.00342319
398.798 -0.00330595
398.798 -0.00330595
402.806 -0.0031899
402.806 -0.0031899
406.814 -0.00307506
406.814 -0.00307506
410.822 -0.00296145
410.822 -0.00296145
414.83 -0.00284907
414.83 -0.00284907
418.838 -0.00273795
418.838 -0.00273795
422.846 -0.00262809
422.846 -0.00262809
426.854 -0.00251951
426.854 -0.00251951
430.862 -0.00241221
430.862 -0.00241221
434.87 -0.0023062
434.87 -0.0023062
438.878 -0.00220149
438.878 -0.00220149
442.886 -0.00209809
442.886 -0.00209809
446.894 -0.001996
446.894 -0.001996
450.902 -0.00189524
450.902 -0.00189524
454.91 -0.00179579
454.91 -0.00179579
458.918 -0.00169767
458.918 -0.00169767
462.926 -0.00160089
462.926 -0.00160089
466.934 -0.00150543
466.934 -0.00150543
470.942 -0.00141131
470.942 -0.00141131
474.95 -0.00131852
474.95 -0.00131852
478.958 -0.00122707
478.958 -0.00122707
482.966 -0.00113695
482.966 -0.00113695
486.974 -0.00104816
486.974 -0.00104816
490.982 -0.0009607
490.982 -0.0009607
494.99 -0.000874569
494.99 -0.000874569
498.998 -0.000789763
498.998 -0.000789763
503.006 -0.000706277
503.006 -0.000706277
507.014 -0.000624107
507.014 -0.000624107
511.022 -0.00054325
511.022 -0.00054325
515.03 -0.000463699
515.03 -0.000463699
519.038 -0.000385449
519.038 -0.000385449
523.046 -0.000308493
523.046 -0.000308493
527.054 -0.000232826
527.054 -0.000232826
531.062 -0.00015844
531.062 -0.00015844
535.07 -8.53273e-05
535.07 -8.53273e-05
539.078 -1.34808e-05
539.078 -1.34808e-05
543.086 5.71078e-05
543.086 5.71078e-05
547.094 0.000126447
547.094 0.000126447
551.102 0.000194546
551.102 0.000194546
555.11 0.000261413
555.11 0.000261413
559.118 0.000327058
559.118 0.000327058
563.126 0.000391491
563.126 0.000391491
567.134 0.000454722
567.134 0.000454722
571.142 0.00051676
571.142 0.00051676
575.15 0.000577617
575.15 0.000577617
579.158 0.000637302
579.158 0.000637302
583.166 0.000695827
583.166 0.000695827
587.174 0.000753202
587.174 0.000753202
591.182 0.00080944
591.182 0.00080944
595.19 0.00086455
595.19 0.00086455
599.198 0.000918546
599.198 0.000918546
603.206 0.000971437
603.206 0.000971437
607.214 0.00102324
607.214 0.00102324
611.222 0.00107396
611.222 0.00107396
615.23 0.00112361
615.23 0.00112361
619.238 0.00117221
619.238 0.00117221
623.246 0.00121976
623.246 0.00121976
627.255 0.00126628
627.255 0.00126628
631.263 0.00131178
631.263 0.00131178
635.271 0.00135627
635.271 0.00135627
639.279 0.00139977
639.279 0.00139977
643.287 0.00144229
643.287 0.00144229
647.295 0.00148384
647.295 0.00148384
651.303 0.00152443
651.303 0.00152443
655.311 0.00156408
655.311 0.00156408
659.319 0.00160279
659.319 0.00160279
663.327 0.00164059
663.327 0.00164059
667.335 0.00167747
667.335 0.00167747
671.343 0.00171347
671.343 0.00171347
675.351 0.00174858
675.351 0.00174858
679.359 0.00178282
679.359 0.00178282
683.367 0.0018162
683.367 0.0018162
687.375 0.00184873
687.375 0.00184873
691.383 0.00188044
691.383 0.00188044
695.391 0.00191132
695.391 0.00191132
699.399 0.0019414
699.399 0.0019414
703.407 0.00197067
703.407 0.00197067
707.415 0.00199917
707.415 0.00199917
711.423 0.00202689
711.423 0.00202689
715.431 0.00205385
715.431 0.00205385
719.439 0.00208006
719.439 0.00208006
723.447 0.00210554
723.447 0.00210554
727.455 0.00213028
727.455 0.00213028
731.463 0.00215432
731.463 0.00215432
735.471 0.00217765
735.471 0.00217765
739.479 0.0022003
739.479 0.0022003
743.487 0.00222226
743.487 0.00222226
747.495 0.00224355
747.495 0.00224355
751.503 0.00226419
751.503 0.00226419
755.511 0.00228418
755.511 0.00228418
759.519 0.00230354
759.519 0.00230354
763.527 0.00232227
763.527 0.00232227
767.535 0.00234038
767.535 0.00234038
771.543 0.0023579
771.543 0.0023579
775.551 0.00237482
775.551 0.00237482
779.559 0.00239116
779.559 0.00239116
783.567 0.00240693
783.567 0.00240693
787.575 0.00242213
787.575 0.00242213
791.583 0.00243678
791.583 0.00243678
795.591 0.0024509
795.591 0.0024509
799.599 0.00246447
799.599 0.00246447
803.607 0.00247753
803.607 0.00247753
807.615 0.00249008
807.615 0.00249008
811.623 0.00250212
811.623 0.00250212
815.631 0.00251366
815.631 0.00251366
819.639 0.00252472
819.639 0.00252472
823.647 0.00253531
823.647 0.00253531
827.655 0.00254543
827.655 0.00254543
831.663 0.00255509
831.663 0.00255509
835.671 0.00256431
835.671 0.00256431
839.679 0.00257308
839.679 0.00257308
843.687 0.00258142
843.687 0.00258142
847.695 0.00258934
847.695 0.00258934
851.703 0.00259684
851.703 0.00259684
855.711 0.00260394
855.711 0.00260394
859.719 0.00261063
859.719 0.00261063
863.727 0.00261694
863.727 0.00261694
867.735 0.00262286
867.735 0.00262286
871.743 0.00262841
871.743 0.00262841
875.752 0.00263359
875.752 0.00263359
879.76 0.00263841
879.76 0.00263841
883.768 0.00264288
883.768 0.00264288
887.776 0.002647
887.776 0.002647
891.784 0.00265079
891.784 0.00265079
895.792 0.00265424
895.792 0.00265424
899.8 0.00265737
899.8 0.00265737
903.808 0.00266018
903.808 0.00266018
907.816 0.00266268
907.816 0.00266268
911.824 0.00266488
911.824 0.00266488
915.832 0.00266678
915.832 0.00266678
919.84 0.00266839
919.84 0.00266839
923.848 0.00266972
923.848 0.00266972
927.856 0.00267077
927.856 0.00267077
931.864 0.00267154
931.864 0.00267154
935.872 0.00267205
935.872 0.00267205
939.88 0.0026723
939.88 0.0026723
943.888 0.0026723
943.888 0.0026723
947.896 0.00267204
947.896 0.00267204
951.904 0.00267155
951.904 0.00267155
955.912 0.00267081
955.912 0.00267081
959.92 0.00266985
959.92 0.00266985
963.928 0.00266866
963.928 0.00266866
967.936 0.00266724
967.936 0.00266724
971.944 0.00266562
971.944 0.00266562
975.952 0.00266378
975.952 0.00266378
979.96 0.00266173
979.96 0.00266173
983.968 0.00265948
983.968 0.00265948
987.976 0.00265704
987.976 0.00265704
991.984 0.00265441
991.984 0.00265441
995.992 0.00265159
995.992 0.00265159
1000 0.00264859
1000 0.00264859
