-1000 -0.00580201
-1000 -0.00580201
-995.992 -0.0058603
-995.992 -0.0058603
-991.984 -0.00591753
-991.984 -0.00591753
-987.976 -0.00597368
-987.976 -0.00597368
-983.968 -0.00602871
-983.968 -0.00602871
-979.96 -0.00608257
-979.96 -0.00608257
-975.952 -0.00613524
-975.952 -0.00613524
-971.944 -0.00618666
-971.944 -0.00618666
-967.936 -0.00623682
-967.936 -0.00623682
-963.928 -0.00628567
-963.928 -0.00628567
-959.92 -0.00633318
-959.92 -0.00633318
-955.912 -0.00637932
-955.912 -0.00637932
-951.904 -0.00642404
-951.904 -0.00642404
-947.896 -0.00646733
-947.896 -0.00646733
-943.888 -0.00650915
-943.888 -0.00650915
-939.88 -0.00654946
-939.88 -0.00654946
-935.872 -0.00658824
-935.872 -0.00658824
-931.864 -0.00662546
-931.864 -0.00662546
-927.856 -0.00666109
-927.856 -0.00666109
-923.848 -0.00669511
-923.848 -0.00669511
-919.84 -0.00672748
-919.84 -0.00672748
-915.832 -0.00675819
-915.832 -0.00675819
-911.824 -0.00678721
-911.824 -0.00678721
-907.816 -0.00681452
-907.816 -0.00681452
-903.808 -0.00684009
-903.808 -0.00684009
-899.8 -0.00686392
-899.8 -0.00686392
-895.792 -0.00688597
-895.792 -0.00688597
-891.784 -0.00690623
-891.784 -0.00690623
-887.776 -0.00692469
-887.776 -0.00692469
-883.768 -0.00694133
-883.768 -0.00694133
-879.76 -0.00695614
-879.76 -0.00695614
-875.752 -0.00696911
-875.752 -0.00696911
-871.743 -0.00698022
-871.743 -0.00698022
-867.735 -0.00698947
-867.735 -0.00698947
-863.727 -0.00699685
-863.727 -0.00699685
-859.719 -0.00700236
-859.719 -0.00700236
-855.711 -0.00700598
-855.711 -0.00700598
-851.703 -0.00700773
-851.703 -0.00700773
-847.695 -0.00700759
-847.695 -0.00700759
-843.687 -0.00700556
-843.687 -0.00700556
-839.679 -0.00700165
-839.679 -0.00700165
-835.671 -0.00699587
-835.671 -0.00699587
-831.663 -0.0069882
-831.663 -0.0069882
-827.655 -0.00697867
-827.655 -0.00697867
-823.647 -0.00696728
-823.647 -0.00696728
-819.639 -0.00695404
-819.639 -0.00695404
-815.631 -0.00693895
-815.631 -0.00693895
-811.623 -0.00692204
-811.623 -0.00692204
-807.615 -0.00690331
-807.615 -0.00690331
-803.607 -0.00688277
-803.607 -0.00688277
-799.599 -0.00686046
-799.599 -0.00686046
-795.591 -0.00683637
-795.591 -0.00683637
-791.583 -0.00681053
-791.583 -0.00681053
-787.575 -0.00678297
-787.575 -0.00678297
-783.567 -0.00675369
-783.567 -0.00675369
-779.559 -0.00672273
-779.559 -0.00672273
-775.551 -0.00669011
-775.551 -0.00669011
-771.543 -0.00665585
-771.543 -0.00665585
-767.535 -0.00661998
-767.535 -0.00661998
-763.527 -0.00658252
-763.527 -0.00658252
-759.519 -0.00654351
-759.519 -0.00654351
-755.511 -0.00650297
-755.511 -0.00650297
-751.503 -0.00646093
-751.503 -0.00646093
-747.495 -0.00641742
-747.495 -0.00641742
-743.487 -0.00637248
-743.487 -0.00637248
-739.479 -0.00632614
-739.479 -0.00632614
-735.471 -0.00627843
-735.471 -0.00627843
-731.463 -0.00622938
-731.463 -0.00622938
-727.455 -0.00617903
-727.455 -0.00617903
-723.447 -0.00612741
-723.447 -0.00612741
-719.439 -0.00607457
-719.439 -0.00607457
-715.431 -0.00602053
-715.431 -0.00602053
-711.423 -0.00596533
-711.423 -0.00596533
-707.415 -0.00590902
-707.415 -0.00590902
-703.407 -0.00585162
-703.407 -0.00585162
-699.399 -0.00579318
-699.399 -0.00579318
-695.391 -0.00573373
-695.391 -0.00573373
-691.383 -0.00567332
-691.383 -0.00567332
-687.375 -0.00561197
-687.375 -0.00561197
-683.367 -0.00554974
-683.367 -0.00554974
-679.359 -0.00548665
-679.359 -0.00548665
-675.351 -0.00542276
-675.351 -0.00542276
-671.343 -0.00535809
-671.343 -0.00535809
-667.335 -0.00529269
-667.335 -0.00529269
-663.327 -0.00522659
-663.327 -0.00522659
-659.319 -0.00515983
-659.319 -0.00515983
-655.311 -0.00509246
-655.311 -0.00509246
-651.303 -0.00502451
-651.303 -0.00502451
-647.295 -0.00495601
-647.295 -0.00495601
-643.287 -0.00488702
-643.287 -0.00488702
-639.279 -0.00481756
-639.279 -0.00481756
-635.271 -0.00474767
-635.271 -0.00474767
-631.263 -0.00467739
-631.263 -0.00467739
-627.255 -0.00460675
-627.255 -0.00460675
-623.246 -0.0045358
-623.246 -0.0045358
-619.238 -0.00446456
-619.238 -0.00446456
-615.23 -0.00439307
-615.23 -0.00439307
-611.222 -0.00432138
-611.222 -0.00432138
-607.214 -0.0042495
-607.214 -0.0042495
-603.206 -0.00417748
-603.206 -0.00417748
-599.198 -0.00410535
-599.198 -0.00410535
-595.19 -0.00403313
-595.19 -0.00403313
-591.182 -0.00396087
-591.182 -0.00396087
-587.174 -0.0038886
-587.174 -0.0038886
-583.166 -0.00381633
-583.166 -0.00381633
-579.158 -0.00374412
-579.158 -0.00374412
-575.15 -0.00367197
-575.15 -0.00367197
-571.142 -0.00359993
-571.142 -0.00359993
-567.134 -0.00352802
-567.134 -0.00352802
-563.126 -0.00345627
-563.126 -0.00345627
-559.118 -0.0033847
-559.118 -0.0033847
-555.11 -0.00331334
-555.11 -0.00331334
-551.102 -0.00324221
-551.102 -0.00324221
-547.094 -0.00317135
-547.094 -0.00317135
-543.086 -0.00310077
-543.086 -0.00310077
-539.078 -0.00303049
-539.078 -0.00303049
-535.07 -0.00296054
-535.07 -0.00296054
-531.062 -0.00289095
-531.062 -0.00289095
-527.054 -0.00282172
-527.054 -0.00282172
-523.046 -0.00275288
-523.046 -0.00275288
-519.038 -0.00268446
-519.038 -0.00268446
-515.03 -0.00261646
-515.03 -0.00261646
-511.022 -0.00254891
-511.022 -0.00254891
-507.014 -0.00248182
-507.014 -0.00248182
-503.006 -0.00241521
-503.006 -0.00241521
-498.998 -0.0023491
-498.998 -0.0023491
-494.99 -0.0022835
-494.99 -0.0022835
-490.982 -0.00221842
-490.982 -0.00221842
-486.974 -0.00215389
-486.974 -0.00215389
-482.966 -0.0020899
-482.966 -0.0020899
-478.958 -0.00202648
-478.958 -0.00202648
-474.95 -0.00196364
-474.95 -0.00196364
-470.942 -0.00190138
-470.942 -0.00190138
-466.934 -0.00183972
-466.934 -0.00183972
-462.926 -0.00177867
-462.926 -0.00177867
-458.918 -0.00171824
-458.918 -0.00171824
-454.91 -0.00165843
-454.91 -0.00165843
-450.902 -0.00159926
-450.902 -0.00159926
-446.894 -0.00154073
-446.894 -0.00154073
-442.886 -0.00148284
-442.886 -0.00148284
-438.878 -0.00142561
-438.878 -0.00142561
-434.87 -0.00136905
-434.87 -0.00136905
-430.862 -0.00131314
-430.862 -0.00131314
-426.854 -0.00125791
-426.854 -0.00125791
-422.846 -0.00120335
-422.846 -0.00120335
-418.838 -0.00114947
-418.838 -0.00114947
-414.83 -0.00109628
-414.83 -0.00109628
-410.822 -0.00104377
-410.822 -0.00104377
-406.814 -0.000991944
-406.814 -0.000991944
-402.806 -0.000940811
-402.806 -0.000940811
-398.798 -0.000890369
-398.798 -0.000890369
-394.79 -0.000840619
-394.79 -0.000840619
-390.782 -0.000791563
-390.782 -0.000791563
-386.774 -0.000743201
-386.774 -0.000743201
-382.766 -0.000695533
-382.766 -0.000695533
-378.758 -0.000648558
-378.758 -0.000648558
-374.749 -0.000602277
-374.749 -0.000602277
-370.741 -0.000556688
-370.741 -0.000556688
-366.733 -0.000511789
-366.733 -0.000511789
-362.725 -0.00046758
-362.725 -0.00046758
-358.717 -0.000424058
-358.717 -0.000424058
-354.709 -0.000381221
-354.709 -0.000381221
-350.701 -0.000339067
-350.701 -0.000339067
-346.693 -0.000297593
-346.693 -0.000297593
-342.685 -0.000256796
-342.685 -0.000256796
-338.677 -0.000216673
-338.677 -0.000216673
-334.669 -0.00017722
-334.669 -0.00017722
-330.661 -0.000138434
-330.661 -0.000138434
-326.653 -0.000100311
-326.653 -0.000100311
-322.645 -6.28473e-05
-322.645 -6.28473e-05
-318.637 -2.60378e-05
-318.637 -2.60378e-05
-314.629 1.01215e-05
-314.629 1.01215e-05
-310.621 4.56353e-05
-310.621 4.56353e-05
-306.613 8.05083e-05
-306.613 8.05083e-05
-302.605 0.000114745
-302.605 0.000114745
-298.597 0.000148352
-298.597 0.000148352
-294.589 0.000181332
-294.589 0.000181332
-290.581 0.000213693
-290.581 0.000213693
-286.573 0.000245438
-286.573 0.000245438
-282.565 0.000276575
-282.565 0.000276575
-278.557 0.000307107
-278.557 0.000307107
-274.549 0.000337042
-274.549 0.000337042
-270.541 0.000366385
-270.541 0.000366385
-266.533 0.000395142
-266.533 0.000395142
-262.525 0.000423319
-262.525 0.000423319
-258.517 0.000450923
-258.517 0.000450923
-254.509 0.000477958
-254.509 0.000477958
-250.501 0.000504432
-250.501 0.000504432
-246.493 0.000530351
-246.493 0.000530351
-242.485 0.00055572
-242.485 0.00055572
-238.477 0.000580547
-238.477 0.000580547
-234.469 0.000604838
-234.469 0.000604838
-230.461 0.0006286
-230.461 0.0006286
-226.453 0.000651838
-226.453 0.000651838
-222.445 0.000674559
-222.445 0.000674559
-218.437 0.00069677
-218.437 0.00069677
-214.429 0.000718477
-214.429 0.000718477
-210.421 0.000739686
-210.421 0.000739686
-206.413 0.000760405
-206.413 0.000760405
-202.405 0.00078064
-202.405 0.00078064
-198.397 0.000800397
-198.397 0.000800397
-194.389 0.000819683
-194.389 0.000819683
-190.381 0.000838504
-190.381 0.000838504
-186.373 0.000856866
-186.373 0.000856866
-182.365 0.000874777
-182.365 0.000874777
-178.357 0.000892243
-178.357 0.000892243
-174.349 0.000909269
-174.349 0.000909269
-170.341 0.000925863
-170.341 0.000925863
-166.333 0.000942031
-166.333 0.000942031
-162.325 0.000957779
-162.325 0.000957779
-158.317 0.000973114
-158.317 0.000973114
-154.309 0.000988041
-154.309 0.000988041
-150.301 0.00100257
-150.301 0.00100257
-146.293 0.0010167
-146.293 0.0010167
-142.285 0.00103044
-142.285 0.00103044
-138.277 0.0010438
-138.277 0.0010438
-134.269 0.00105679
-134.269 0.00105679
-130.261 0.0010694
-130.261 0.0010694
-126.253 0.00108165
-126.253 0.00108165
-122.244 0.00109354
-122.244 0.00109354
-118.236 0.00110508
-118.236 0.00110508
-114.228 0.00111627
-114.228 0.00111627
-110.22 0.00112712
-110.22 0.00112712
-106.212 0.00113764
-106.212 0.00113764
-102.204 0.00114782
-102.204 0.00114782
-98.1964 0.00115769
-98.1964 0.00115769
-94.1884 0.00116723
-94.1884 0.00116723
-90.1804 0.00117646
-90.1804 0.00117646
-86.1723 0.00118538
-86.1723 0.00118538
-82.1643 0.001194
-82.1643 0.001194
-78.1563 0.00120233
-78.1563 0.00120233
-74.1483 0.00121036
-74.1483 0.00121036
-70.1403 0.00121811
-70.1403 0.00121811
-66.1323 0.00122557
-66.1323 0.00122557
-62.1242 0.00123276
-62.1242 0.00123276
-58.1162 0.00123968
-58.1162 0.00123968
-54.1082 0.00124634
-54.1082 0.00124634
-50.1002 0.00125273
-50.1002 0.00125273
-46.0922 0.00125886
-46.0922 0.00125886
-42.0842 0.00126475
-42.0842 0.00126475
-38.0762 0.00127039
-38.0762 0.00127039
-34.0681 0.00127578
-34.0681 0.00127578
-30.0601 0.00128094
-30.0601 0.00128094
-26.0521 0.00128587
-26.0521 0.00128587
-22.0441 0.00129057
-22.0441 0.00129057
-18.0361 0.00129504
-18.0361 0.00129504
-14.0281 0.00129929
-14.0281 0.00129929
-10.02 0.00130333
-10.02 0.00130333
-6.01202 0.00130716
-6.01202 0.00130716
-2.00401 0.00131078
-2.00401 0.00131078
2.00401 0.0013142
2.00401 0.0013142
6.01202 0.00131742
6.01202 0.00131742
10.02 0.00132045
10.02 0.00132045
14.0281 0.00132328
14.0281 0.00132328
18.0361 0.00132593
18.0361 0.00132593
22.0441 0.0013284
22.0441 0.0013284
26.0521 0.00133068
26.0521 0.00133068
30.0601 0.00133279
30.0601 0.00133279
34.0681 0.00133473
34.0681 0.00133473
38.0762 0.0013365
38.0762 0.0013365
42.0842 0.00133811
42.0842 0.00133811
46.0922 0.00133956
46.0922 0.00133956
50.1002 0.00134085
50.1002 0.00134085
54.1082 0.00134198
54.1082 0.00134198
58.1162 0.00134296
58.1162 0.00134296
62.1242 0.0013438
62.1242 0.0013438
66.1323 0.00134449
66.1323 0.00134449
70.1403 0.00134504
70.1403 0.00134504
74.1483 0.00134545
74.1483 0.00134545
78.1563 0.00134573
78.1563 0.00134573
82.1643 0.00134588
82.1643 0.00134588
86.1723 0.00134589
86.1723 0.00134589
90.1804 0.00134578
90.1804 0.00134578
94.1884 0.00134555
94.1884 0.00134555
98.1964 0.0013452
98.1964 0.0013452
102.204 0.00134473
102.204 0.00134473
106.212 0.00134414
106.212 0.00134414
110.22 0.00134345
110.22 0.00134345
114.228 0.00134264
114.228 0.00134264
118.236 0.00134173
118.236 0.00134173
122.244 0.00134071
122.244 0.00134071
126.253 0.00133959
126.253 0.00133959
130.261 0.00133837
130.261 0.00133837
134.269 0.00133705
134.269 0.00133705
138.277 0.00133564
138.277 0.00133564
142.285 0.00133414
142.285 0.00133414
146.293 0.00133255
146.293 0.00133255
150.301 0.00133087
150.301 0.00133087
154.309 0.0013291
154.309 0.0013291
158.317 0.00132725
158.317 0.00132725
162.325 0.00132532
162.325 0.00132532
166.333 0.00132331
166.333 0.00132331
170.341 0.00132123
170.341 0.00132123
174.349 0.00131907
174.349 0.00131907
178.357 0.00131683
178.357 0.00131683
182.365 0.00131453
182.365 0.00131453
186.373 0.00131215
186.373 0.00131215
190.381 0.00130971
190.381 0.00130971
194.389 0.0013072
194.389 0.0013072
198.397 0.00130463
198.397 0.00130463
202.405 0.001302
202.405 0.001302
206.413 0.0012993
206.413 0.0012993
210.421 0.00129655
210.421 0.00129655
214.429 0.00129374
214.429 0.00129374
218.437 0.00129088
218.437 0.00129088
222.445 0.00128796
222.445 0.00128796
226.453 0.00128499
226.453 0.00128499
230.461 0.00128197
230.461 0.00128197
234.469 0.0012789
234.469 0.0012789
238.477 0.00127579
238.477 0.00127579
242.485 0.00127263
242.485 0.00127263
246.493 0.00126942
246.493 0.00126942
250.501 0.00126617
250.501 0.00126617
254.509 0.00126288
254.509 0.00126288
258.517 0.00125954
258.517 0.00125954
262.525 0.00125617
262.525 0.00125617
266.533 0.00125276
266.533 0.00125276
270.541 0.00124932
270.541 0.00124932
274.549 0.00124583
274.549 0.00124583
278.557 0.00124232
278.557 0.00124232
282.565 0.00123877
282.565 0.00123877
286.573 0.00123519
286.573 0.00123519
290.581 0.00123158
290.581 0.00123158
294.589 0.00122794
294.589 0.00122794
298.597 0.00122427
298.597 0.00122427
302.605 0.00122057
302.605 0.00122057
306.613 0.00121685
306.613 0.00121685
310.621 0.0012131
310.621 0.0012131
314.629 0.00120932
314.629 0.00120932
318.637 0.00120553
318.637 0.00120553
322.645 0.00120171
322.645 0.00120171
326.653 0.00119787
326.653 0.00119787
330.661 0.00119401
330.661 0.00119401
334.669 0.00119013
334.669 0.00119013
338.677 0.00118623
338.677 0.00118623
342.685 0.00118231
342.685 0.00118231
346.693 0.00117838
346.693 0.00117838
350.701 0.00117443
350.701 0.00117443
354.709 0.00117046
354.709 0.00117046
358.717 0.00116648
358.717 0.00116648
362.725 0.00116249
362.725 0.00116249
366.733 0.00115848
366.733 0.00115848
370.741 0.00115446
370.741 0.00115446
374.749 0.00115043
374.749 0.00115043
378.758 0.00114638
378.758 0.00114638
382.766 0.00114233
382.766 0.00114233
386.774 0.00113827
386.774 0.00113827
390.782 0.0011342
390.782 0.0011342
394.79 0.00113012
394.79 0.00113012
398.798 0.00112603
398.798 0.00112603
402.806 0.00112194
402.806 0.00112194
406.814 0.00111784
406.814 0.00111784
410.822 0.00111373
410.822 0.00111373
414.83 0.00110962
414.83 0.00110962
418.838 0.0011055
418.838 0.0011055
422.846 0.00110138
422.846 0.00110138
426.854 0.00109726
426.854 0.00109726
430.862 0.00109313
430.862 0.00109313
434.87 0.001089
434.87 0.001089
438.878 0.00108487
438.878 0.00108487
442.886 0.00108074
442.886 0.00108074
446.894 0.00107661
446.894 0.00107661
450.902 0.00107247
450.902 0.00107247
454.91 0.00106834
454.91 0.00106834
458.918 0.0010642
458.918 0.0010642
462.926 0.00106007
462.926 0.00106007
466.934 0.00105593
466.934 0.00105593
470.942 0.0010518
470.942 0.0010518
474.95 0.00104767
474.95 0.00104767
478.958 0.00104355
478.958 0.00104355
482.966 0.00103942
482.966 0.00103942
486.974 0.0010353
486.974 0.0010353
490.982 0.00103118
490.982 0.00103118
494.99 0.00102707
494.99 0.00102707
498.998 0.00102296
498.998 0.00102296
503.006 0.00101885
503.006 0.00101885
507.014 0.00101475
507.014 0.00101475
511.022 0.00101066
511.022 0.00101066
515.03 0.00100657
515.03 0.00100657
519.038 0.00100248
519.038 0.00100248
523.046 0.000998403
523.046 0.000998403
527.054 0.000994331
527.054 0.000994331
531.062 0.000990265
531.062 0.000990265
535.07 0.000986206
535.07 0.000986206
539.078 0.000982155
539.078 0.000982155
543.086 0.00097811
543.086 0.00097811
547.094 0.000974073
547.094 0.000974073
551.102 0.000970044
551.102 0.000970044
555.11 0.000966024
555.11 0.000966024
559.118 0.000962011
559.118 0.000962011
563.126 0.000958007
563.126 0.000958007
567.134 0.000954011
567.134 0.000954011
571.142 0.000950025
571.142 0.000950025
575.15 0.000946048
575.15 0.000946048
579.158 0.00094208
579.158 0.00094208
583.166 0.000938121
583.166 0.000938121
587.174 0.000934172
587.174 0.000934172
591.182 0.000930234
591.182 0.000930234
595.19 0.000926305
595.19 0.000926305
599.198 0.000922386
599.198 0.000922386
603.206 0.000918478
603.206 0.000918478
607.214 0.00091458
607.214 0.00091458
611.222 0.000910694
611.222 0.000910694
615.23 0.000906817
615.23 0.000906817
619.238 0.000902952
619.238 0.000902952
623.246 0.000899098
623.246 0.000899098
627.255 0.000895256
627.255 0.000895256
631.263 0.000891424
631.263 0.000891424
635.271 0.000887604
635.271 0.000887604
639.279 0.000883796
639.279 0.000883796
643.287 0.00088
643.287 0.00088
647.295 0.000876215
647.295 0.000876215
651.303 0.000872443
651.303 0.000872443
655.311 0.000868682
655.311 0.000868682
659.319 0.000864934
659.319 0.000864934
663.327 0.000861197
663.327 0.000861197
667.335 0.000857474
667.335 0.000857474
671.343 0.000853762
671.343 0.000853762
675.351 0.000850063
675.351 0.000850063
679.359 0.000846377
679.359 0.000846377
683.367 0.000842703
683.367 0.000842703
687.375 0.000839043
687.375 0.000839043
691.383 0.000835394
691.383 0.000835394
695.391 0.000831759
695.391 0.000831759
699.399 0.000828137
699.399 0.000828137
703.407 0.000824528
703.407 0.000824528
707.415 0.000820932
707.415 0.000820932
711.423 0.000817349
711.423 0.000817349
715.431 0.000813779
715.431 0.000813779
719.439 0.000810222
719.439 0.000810222
723.447 0.000806679
723.447 0.000806679
727.455 0.000803149
727.455 0.000803149
731.463 0.000799632
731.463 0.000799632
735.471 0.000796129
735.471 0.000796129
739.479 0.000792639
739.479 0.000792639
743.487 0.000789163
743.487 0.000789163
747.495 0.0007857
747.495 0.0007857
751.503 0.000782251
751.503 0.000782251
755.511 0.000778815
755.511 0.000778815
759.519 0.000775393
759.519 0.000775393
763.527 0.000771984
763.527 0.000771984
767.535 0.000768589
767.535 0.000768589
771.543 0.000765208
771.543 0.000765208
775.551 0.00076184
775.551 0.00076184
779.559 0.000758486
779.559 0.000758486
783.567 0.000755146
783.567 0.000755146
787.575 0.000751819
787.575 0.000751819
791.583 0.000748506
791.583 0.000748506
795.591 0.000745207
795.591 0.000745207
799.599 0.000741922
799.599 0.000741922
803.607 0.00073865
803.607 0.00073865
807.615 0.000735392
807.615 0.000735392
811.623 0.000732147
811.623 0.000732147
815.631 0.000728917
815.631 0.000728917
819.639 0.0007257
819.639 0.0007257
823.647 0.000722497
823.647 0.000722497
827.655 0.000719307
827.655 0.000719307
831.663 0.000716131
831.663 0.000716131
835.671 0.000712969
835.671 0.000712969
839.679 0.000709821
839.679 0.000709821
843.687 0.000706686
843.687 0.000706686
847.695 0.000703565
847.695 0.000703565
851.703 0.000700457
851.703 0.000700457
855.711 0.000697363
855.711 0.000697363
859.719 0.000694283
859.719 0.000694283
863.727 0.000691217
863.727 0.000691217
867.735 0.000688164
867.735 0.000688164
871.743 0.000685124
871.743 0.000685124
875.752 0.000682098
875.752 0.000682098
879.76 0.000679086
879.76 0.000679086
883.768 0.000676087
883.768 0.000676087
887.776 0.000673101
887.776 0.000673101
891.784 0.000670129
891.784 0.000670129
895.792 0.00066717
895.792 0.00066717
899.8 0.000664225
899.8 0.000664225
903.808 0.000661293
903.808 0.000661293
907.816 0.000658375
907.816 0.000658375
911.824 0.00065547
911.824 0.00065547
915.832 0.000652578
915.832 0.000652578
919.84 0.000649699
919.84 0.000649699
923.848 0.000646833
923.848 0.000646833
927.856 0.000643981
927.856 0.000643981
931.864 0.000641142
931.864 0.000641142
935.872 0.000638316
935.872 0.000638316
939.88 0.000635503
939.88 0.000635503
943.888 0.000632703
943.888 0.000632703
947.896 0.000629916
947.896 0.000629916
951.904 0.000627142
951.904 0.000627142
955.912 0.000624382
955.912 0.000624382
959.92 0.000621633
959.92 0.000621633
963.928 0.000618898
963.928 0.000618898
967.936 0.000616176
967.936 0.000616176
971.944 0.000613466
971.944 0.000613466
975.952 0.00061077
975.952 0.00061077
979.96 0.000608086
979.96 0.000608086
983.968 0.000605414
983.968 0.000605414
987.976 0.000602756
987.976 0.000602756
991.984 0.000600109
991.984 0.000600109
995.992 0.000597476
995.992 0.000597476
1000 0.000594855
1000 0.000594855
