-1000 0.0017953
-1000 0.0017953
-995.992 0.00180184
-995.992 0.00180184
-991.984 0.00180826
-991.984 0.00180826
-987.976 0.00181454
-987.976 0.00181454
-983.968 0.00182068
-983.968 0.00182068
-979.96 0.00182668
-979.96 0.00182668
-975.952 0.00183253
-975.952 0.00183253
-971.944 0.00183822
-971.944 0.00183822
-967.936 0.00184374
-967.936 0.00184374
-963.928 0.00184909
-963.928 0.00184909
-959.92 0.00185427
-959.92 0.00185427
-955.912 0.00185926
-955.912 0.00185926
-951.904 0.00186406
-951.904 0.00186406
-947.896 0.00186866
-947.896 0.00186866
-943.888 0.00187305
-943.888 0.00187305
-939.88 0.00187722
-939.88 0.00187722
-935.872 0.00188118
-935.872 0.00188118
-931.864 0.0018849
-931.864 0.0018849
-927.856 0.00188837
-927.856 0.00188837
-923.848 0.0018916
-923.848 0.0018916
-919.84 0.00189457
-919.84 0.00189457
-915.832 0.00189728
-915.832 0.00189728
-911.824 0.0018997
-911.824 0.0018997
-907.816 0.00190184
-907.816 0.00190184
-903.808 0.00190369
-903.808 0.00190369
-899.8 0.00190522
-899.8 0.00190522
-895.792 0.00190644
-895.792 0.00190644
-891.784 0.00190733
-891.784 0.00190733
-887.776 0.00190788
-887.776 0.00190788
-883.768 0.00190809
-883.768 0.00190809
-879.76 0.00190793
-879.76 0.00190793
-875.752 0.0019074
-875.752 0.0019074
-871.743 0.00190648
-871.743 0.00190648
-867.735 0.00190517
-867.735 0.00190517
-863.727 0.00190345
-863.727 0.00190345
-859.719 0.0019013
-859.719 0.0019013
-855.711 0.00189873
-855.711 0.00189873
-851.703 0.0018957
-851.703 0.0018957
-847.695 0.00189221
-847.695 0.00189221
-843.687 0.00188825
-843.687 0.00188825
-839.679 0.0018838
-839.679 0.0018838
-835.671 0.00187884
-835.671 0.00187884
-831.663 0.00187336
-831.663 0.00187336
-827.655 0.00186736
-827.655 0.00186736
-823.647 0.0018608
-823.647 0.0018608
-819.639 0.00185368
-819.639 0.00185368
-815.631 0.00184598
-815.631 0.00184598
-811.623 0.00183769
-811.623 0.00183769
-807.615 0.00182879
-807.615 0.00182879
-803.607 0.00181925
-803.607 0.00181925
-799.599 0.00180907
-799.599 0.00180907
-795.591 0.00179823
-795.591 0.00179823
-791.583 0.00178671
-791.583 0.00178671
-787.575 0.0017745
-787.575 0.0017745
-783.567 0.00176156
-783.567 0.00176156
-779.559 0.0017479
-779.559 0.0017479
-775.551 0.00173348
-775.551 0.00173348
-771.543 0.0017183
-771.543 0.0017183
-767.535 0.00170232
-767.535 0.00170232
-763.527 0.00168554
-763.527 0.00168554
-759.519 0.00166793
-759.519 0.00166793
-755.511 0.00164947
-755.511 0.00164947
-751.503 0.00163014
-751.503 0.00163014
-747.495 0.00160993
-747.495 0.00160993
-743.487 0.00158881
-743.487 0.00158881
-739.479 0.00156676
-739.479 0.00156676
-735.471 0.00154377
-735.471 0.00154377
-731.463 0.0015198
-731.463 0.0015198
-727.455 0.00149485
-727.455 0.00149485
-723.447 0.00146888
-723.447 0.00146888
-719.439 0.00144188
-719.439 0.00144188
-715.431 0.00141383
-715.431 0.00141383
-711.423 0.0013847
-711.423 0.0013847
-707.415 0.00135448
-707.415 0.00135448
-703.407 0.00132314
-703.407 0.00132314
-699.399 0.00129066
-699.399 0.00129066
-695.391 0.00125701
-695.391 0.00125701
-691.383 0.00122219
-691.383 0.00122219
-687.375 0.00118616
-687.375 0.00118616
-683.367 0.00114891
-683.367 0.00114891
-679.359 0.00111041
-679.359 0.00111041
-675.351 0.00107064
-675.351 0.00107064
-671.343 0.00102958
-671.343 0.00102958
-667.335 0.000987218
-667.335 0.000987218
-663.327 0.000943521
-663.327 0.000943521
-659.319 0.000898472
-659.319 0.000898472
-655.311 0.000852053
-655.311 0.000852053
-651.303 0.000804242
-651.303 0.000804242
-647.295 0.00075502
-647.295 0.00075502
-643.287 0.000704369
-643.287 0.000704369
-639.279 0.000652269
-639.279 0.000652269
-635.271 0.000598702
-635.271 0.000598702
-631.263 0.000543651
-631.263 0.000543651
-627.255 0.000487097
-627.255 0.000487097
-623.246 0.000429026
-623.246 0.000429026
-619.238 0.000369419
-619.238 0.000369419
-615.23 0.000308264
-615.23 0.000308264
-611.222 0.000245543
-611.222 0.000245543
-607.214 0.000181245
-607.214 0.000181245
-603.206 0.000115356
-603.206 0.000115356
-599.198 4.78638e-05
-599.198 4.78638e-05
-595.19 -2.12425e-05
-595.19 -2.12425e-05
-591.182 -9.1973e-05
-591.182 -9.1973e-05
-587.174 -0.000164337
-587.174 -0.000164337
-583.166 -0.000238341
-583.166 -0.000238341
-579.158 -0.000313994
-579.158 -0.000313994
-575.15 -0.0003913
-575.15 -0.0003913
-571.142 -0.000470264
-571.142 -0.000470264
-567.134 -0.000550888
-567.134 -0.000550888
-563.126 -0.000633174
-563.126 -0.000633174
-559.118 -0.000717121
-559.118 -0.000717121
-555.11 -0.00080273
-555.11 -0.00080273
-551.102 -0.000889995
-551.102 -0.000889995
-547.094 -0.000978913
-547.094 -0.000978913
-543.086 -0.00106948
-543.086 -0.00106948
-539.078 -0.00116168
-539.078 -0.00116168
-535.07 -0.00125551
-535.07 -0.00125551
-531.062 -0.00135095
-531.062 -0.00135095
-527.054 -0.001448
-527.054 -0.001448
-523.046 -0.00154663
-523.046 -0.00154663
-519.038 -0.00164683
-519.038 -0.00164683
-515.03 -0.00174858
-515.03 -0.00174858
-511.022 -0.00185185
-511.022 -0.00185185
-507.014 -0.00195662
-507.014 -0.00195662
-503.006 -0.00206287
-503.006 -0.00206287
-498.998 -0.00217056
-498.998 -0.00217056
-494.99 -0.00227966
-494.99 -0.00227966
-490.982 -0.00239014
-490.982 -0.00239014
-486.974 -0.00250197
-486.974 -0.00250197
-482.966 -0.0026151
-482.966 -0.0026151
-478.958 -0.00272949
-478.958 -0.00272949
-474.95 -0.0028451
-474.95 -0.0028451
-470.942 -0.00296189
-470.942 -0.00296189
-466.934 -0.00307979
-466.934 -0.00307979
-462.926 -0.00319877
-462.926 -0.00319877
-458.918 -0.00331877
-458.918 -0.00331877
-454.91 -0.00343972
-454.91 -0.00343972
-450.902 -0.00356158
-450.902 -0.00356158
-446.894 -0.00368428
-446.894 -0.00368428
-442.886 -0.00380775
-442.886 -0.00380775
-438.878 -0.00393192
-438.878 -0.00393192
-434.87 -0.00405674
-434.87 -0.00405674
-430.862 -0.00418212
-430.862 -0.00418212
-426.854 -0.00430798
-426.854 -0.00430798
-422.846 -0.00443427
-422.846 -0.00443427
-418.838 -0.00456088
-418.838 -0.00456088
-414.83 -0.00468774
-414.83 -0.00468774
-410.822 -0.00481477
-410.822 -0.00481477
-406.814 -0.00494188
-406.814 -0.00494188
-402.806 -0.00506898
-402.806 -0.00506898
-398.798 -0.00519598
-398.798 -0.00519598
-394.79 -0.00532278
-394.79 -0.00532278
-390.782 -0.0054493
-390.782 -0.0054493
-386.774 -0.00557543
-386.774 -0.00557543
-382.766 -0.00570107
-382.766 -0.00570107
-378.758 -0.00582613
-378.758 -0.00582613
-374.749 -0.00595051
-374.749 -0.00595051
-370.741 -0.0060741
-370.741 -0.0060741
-366.733 -0.0061968
-366.733 -0.0061968
-362.725 -0.0063185
-362.725 -0.0063185
-358.717 -0.0064391
-358.717 -0.0064391
-354.709 -0.00655849
-354.709 -0.00655849
-350.701 -0.00667656
-350.701 -0.00667656
-346.693 -0.0067932
-346.693 -0.0067932
-342.685 -0.00690832
-342.685 -0.00690832
-338.677 -0.00702179
-338.677 -0.00702179
-334.669 -0.00713351
-334.669 -0.00713351
-330.661 -0.00724338
-330.661 -0.00724338
-326.653 -0.00735128
-326.653 -0.00735128
-322.645 -0.00745712
-322.645 -0.00745712
-318.637 -0.00756077
-318.637 -0.00756077
-314.629 -0.00766214
-314.629 -0.00766214
-310.621 -0.00776113
-310.621 -0.00776113
-306.613 -0.00785762
-306.613 -0.00785762
-302.605 -0.00795153
-302.605 -0.00795153
-298.597 -0.00804275
-298.597 -0.00804275
-294.589 -0.00813118
-294.589 -0.00813118
-290.581 -0.00821674
-290.581 -0.00821674
-286.573 -0.00829931
-286.573 -0.00829931
-282.565 -0.00837883
-282.565 -0.00837883
-278.557 -0.00845519
-278.557 -0.00845519
-274.549 -0.00852831
-274.549 -0.00852831
-270.541 -0.00859812
-270.541 -0.00859812
-266.533 -0.00866453
-266.533 -0.00866453
-262.525 -0.00872746
-262.525 -0.00872746
-258.517 -0.00878686
-258.517 -0.00878686
-254.509 -0.00884264
-254.509 -0.00884264
-250.501 -0.00889474
-250.501 -0.00889474
-246.493 -0.00894311
-246.493 -0.00894311
-242.485 -0.00898768
-242.485 -0.00898768
-238.477 -0.00902841
-238.477 -0.00902841
-234.469 -0.00906525
-234.469 -0.00906525
-230.461 -0.00909815
-230.461 -0.00909815
-226.453 -0.00912707
-226.453 -0.00912707
-222.445 -0.00915199
-222.445 -0.00915199
-218.437 -0.00917287
-218.437 -0.00917287
-214.429 -0.00918969
-214.429 -0.00918969
-210.421 -0.00920242
-210.421 -0.00920242
-206.413 -0.00921105
-206.413 -0.00921105
-202.405 -0.00921558
-202.405 -0.00921558
-198.397 -0.00921599
-198.397 -0.00921599
-194.389 -0.00921229
-194.389 -0.00921229
-190.381 -0.00920447
-190.381 -0.00920447
-186.373 -0.00919256
-186.373 -0.00919256
-182.365 -0.00917656
-182.365 -0.00917656
-178.357 -0.00915649
-178.357 -0.00915649
-174.349 -0.00913238
-174.349 -0.00913238
-170.341 -0.00910425
-170.341 -0.00910425
-166.333 -0.00907214
-166.333 -0.00907214
-162.325 -0.00903609
-162.325 -0.00903609
-158.317 -0.00899614
-158.317 -0.00899614
-154.309 -0.00895233
-154.309 -0.00895233
-150.301 -0.00890471
-150.301 -0.00890471
-146.293 -0.00885335
-146.293 -0.00885335
-142.285 -0.0087983
-142.285 -0.0087983
-138.277 -0.00873963
-138.277 -0.00873963
-134.269 -0.00867739
-134.269 -0.00867739
-130.261 -0.00861167
-130.261 -0.00861167
-126.253 -0.00854254
-126.253 -0.00854254
-122.244 -0.00847007
-122.244 -0.00847007
-118.236 -0.00839435
-118.236 -0.00839435
-114.228 -0.00831546
-114.228 -0.00831546
-110.22 -0.00823349
-110.22 -0.00823349
-106.212 -0.00814853
-106.212 -0.00814853
-102.204 -0.00806066
-102.204 -0.00806066
-98.1964 -0.00796999
-98.1964 -0.00796999
-94.1884 -0.00787662
-94.1884 -0.00787662
-90.1804 -0.00778063
-90.1804 -0.00778063
-86.1723 -0.00768213
-86.1723 -0.00768213
-82.1643 -0.00758123
-82.1643 -0.00758123
-78.1563 -0.00747802
-78.1563 -0.00747802
-74.1483 -0.00737262
-74.1483 -0.00737262
-70.1403 -0.00726512
-70.1403 -0.00726512
-66.1323 -0.00715564
-66.1323 -0.00715564
-62.1242 -0.00704428
-62.1242 -0.00704428
-58.1162 -0.00693115
-58.1162 -0.00693115
-54.1082 -0.00681635
-54.1082 -0.00681635
-50.1002 -0.0067
-50.1002 -0.0067
-46.0922 -0.00658221
-46.0922 -0.00658221
-42.0842 -0.00646308
-42.0842 -0.00646308
-38.0762 -0.00634271
-38.0762 -0.00634271
-34.0681 -0.00622122
-34.0681 -0.00622122
-30.0601 -0.00609872
-30.0601 -0.00609872
-26.0521 -0.0059753
-26.0521 -0.0059753
-22.0441 -0.00585107
-22.0441 -0.00585107
-18.0361 -0.00572613
-18.0361 -0.00572613
-14.0281 -0.0056006
-14.0281 -0.0056006
-10.02 -0.00547456
-10.02 -0.00547456
-6.01202 -0.00534811
-6.01202 -0.00534811
-2.00401 -0.00522136
-2.00401 -0.00522136
2.00401 -0.00509439
2.00401 -0.00509439
6.01202 -0.0049673
6.01202 -0.0049673
10.02 -0.00484019
10.02 -0.00484019
14.0281 -0.00471314
14.0281 -0.00471314
18.0361 -0.00458623
18.0361 -0.00458623
22.0441 -0.00445956
22.0441 -0.00445956
26.0521 -0.00433321
26.0521 -0.00433321
30.0601 -0.00420725
30.0601 -0.00420725
34.0681 -0.00408177
34.0681 -0.00408177
38.0762 -0.00395684
38.0762 -0.00395684
42.0842 -0.00383253
42.0842 -0.00383253
46.0922 -0.00370891
46.0922 -0.00370891
50.1002 -0.00358605
50.1002 -0.00358605
54.1082 -0.00346402
54.1082 -0.00346402
58.1162 -0.00334288
58.1162 -0.00334288
62.1242 -0.00322269
62.1242 -0.00322269
66.1323 -0.00310351
66.1323 -0.00310351
70.1403 -0.00298538
70.1403 -0.00298538
74.1483 -0.00286837
74.1483 -0.00286837
78.1563 -0.00275252
78.1563 -0.00275252
82.1643 -0.00263788
82.1643 -0.00263788
86.1723 -0.00252449
86.1723 -0.00252449
90.1804 -0.0024124
90.1804 -0.0024124
94.1884 -0.00230165
94.1884 -0.00230165
98.1964 -0.00219227
98.1964 -0.00219227
102.204 -0.00208429
102.204 -0.00208429
106.212 -0.00197775
106.212 -0.00197775
110.22 -0.00187268
110.22 -0.00187268
114.228 -0.00176911
114.228 -0.00176911
118.236 -0.00166706
118.236 -0.00166706
122.244 -0.00156654
122.244 -0.00156654
126.253 -0.0014676
126.253 -0.0014676
130.261 -0.00137023
130.261 -0.00137023
134.269 -0.00127447
134.269 -0.00127447
138.277 -0.00118031
138.277 -0.00118031
142.285 -0.00108779
142.285 -0.00108779
146.293 -0.000996894
146.293 -0.000996894
150.301 -0.000907647
150.301 -0.000907647
154.309 -0.00082005
154.309 -0.00082005
158.317 -0.00073411
158.317 -0.00073411
162.325 -0.00064983
162.325 -0.00064983
166.333 -0.000567212
166.333 -0.000567212
170.341 -0.000486256
170.341 -0.000486256
174.349 -0.00040696
174.349 -0.00040696
178.357 -0.000329323
178.357 -0.000329323
182.365 -0.00025334
182.365 -0.00025334
186.373 -0.000179006
186.373 -0.000179006
190.381 -0.000106315
190.381 -0.000106315
194.389 -3.52583e-05
194.389 -3.52583e-05
198.397 3.4172e-05
198.397 3.4172e-05
202.405 0.000101986
202.405 0.000101986
206.413 0.000168195
206.413 0.000168195
210.421 0.00023281
210.421 0.00023281
214.429 0.000295845
214.429 0.000295845
218.437 0.000357313
218.437 0.000357313
222.445 0.000417228
222.445 0.000417228
226.453 0.000475605
226.453 0.000475605
230.461 0.000532461
230.461 0.000532461
234.469 0.000587811
234.469 0.000587811
238.477 0.000641673
238.477 0.000641673
242.485 0.000694065
242.485 0.000694065
246.493 0.000745005
246.493 0.000745005
250.501 0.000794511
250.501 0.000794511
254.509 0.000842602
254.509 0.000842602
258.517 0.000889299
258.517 0.000889299
262.525 0.00093462
262.525 0.00093462
266.533 0.000978586
266.533 0.000978586
270.541 0.00102122
270.541 0.00102122
274.549 0.00106253
274.549 0.00106253
278.557 0.00110256
278.557 0.00110256
282.565 0.00114131
282.565 0.00114131
286.573 0.00117881
286.573 0.00117881
290.581 0.00121508
290.581 0.00121508
294.589 0.00125015
294.589 0.00125015
298.597 0.00128402
298.597 0.00128402
302.605 0.00131673
302.605 0.00131673
306.613 0.0013483
306.613 0.0013483
310.621 0.00137875
310.621 0.00137875
314.629 0.00140809
314.629 0.00140809
318.637 0.00143636
318.637 0.00143636
322.645 0.00146356
322.645 0.00146356
326.653 0.00148973
326.653 0.00148973
330.661 0.00151489
330.661 0.00151489
334.669 0.00153905
334.669 0.00153905
338.677 0.00156224
338.677 0.00156224
342.685 0.00158448
342.685 0.00158448
346.693 0.00160578
346.693 0.00160578
350.701 0.00162617
350.701 0.00162617
354.709 0.00164567
354.709 0.00164567
358.717 0.0016643
358.717 0.0016643
362.725 0.00168208
362.725 0.00168208
366.733 0.00169903
366.733 0.00169903
370.741 0.00171517
370.741 0.00171517
374.749 0.00173051
374.749 0.00173051
378.758 0.00174508
378.758 0.00174508
382.766 0.00175889
382.766 0.00175889
386.774 0.00177197
386.774 0.00177197
390.782 0.00178433
390.782 0.00178433
394.79 0.00179598
394.79 0.00179598
398.798 0.00180696
398.798 0.00180696
402.806 0.00181727
402.806 0.00181727
406.814 0.00182693
406.814 0.00182693
410.822 0.00183596
410.822 0.00183596
414.83 0.00184437
414.83 0.00184437
418.838 0.00185219
418.838 0.00185219
422.846 0.00185942
422.846 0.00185942
426.854 0.00186609
426.854 0.00186609
430.862 0.00187221
430.862 0.00187221
434.87 0.00187779
434.87 0.00187779
438.878 0.00188284
438.878 0.00188284
442.886 0.0018874
442.886 0.0018874
446.894 0.00189146
446.894 0.00189146
450.902 0.00189504
450.902 0.00189504
454.91 0.00189816
454.91 0.00189816
458.918 0.00190082
458.918 0.00190082
462.926 0.00190305
462.926 0.00190305
466.934 0.00190486
466.934 0.00190486
470.942 0.00190625
470.942 0.00190625
474.95 0.00190725
474.95 0.00190725
478.958 0.00190785
478.958 0.00190785
482.966 0.00190809
482.966 0.00190809
486.974 0.00190795
486.974 0.00190795
490.982 0.00190747
490.982 0.00190747
494.99 0.00190665
494.99 0.00190665
498.998 0.00190549
498.998 0.00190549
503.006 0.00190402
503.006 0.00190402
507.014 0.00190224
507.014 0.00190224
511.022 0.00190016
511.022 0.00190016
515.03 0.00189779
515.03 0.00189779
519.038 0.00189514
519.038 0.00189514
523.046 0.00189222
523.046 0.00189222
527.054 0.00188904
527.054 0.00188904
531.062 0.00188561
531.062 0.00188561
535.07 0.00188194
535.07 0.00188194
539.078 0.00187803
539.078 0.00187803
543.086 0.0018739
543.086 0.0018739
547.094 0.00186955
547.094 0.00186955
551.102 0.001865
551.102 0.001865
555.11 0.00186024
555.11 0.00186024
559.118 0.00185528
559.118 0.00185528
563.126 0.00185014
563.126 0.00185014
567.134 0.00184482
567.134 0.00184482
571.142 0.00183933
571.142 0.00183933
575.15 0.00183368
575.15 0.00183368
579.158 0.00182786
579.158 0.00182786
583.166 0.00182189
583.166 0.00182189
587.174 0.00181578
587.174 0.00181578
591.182 0.00180953
591.182 0.00180953
595.19 0.00180314
595.19 0.00180314
599.198 0.00179662
599.198 0.00179662
603.206 0.00178998
603.206 0.00178998
607.214 0.00178323
607.214 0.00178323
611.222 0.00177636
611.222 0.00177636
615.23 0.00176939
615.23 0.00176939
619.238 0.00176231
619.238 0.00176231
623.246 0.00175514
623.246 0.00175514
627.255 0.00174788
627.255 0.00174788
631.263 0.00174052
631.263 0.00174052
635.271 0.00173309
635.271 0.00173309
639.279 0.00172558
639.279 0.00172558
643.287 0.00171799
643.287 0.00171799
647.295 0.00171034
647.295 0.00171034
651.303 0.00170262
651.303 0.00170262
655.311 0.00169483
655.311 0.00169483
659.319 0.00168699
659.319 0.00168699
663.327 0.00167909
663.327 0.00167909
667.335 0.00167115
667.335 0.00167115
671.343 0.00166315
671.343 0.00166315
675.351 0.00165511
675.351 0.00165511
679.359 0.00164703
679.359 0.00164703
683.367 0.00163891
683.367 0.00163891
687.375 0.00163076
687.375 0.00163076
691.383 0.00162257
691.383 0.00162257
695.391 0.00161436
695.391 0.00161436
699.399 0.00160611
699.399 0.00160611
703.407 0.00159785
703.407 0.00159785
707.415 0.00158956
707.415 0.00158956
711.423 0.00158126
711.423 0.00158126
715.431 0.00157294
715.431 0.00157294
719.439 0.0015646
719.439 0.0015646
723.447 0.00155626
723.447 0.00155626
727.455 0.0015479
727.455 0.0015479
731.463 0.00153954
731.463 0.00153954
735.471 0.00153117
735.471 0.00153117
739.479 0.0015228
739.479 0.0015228
743.487 0.00151442
743.487 0.00151442
747.495 0.00150605
747.495 0.00150605
751.503 0.00149768
751.503 0.00149768
755.511 0.00148931
755.511 0.00148931
759.519 0.00148095
759.519 0.00148095
763.527 0.0014726
763.527 0.0014726
767.535 0.00146425
767.535 0.00146425
771.543 0.00145592
771.543 0.00145592
775.551 0.0014476
775.551 0.0014476
779.559 0.00143929
779.559 0.00143929
783.567 0.00143099
783.567 0.00143099
787.575 0.00142271
787.575 0.00142271
791.583 0.00141445
791.583 0.00141445
795.591 0.00140621
795.591 0.00140621
799.599 0.00139798
799.599 0.00139798
803.607 0.00138978
803.607 0.00138978
807.615 0.00138159
807.615 0.00138159
811.623 0.00137343
811.623 0.00137343
815.631 0.0013653
815.631 0.0013653
819.639 0.00135718
819.639 0.00135718
823.647 0.0013491
823.647 0.0013491
827.655 0.00134103
827.655 0.00134103
831.663 0.001333
831.663 0.001333
835.671 0.00132499
835.671 0.00132499
839.679 0.00131702
839.679 0.00131702
843.687 0.00130907
843.687 0.00130907
847.695 0.00130115
847.695 0.00130115
851.703 0.00129326
851.703 0.00129326
855.711 0.0012854
855.711 0.0012854
859.719 0.00127758
859.719 0.00127758
863.727 0.00126978
863.727 0.00126978
867.735 0.00126202
867.735 0.00126202
871.743 0.0012543
871.743 0.0012543
875.752 0.0012466
875.752 0.0012466
879.76 0.00123894
879.76 0.00123894
883.768 0.00123132
883.768 0.00123132
887.776 0.00122373
887.776 0.00122373
891.784 0.00121618
891.784 0.00121618
895.792 0.00120866
895.792 0.00120866
899.8 0.00120118
899.8 0.00120118
903.808 0.00119374
903.808 0.00119374
907.816 0.00118633
907.816 0.00118633
911.824 0.00117896
911.824 0.00117896
915.832 0.00117163
915.832 0.00117163
919.84 0.00116433
919.84 0.00116433
923.848 0.00115708
923.848 0.00115708
927.856 0.00114986
927.856 0.00114986
931.864 0.00114268
931.864 0.00114268
935.872 0.00113554
935.872 0.00113554
939.88 0.00112844
939.88 0.00112844
943.888 0.00112137
943.888 0.00112137
947.896 0.00111435
947.896 0.00111435
951.904 0.00110736
951.904 0.00110736
955.912 0.00110042
955.912 0.00110042
959.92 0.00109351
959.92 0.00109351
963.928 0.00108665
963.928 0.00108665
967.936 0.00107982
967.936 0.00107982
971.944 0.00107303
971.944 0.00107303
975.952 0.00106628
975.952 0.00106628
979.96 0.00105958
979.96 0.00105958
983.968 0.00105291
983.968 0.00105291
987.976 0.00104628
987.976 0.00104628
991.984 0.00103969
991.984 0.00103969
995.992 0.00103314
995.992 0.00103314
1000 0.00102663
1000 0.00102663
