-1000 -0.00175492
-1000 -0.00175492
-995.992 -0.00181889
-995.992 -0.00181889
-991.984 -0.00188336
-991.984 -0.00188336
-987.976 -0.00194829
-987.976 -0.00194829
-983.968 -0.00201365
-983.968 -0.00201365
-979.96 -0.0020794
-979.96 -0.0020794
-975.952 -0.0021455
-975.952 -0.0021455
-971.944 -0.00221191
-971.944 -0.00221191
-967.936 -0.00227859
-967.936 -0.00227859
-963.928 -0.0023455
-963.928 -0.0023455
-959.92 -0.00241259
-959.92 -0.00241259
-955.912 -0.00247981
-955.912 -0.00247981
-951.904 -0.00254712
-951.904 -0.00254712
-947.896 -0.00261446
-947.896 -0.00261446
-943.888 -0.0026818
-943.888 -0.0026818
-939.88 -0.00274907
-939.88 -0.00274907
-935.872 -0.00281622
-935.872 -0.00281622
-931.864 -0.00288321
-931.864 -0.00288321
-927.856 -0.00294997
-927.856 -0.00294997
-923.848 -0.00301644
-923.848 -0.00301644
-919.84 -0.00308258
-919.84 -0.00308258
-915.832 -0.00314832
-915.832 -0.00314832
-911.824 -0.00321361
-911.824 -0.00321361
-907.816 -0.00327838
-907.816 -0.00327838
-903.808 -0.00334258
-903.808 -0.00334258
-899.8 -0.00340614
-899.8 -0.00340614
-895.792 -0.003469
-895.792 -0.003469
-891.784 -0.0035311
-891.784 -0.0035311
-887.776 -0.00359238
-887.776 -0.00359238
-883.768 -0.00365278
-883.768 -0.00365278
-879.76 -0.00371223
-879.76 -0.00371223
-875.752 -0.00377067
-875.752 -0.00377067
-871.743 -0.00382804
-871.743 -0.00382804
-867.735 -0.00388428
-867.735 -0.00388428
-863.727 -0.00393932
-863.727 -0.00393932
-859.719 -0.00399311
-859.719 -0.00399311
-855.711 -0.00404559
-855.711 -0.00404559
-851.703 -0.00409669
-851.703 -0.00409669
-847.695 -0.00414635
-847.695 -0.00414635
-843.687 -0.00419453
-843.687 -0.00419453
-839.679 -0.00424115
-839.679 -0.00424115
-835.671 -0.00428618
-835.671 -0.00428618
-831.663 -0.00432954
-831.663 -0.00432954
-827.655 -0.0043712
-827.655 -0.0043712
-823.647 -0.0044111
-823.647 -0.0044111
-819.639 -0.00444919
-819.639 -0.00444919
-815.631 -0.00448542
-815.631 -0.00448542
-811.623 -0.00451975
-811.623 -0.00451975
-807.615 -0.00455213
-807.615 -0.00455213
-803.607 -0.00458253
-803.607 -0.00458253
-799.599 -0.0046109
-799.599 -0.0046109
-795.591 -0.00463722
-795.591 -0.00463722
-791.583 -0.00466144
-791.583 -0.00466144
-787.575 -0.00468353
-787.575 -0.00468353
-783.567 -0.00470347
-783.567 -0.00470347
-779.559 -0.00472122
-779.559 -0.00472122
-775.551 -0.00473677
-775.551 -0.00473677
-771.543 -0.0047501
-771.543 -0.0047501
-767.535 -0.00476119
-767.535 -0.00476119
-763.527 -0.00477002
-763.527 -0.00477002
-759.519 -0.00477658
-759.519 -0.00477658
-755.511 -0.00478086
-755.511 -0.00478086
-751.503 -0.00478286
-751.503 -0.00478286
-747.495 -0.00478257
-747.495 -0.00478257
-743.487 -0.00478
-743.487 -0.00478
-739.479 -0.00477515
-739.479 -0.00477515
-735.471 -0.00476802
-735.471 -0.00476802
-731.463 -0.00475863
-731.463 -0.00475863
-727.455 -0.00474698
-727.455 -0.00474698
-723.447 -0.00473309
-723.447 -0.00473309
-719.439 -0.00471699
-719.439 -0.00471699
-715.431 -0.00469869
-715.431 -0.00469869
-711.423 -0.00467821
-711.423 -0.00467821
-707.415 -0.00465558
-707.415 -0.00465558
-703.407 -0.00463083
-703.407 -0.00463083
-699.399 -0.004604
-699.399 -0.004604
-695.391 -0.00457512
-695.391 -0.00457512
-691.383 -0.00454422
-691.383 -0.00454422
-687.375 -0.00451135
-687.375 -0.00451135
-683.367 -0.00447654
-683.367 -0.00447654
-679.359 -0.00443984
-679.359 -0.00443984
-675.351 -0.00440129
-675.351 -0.00440129
-671.343 -0.00436095
-671.343 -0.00436095
-667.335 -0.00431886
-667.335 -0.00431886
-663.327 -0.00427507
-663.327 -0.00427507
-659.319 -0.00422965
-659.319 -0.00422965
-655.311 -0.00418263
-655.311 -0.00418263
-651.303 -0.00413407
-651.303 -0.00413407
-647.295 -0.00408404
-647.295 -0.00408404
-643.287 -0.0040326
-643.287 -0.0040326
-639.279 -0.00397979
-639.279 -0.00397979
-635.271 -0.00392568
-635.271 -0.00392568
-631.263 -0.00387033
-631.263 -0.00387033
-627.255 -0.0038138
-627.255 -0.0038138
-623.246 -0.00375616
-623.246 -0.00375616
-619.238 -0.00369746
-619.238 -0.00369746
-615.23 -0.00363777
-615.23 -0.00363777
-611.222 -0.00357714
-611.222 -0.00357714
-607.214 -0.00351565
-607.214 -0.00351565
-603.206 -0.00345335
-603.206 -0.00345335
-599.198 -0.00339031
-599.198 -0.00339031
-595.19 -0.00332659
-595.19 -0.00332659
-591.182 -0.00326224
-591.182 -0.00326224
-587.174 -0.00319734
-587.174 -0.00319734
-583.166 -0.00313193
-583.166 -0.00313193
-579.158 -0.00306608
-579.158 -0.00306608
-575.15 -0.00299985
-575.15 -0.00299985
-571.142 -0.0029333
-571.142 -0.0029333
-567.134 -0.00286648
-567.134 -0.00286648
-563.126 -0.00279945
-563.126 -0.00279945
-559.118 -0.00273226
-559.118 -0.00273226
-555.11 -0.00266497
-555.11 -0.00266497
-551.102 -0.00259762
-551.102 -0.00259762
-547.094 -0.00253028
-547.094 -0.00253028
-543.086 -0.00246299
-543.086 -0.00246299
-539.078 -0.0023958
-539.078 -0.0023958
-535.07 -0.00232875
-535.07 -0.00232875
-531.062 -0.0022619
-531.062 -0.0022619
-527.054 -0.00219528
-527.054 -0.00219528
-523.046 -0.00212895
-523.046 -0.00212895
-519.038 -0.00206293
-519.038 -0.00206293
-515.03 -0.00199728
-515.03 -0.00199728
-511.022 -0.00193202
-511.022 -0.00193202
-507.014 -0.0018672
-507.014 -0.0018672
-503.006 -0.00180285
-503.006 -0.00180285
-498.998 -0.001739
-498.998 -0.001739
-494.99 -0.0016757
-494.99 -0.0016757
-490.982 -0.00161296
-490.982 -0.00161296
-486.974 -0.00155081
-486.974 -0.00155081
-482.966 -0.00148929
-482.966 -0.00148929
-478.958 -0.00142843
-478.958 -0.00142843
-474.95 -0.00136823
-474.95 -0.00136823
-470.942 -0.00130874
-470.942 -0.00130874
-466.934 -0.00124996
-466.934 -0.00124996
-462.926 -0.00119192
-462.926 -0.00119192
-458.918 -0.00113465
-458.918 -0.00113465
-454.91 -0.00107815
-454.91 -0.00107815
-450.902 -0.00102244
-450.902 -0.00102244
-446.894 -0.000967535
-446.894 -0.000967535
-442.886 -0.000913453
-442.886 -0.000913453
-438.878 -0.000860204
-438.878 -0.000860204
-434.87 -0.000807798
-434.87 -0.000807798
-430.862 -0.000756244
-430.862 -0.000756244
-426.854 -0.000705553
-426.854 -0.000705553
-422.846 -0.00065573
-422.846 -0.00065573
-418.838 -0.000606783
-418.838 -0.000606783
-414.83 -0.000558716
-414.83 -0.000558716
-410.822 -0.000511534
-410.822 -0.000511534
-406.814 -0.00046524
-406.814 -0.00046524
-402.806 -0.000419837
-402.806 -0.000419837
-398.798 -0.000375325
-398.798 -0.000375325
-394.79 -0.000331705
-394.79 -0.000331705
-390.782 -0.000288977
-390.782 -0.000288977
-386.774 -0.000247139
-386.774 -0.000247139
-382.766 -0.00020619
-382.766 -0.00020619
-378.758 -0.000166127
-378.758 -0.000166127
-374.749 -0.000126947
-374.749 -0.000126947
-370.741 -8.86453e-05
-370.741 -8.86453e-05
-366.733 -5.12174e-05
-366.733 -5.12174e-05
-362.725 -1.46583e-05
-362.725 -1.46583e-05
-358.717 2.10382e-05
-358.717 2.10382e-05
-354.709 5.58782e-05
-354.709 5.58782e-05
-350.701 8.98686e-05
-350.701 8.98686e-05
-346.693 0.000123017
-346.693 0.000123017
-342.685 0.000155331
-342.685 0.000155331
-338.677 0.000186819
-338.677 0.000186819
-334.669 0.000217489
-334.669 0.000217489
-330.661 0.00024735
-330.661 0.00024735
-326.653 0.000276413
-326.653 0.000276413
-322.645 0.000304685
-322.645 0.000304685
-318.637 0.000332178
-318.637 0.000332178
-314.629 0.000358901
-314.629 0.000358901
-310.621 0.000384865
-310.621 0.000384865
-306.613 0.000410079
-306.613 0.000410079
-302.605 0.000434556
-302.605 0.000434556
-298.597 0.000458306
-298.597 0.000458306
-294.589 0.00048134
-294.589 0.00048134
-290.581 0.000503669
-290.581 0.000503669
-286.573 0.000525304
-286.573 0.000525304
-282.565 0.000546258
-282.565 0.000546258
-278.557 0.000566541
-278.557 0.000566541
-274.549 0.000586165
-274.549 0.000586165
-270.541 0.000605142
-270.541 0.000605142
-266.533 0.000623483
-266.533 0.000623483
-262.525 0.000641199
-262.525 0.000641199
-258.517 0.000658304
-258.517 0.000658304
-254.509 0.000674807
-254.509 0.000674807
-250.501 0.000690722
-250.501 0.000690722
-246.493 0.000706059
-246.493 0.000706059
-242.485 0.00072083
-242.485 0.00072083
-238.477 0.000735046
-238.477 0.000735046
-234.469 0.000748719
-234.469 0.000748719
-230.461 0.000761861
-230.461 0.000761861
-226.453 0.000774482
-226.453 0.000774482
-222.445 0.000786594
-222.445 0.000786594
-218.437 0.000798208
-218.437 0.000798208
-214.429 0.000809335
-214.429 0.000809335
-210.421 0.000819985
-210.421 0.000819985
-206.413 0.000830171
-206.413 0.000830171
-202.405 0.000839902
-202.405 0.000839902
-198.397 0.000849188
-198.397 0.000849188
-194.389 0.000858041
-194.389 0.000858041
-190.381 0.000866471
-190.381 0.000866471
-186.373 0.000874488
-186.373 0.000874488
-182.365 0.000882101
-182.365 0.000882101
-178.357 0.000889321
-178.357 0.000889321
-174.349 0.000896158
-174.349 0.000896158
-170.341 0.000902621
-170.341 0.000902621
-166.333 0.00090872
-166.333 0.00090872
-162.325 0.000914464
-162.325 0.000914464
-158.317 0.000919861
-158.317 0.000919861
-154.309 0.000924923
-154.309 0.000924923
-150.301 0.000929656
-150.301 0.000929656
-146.293 0.00093407
-146.293 0.00093407
-142.285 0.000938173
-142.285 0.000938173
-138.277 0.000941974
-138.277 0.000941974
-134.269 0.000945482
-134.269 0.000945482
-130.261 0.000948703
-130.261 0.000948703
-126.253 0.000951647
-126.253 0.000951647
-122.244 0.000954321
-122.244 0.000954321
-118.236 0.000956732
-118.236 0.000956732
-114.228 0.000958888
-114.228 0.000958888
-110.22 0.000960797
-110.22 0.000960797
-106.212 0.000962466
-106.212 0.000962466
-102.204 0.000963902
-102.204 0.000963902
-98.1964 0.000965111
-98.1964 0.000965111
-94.1884 0.000966101
-94.1884 0.000966101
-90.1804 0.000966878
-90.1804 0.000966878
-86.1723 0.000967449
-86.1723 0.000967449
-82.1643 0.00096782
-82.1643 0.00096782
-78.1563 0.000967997
-78.1563 0.000967997
-74.1483 0.000967986
-74.1483 0.000967986
-70.1403 0.000967794
-70.1403 0.000967794
-66.1323 0.000967425
-66.1323 0.000967425
-62.1242 0.000966886
-62.1242 0.000966886
-58.1162 0.000966183
-58.1162 0.000966183
-54.1082 0.00096532
-54.1082 0.00096532
-50.1002 0.000964303
-50.1002 0.000964303
-46.0922 0.000963137
-46.0922 0.000963137
-42.0842 0.000961828
-42.0842 0.000961828
-38.0762 0.000960379
-38.0762 0.000960379
-34.0681 0.000958796
-34.0681 0.000958796
-30.0601 0.000957084
-30.0601 0.000957084
-26.0521 0.000955247
-26.0521 0.000955247
-22.0441 0.000953289
-22.0441 0.000953289
-18.0361 0.000951216
-18.0361 0.000951216
-14.0281 0.00094903
-14.0281 0.00094903
-10.02 0.000946737
-10.02 0.000946737
-6.01202 0.00094434
-6.01202 0.00094434
-2.00401 0.000941843
-2.00401 0.000941843
2.00401 0.00093925
2.00401 0.00093925
6.01202 0.000936565
6.01202 0.000936565
10.02 0.000933791
10.02 0.000933791
14.0281 0.000930932
14.0281 0.000930932
18.0361 0.000927992
18.0361 0.000927992
22.0441 0.000924972
22.0441 0.000924972
26.0521 0.000921878
26.0521 0.000921878
30.0601 0.000918712
30.0601 0.000918712
34.0681 0.000915477
34.0681 0.000915477
38.0762 0.000912176
38.0762 0.000912176
42.0842 0.000908812
42.0842 0.000908812
46.0922 0.000905388
46.0922 0.000905388
50.1002 0.000901906
50.1002 0.000901906
54.1082 0.00089837
54.1082 0.00089837
58.1162 0.000894781
58.1162 0.000894781
62.1242 0.000891143
62.1242 0.000891143
66.1323 0.000887457
66.1323 0.000887457
70.1403 0.000883727
70.1403 0.000883727
74.1483 0.000879954
74.1483 0.000879954
78.1563 0.000876141
78.1563 0.000876141
82.1643 0.00087229
82.1643 0.00087229
86.1723 0.000868403
86.1723 0.000868403
90.1804 0.000864482
90.1804 0.000864482
94.1884 0.00086053
94.1884 0.00086053
98.1964 0.000856547
98.1964 0.000856547
102.204 0.000852536
102.204 0.000852536
106.212 0.000848499
106.212 0.000848499
110.22 0.000844437
110.22 0.000844437
114.228 0.000840352
114.228 0.000840352
118.236 0.000836247
118.236 0.000836247
122.244 0.000832121
122.244 0.000832121
126.253 0.000827978
126.253 0.000827978
130.261 0.000823818
130.261 0.000823818
134.269 0.000819644
134.269 0.000819644
138.277 0.000815455
138.277 0.000815455
142.285 0.000811255
142.285 0.000811255
146.293 0.000807043
146.293 0.000807043
150.301 0.000802822
150.301 0.000802822
154.309 0.000798593
154.309 0.000798593
158.317 0.000794356
158.317 0.000794356
162.325 0.000790113
162.325 0.000790113
166.333 0.000785865
166.333 0.000785865
170.341 0.000781614
170.341 0.000781614
174.349 0.00077736
174.349 0.00077736
178.357 0.000773104
178.357 0.000773104
182.365 0.000768847
182.365 0.000768847
186.373 0.00076459
186.373 0.00076459
190.381 0.000760335
190.381 0.000760335
194.389 0.000756081
194.389 0.000756081
198.397 0.00075183
198.397 0.00075183
202.405 0.000747583
202.405 0.000747583
206.413 0.00074334
206.413 0.00074334
210.421 0.000739103
210.421 0.000739103
214.429 0.000734871
214.429 0.000734871
218.437 0.000730646
218.437 0.000730646
222.445 0.000726428
222.445 0.000726428
226.453 0.000722218
226.453 0.000722218
230.461 0.000718017
230.461 0.000718017
234.469 0.000713825
234.469 0.000713825
238.477 0.000709643
238.477 0.000709643
242.485 0.000705471
242.485 0.000705471
246.493 0.00070131
246.493 0.00070131
250.501 0.000697161
250.501 0.000697161
254.509 0.000693023
254.509 0.000693023
258.517 0.000688898
258.517 0.000688898
262.525 0.000684786
262.525 0.000684786
266.533 0.000680686
266.533 0.000680686
270.541 0.000676601
270.541 0.000676601
274.549 0.00067253
274.549 0.00067253
278.557 0.000668473
278.557 0.000668473
282.565 0.000664431
282.565 0.000664431
286.573 0.000660404
286.573 0.000660404
290.581 0.000656393
290.581 0.000656393
294.589 0.000652397
294.589 0.000652397
298.597 0.000648418
298.597 0.000648418
302.605 0.000644455
302.605 0.000644455
306.613 0.000640509
306.613 0.000640509
310.621 0.00063658
310.621 0.00063658
314.629 0.000632669
314.629 0.000632669
318.637 0.000628774
318.637 0.000628774
322.645 0.000624898
322.645 0.000624898
326.653 0.000621039
326.653 0.000621039
330.661 0.000617199
330.661 0.000617199
334.669 0.000613376
334.669 0.000613376
338.677 0.000609573
338.677 0.000609573
342.685 0.000605788
342.685 0.000605788
346.693 0.000602022
346.693 0.000602022
350.701 0.000598274
350.701 0.000598274
354.709 0.000594546
354.709 0.000594546
358.717 0.000590837
358.717 0.000590837
362.725 0.000587148
362.725 0.000587148
366.733 0.000583478
366.733 0.000583478
370.741 0.000579827
370.741 0.000579827
374.749 0.000576196
374.749 0.000576196
378.758 0.000572585
378.758 0.000572585
382.766 0.000568994
382.766 0.000568994
386.774 0.000565422
386.774 0.000565422
390.782 0.000561871
390.782 0.000561871
394.79 0.00055834
394.79 0.00055834
398.798 0.000554828
398.798 0.000554828
402.806 0.000551337
402.806 0.000551337
406.814 0.000547866
406.814 0.000547866
410.822 0.000544415
410.822 0.000544415
414.83 0.000540984
414.83 0.000540984
418.838 0.000537574
418.838 0.000537574
422.846 0.000534184
422.846 0.000534184
426.854 0.000530814
426.854 0.000530814
430.862 0.000527464
430.862 0.000527464
434.87 0.000524135
434.87 0.000524135
438.878 0.000520826
438.878 0.000520826
442.886 0.000517537
442.886 0.000517537
446.894 0.000514268
446.894 0.000514268
450.902 0.00051102
450.902 0.00051102
454.91 0.000507791
454.91 0.000507791
458.918 0.000504583
458.918 0.000504583
462.926 0.000501395
462.926 0.000501395
466.934 0.000498227
466.934 0.000498227
470.942 0.00049508
470.942 0.00049508
474.95 0.000491952
474.95 0.000491952
478.958 0.000488844
478.958 0.000488844
482.966 0.000485756
482.966 0.000485756
486.974 0.000482688
486.974 0.000482688
490.982 0.00047964
490.982 0.00047964
494.99 0.000476612
494.99 0.000476612
498.998 0.000473603
498.998 0.000473603
503.006 0.000470614
503.006 0.000470614
507.014 0.000467645
507.014 0.000467645
511.022 0.000464695
511.022 0.000464695
515.03 0.000461764
515.03 0.000461764
519.038 0.000458853
519.038 0.000458853
523.046 0.000455962
523.046 0.000455962
527.054 0.000453089
527.054 0.000453089
531.062 0.000450236
531.062 0.000450236
535.07 0.000447402
535.07 0.000447402
539.078 0.000444586
539.078 0.000444586
543.086 0.00044179
543.086 0.00044179
547.094 0.000439013
547.094 0.000439013
551.102 0.000436254
551.102 0.000436254
555.11 0.000433514
555.11 0.000433514
559.118 0.000430793
559.118 0.000430793
563.126 0.00042809
563.126 0.00042809
567.134 0.000425406
567.134 0.000425406
571.142 0.00042274
571.142 0.00042274
575.15 0.000420092
575.15 0.000420092
579.158 0.000417462
579.158 0.000417462
583.166 0.000414851
583.166 0.000414851
587.174 0.000412257
587.174 0.000412257
591.182 0.000409681
591.182 0.000409681
595.19 0.000407123
595.19 0.000407123
599.198 0.000404583
599.198 0.000404583
603.206 0.00040206
603.206 0.00040206
607.214 0.000399555
607.214 0.000399555
611.222 0.000397067
611.222 0.000397067
615.23 0.000394597
615.23 0.000394597
619.238 0.000392143
619.238 0.000392143
623.246 0.000389707
623.246 0.000389707
627.255 0.000387288
627.255 0.000387288
631.263 0.000384886
631.263 0.000384886
635.271 0.0003825
635.271 0.0003825
639.279 0.000380131
639.279 0.000380131
643.287 0.000377779
643.287 0.000377779
647.295 0.000375443
647.295 0.000375443
651.303 0.000373124
651.303 0.000373124
655.311 0.000370821
655.311 0.000370821
659.319 0.000368534
659.319 0.000368534
663.327 0.000366263
663.327 0.000366263
667.335 0.000364008
667.335 0.000364008
671.343 0.000361769
671.343 0.000361769
675.351 0.000359546
675.351 0.000359546
679.359 0.000357338
679.359 0.000357338
683.367 0.000355147
683.367 0.000355147
687.375 0.00035297
687.375 0.00035297
691.383 0.000350809
691.383 0.000350809
695.391 0.000348663
695.391 0.000348663
699.399 0.000346533
699.399 0.000346533
703.407 0.000344417
703.407 0.000344417
707.415 0.000342317
707.415 0.000342317
711.423 0.000340231
711.423 0.000340231
715.431 0.00033816
715.431 0.00033816
719.439 0.000336104
719.439 0.000336104
723.447 0.000334062
723.447 0.000334062
727.455 0.000332035
727.455 0.000332035
731.463 0.000330023
731.463 0.000330023
735.471 0.000328024
735.471 0.000328024
739.479 0.00032604
739.479 0.00032604
743.487 0.000324069
743.487 0.000324069
747.495 0.000322113
747.495 0.000322113
751.503 0.000320171
751.503 0.000320171
755.511 0.000318242
755.511 0.000318242
759.519 0.000316327
759.519 0.000316327
763.527 0.000314426
763.527 0.000314426
767.535 0.000312538
767.535 0.000312538
771.543 0.000310664
771.543 0.000310664
775.551 0.000308803
775.551 0.000308803
779.559 0.000306955
779.559 0.000306955
783.567 0.00030512
783.567 0.00030512
787.575 0.000303298
787.575 0.000303298
791.583 0.000301489
791.583 0.000301489
795.591 0.000299693
795.591 0.000299693
799.599 0.00029791
799.599 0.00029791
803.607 0.000296139
803.607 0.000296139
807.615 0.000294381
807.615 0.000294381
811.623 0.000292635
811.623 0.000292635
815.631 0.000290902
815.631 0.000290902
819.639 0.000289181
819.639 0.000289181
823.647 0.000287472
823.647 0.000287472
827.655 0.000285775
827.655 0.000285775
831.663 0.000284091
831.663 0.000284091
835.671 0.000282418
835.671 0.000282418
839.679 0.000280757
839.679 0.000280757
843.687 0.000279108
843.687 0.000279108
847.695 0.00027747
847.695 0.00027747
851.703 0.000275844
851.703 0.000275844
855.711 0.00027423
855.711 0.00027423
859.719 0.000272626
859.719 0.000272626
863.727 0.000271035
863.727 0.000271035
867.735 0.000269454
867.735 0.000269454
871.743 0.000267885
871.743 0.000267885
875.752 0.000266326
875.752 0.000266326
879.76 0.000264779
879.76 0.000264779
883.768 0.000263242
883.768 0.000263242
887.776 0.000261716
887.776 0.000261716
891.784 0.000260201
891.784 0.000260201
895.792 0.000258697
895.792 0.000258697
899.8 0.000257203
899.8 0.000257203
903.808 0.00025572
903.808 0.00025572
907.816 0.000254247
907.816 0.000254247
911.824 0.000252785
911.824 0.000252785
915.832 0.000251332
915.832 0.000251332
919.84 0.00024989
919.84 0.00024989
923.848 0.000248458
923.848 0.000248458
927.856 0.000247036
927.856 0.000247036
931.864 0.000245624
931.864 0.000245624
935.872 0.000244222
935.872 0.000244222
939.88 0.000242829
939.88 0.000242829
943.888 0.000241447
943.888 0.000241447
947.896 0.000240074
947.896 0.000240074
951.904 0.00023871
951.904 0.00023871
955.912 0.000237356
955.912 0.000237356
959.92 0.000236011
959.92 0.000236011
963.928 0.000234676
963.928 0.000234676
967.936 0.00023335
967.936 0.00023335
971.944 0.000232033
971.944 0.000232033
975.952 0.000230726
975.952 0.000230726
979.96 0.000229427
979.96 0.000229427
983.968 0.000228138
983.968 0.000228138
987.976 0.000226857
987.976 0.000226857
991.984 0.000225585
991.984 0.000225585
995.992 0.000224322
995.992 0.000224322
1000 0.000223068
1000 0.000223068
